7053689641
7053527734
7053219518
7053751867
7053758415
7053758337
7053751834
7054364081
7054364127
7053039776
7054364069
7054364341
7054183159
7054364300
7053139086
7054183195
7054183171
7054364289
7054364321
7053751894
7054183184
7054170647
7053750802
7053689025
7054173109
7054152627
7053289077
7054098103
7053750952
7053750527
7054404028
7053997622
7054098198
7053527792
7054301929
7053379721
7053914075
7053080128
7053099939
7053200546
7053940826
7054152668
7054141726
7054173049
7054098183
7054403536
7053890547
7054403464
7053227032
7054141453
7054060928
7054152649
7053099961
7054301952
7054403576
7053197680
7054399635
7054368159
7053750298
7054114654
7054300531
7054114652
7054152637
7053321989
7053289087
7052704936
7054302020
7052704532
7053577251
7053200519
7054177294
7052762752
7053302386
7054121106
7053263446
7053781458
7053931619
7053926891
7054425070
7053798981
7053768813
7054074616
7052481187
7053507866
7054075109
7054400359
7054074893
7054352384
7053688091
7052764833
7053271095
7053957868
7051154124
7052564507
7053957848
7051431574
7054419189
7053132628
7051806277
7053064136
7054425669
7052154773
7053297071
7053701964
7052130482
7053162442
7053926860
7054350889
7053688080
7053109899
7053297069
7051462391