6128533426
6128541644
6129783869
6129844167
6125035394
6126399583
6122556132
6130062436
6130168723
6128038919
6123194096
6127242726
6127246936
6129282419
6126523769
6130612350
6109143073
6126832467
6129530234
6130828414
6130785009
6129801117
6130277021
6130784973
6129405643
6130319658
6130232000
6130234996
6130231392
6130231643
6130319947
6129510425
6129510673
6129603841
6129406990
6130367053
6130231695
6130365327
6129547035
6129511142
6129547270
6129511100
6129511068
6129907855
6129906707
6130438375
6129773944
6130180915
6130204514
6130688582
6130688600
6130762225
6130786979
6130851764
6130851808
6126926917
6127323368
6130492681
6128599029
6129110008
6128485236
6128124438
6127529979
6124997302
6129922374
6130312052
6130389716
6129765198
6129771082
6129073494
6129073514
6130383384
6128001685
6129968887
6129690412
6129107796
6129690277
6130383378
6130429434
6129772613
6129942392
6130148215
6126703188
6128978013
6128793878
6129094680
6130417435
6130886275
6130886641
6130886814
6130886904
6127519128
6127060669
6123177703
6124817730
6125510134
6122120584
6123071252
6123071690
6124487594
6124709329
6125879194
6128661656
6127093183
6123179340
6125036270
6125007472
6123177307
6130145912
6130023189
6130254710
6130258049
6130944648

6129781917
6129786613
6129834686
6129855239
6129855904
6129859404
6129859498
6129867329
6129867614
6128744804
6129905548
6128753035
6128752951
6128779161
6127688292
6127859910
6130386648
6127909387
6128370501
6130385221
6127685678
6129905003
6129863440
6128333948
6128097787
6129855440
6127620081
6127620391
6127621885
6127620066
6127617354
6127620142
6127620126
6127615308
6127595055
6130255841
6130147703
6129990210
6129989059
6129986502
6130863932
6130831624
6130829419
6130705585
6130705154
6130668813
6130386600
6128800953
6128121975
6127531658
6130719996
6130705367
6130701285
6130618012
6130599148
6130388632
6130177752
6128781058
6130631417
6130683511
6127987227
6129427010
6128665395
6130684442
6129770688
6127707922
6130092561
6128747681
6129144866
6129277600
6125761481
6130422568
6130738383
6130705128
6129627004
6129500102
6129466093
6130168286
6130475611
6129499835
6130750028
6130433431
6130177726
6130216479
6129515100
6129914997
6129594707
6129508193
6130181762
6130310133
6130750979
6128031472
6130750989
6130420008
6130482676
6129248517
6129508179
6128139400
6127514957
6128653389
6126565596
6127625212
6129951876
6129989900
6129991907
6130006193
6130012235
6130011228
6130126125
6130259721
6130386074
6129221302
6124956781
6127394012
6128572044
6129666402
6128370374
6130672196
6129319658
6129319618
6128999869
6128628463
6128304214
6128045477
6125177352
6130675935
6120472780
6128706279
6124542393
6125086153
6130389161
6130388620
6126824650
6128472181
6128400580
6129386387
6129275474
6129644121
6128517008
6128723062
6126240491
6128844735
6128878903
6128565898
6122226609
6130910426
6130422917
6130863506
6130430068
6129167201
6130426845
6129168229
6130870874
6130863302
6126161855
6130430019
6130919457
6130919678
6130220793
6128759664
6127730344
6127737096
6125730267
6127923478
6128405995
6126644976
6127738438
6125731118
6128405910
6128405915
6130026540
6125763390
6128799681
6125007926
6127536466
6130184927
6120422096
6119964414
6130254637
6130710894
6128317056
6128412381
6130886918
6127645544
6130483829
6130332041
6130646072
6130207956
6122962847
6130300883
6127328244
6130212553
6130176706
6130909585
6129683721
6130132109
6130123112
6130031413
6130036156
6129900225
6129569668
6129856526
6127368569
6128048821
6126790134
6125749417
6127310062
6130646072
6129780421
6129439816
6129761526
6127917613
6126579957
6130349246
6130653789
6125886014
6130816274
6125823163
6122300051
6127099080
6130230202
6128592159
6130381544
6130344155
6129784497
6129496900
6120707585
6120748258
6124959582
6124959960
6124961216
6125292037
6126778534
6127329303
6127368118
6129489093
6130170564
6128340452
6128336089
6128842888
6130414627
6130169464
6130169390
6129567267
6128843241
6129962565
6129965895
6125416412
6130614346
6128038999
6128095212
6128777428
6128000904
6129616684

6125410849
6128778413
6130941062
6130941692
6130614761
6130744332
6130744371
6130744379
6117622761
6117623373
6130744407
6124214028
6129328312
6130539397
6127810781
6115481535
6130744389
6130744361
6130744354
6129471586
6120488123
6129054909
6129198332
6118130674
6129263361
6129224647
6129072732
6129194959
6128852982
6128408649
6126655411
6116148846
6123201525
6116289303
6129261446