6092703101
6103973350
6055639816
6122751236
6126530743
6126530649
6122752684
6121472999
6122115555
6123283595
6113085288
6113085250
6113085126
6113085209
6113085344
6113085366
6113085258
6113085352
6113085182
6120126762
6117118708
6120126619
6113085193
6123275740
6123276024
6123271009
6123271297
6123275455
6123275646
6123275988
6123270722
6123271205
6123275891
6117426796
6117426610
6117427946
6128512423
6128510974
6128475093
6081226789
6089724449
6094349587
6094374759
6097808852
6123353751
6087656357
6115766478
6115771889
6116724522
6081688107
6117008950