6130817807
6128298524
6126665966
6128981222
6129292615
6130384471
6128598056
6119742794
6125087530
6129916889
6129242951
6127127470
6125459614
6128071465
6130483296
6129244442
6130613428
6120316470
6130405673
6129685442
6118301596
6130383987
6126375227
6129050367
6128359817
6129426264
6129050346
6129614048
6129685482
6126370251
6129514532
6120057308
6119055799
6122601068
6129106061
6129969691
6123681972
6130330820
6127127970
6129106057
6129244822
6116256021
6130326898
6116104234
6128495920
6122902651
6111981586
6118322707
6116259193
6116260919
6130405667
6129050393
6130288542
6129243408
6117022131
6129003680
6130483327
6128259667
6128047017
6116258033
6123578694
6129048062
6129240887
6117536264
6130856593
6123334162
6129685465
6120057311
6123200135
6129097694
6126832384
6127732808
6119138963
6130283512
6116258165
6116254254
6120766769
6128199436
6124287210
6129700204
6128295316
6130405669
6116252084
6130419324
6119825016
6115773673
6116261214
6129862270
6116257751
6118730954
6129685450
6129107486
6115684005
6126304298
6126071823
6125511652
6116259399
6126057923
6116254900
6121753264
6126299118
6130811529
6130419215
6119809395
6122786544
6126784054
6128296741
6127127620
6116255002
6116254227
6116959729
6119808540
6129514542
6116317718
6116739748
6128718295
6130419103
6130173051
6128157845
6116254222
6119809403
6123204346
6116254479
6120520419
6129335818
6128839623
6123690058
6130420989
6116257016
6130856707
6126975616
6122600314
6123560634
6116140917
6130862728
6130375959
6129559774
6115700407
6125272449
6128108053
6126071804
6123691448
6129049088
6128072377
6130472133
6129685469
6118456298
6117021848
6119338421
6130474067
6128276041
6129662777
6128509735
6130173038
6129618931
6127127771
6117406592
6116620219
6127778733
6116543953
6127781693
6116438837
6127127740
6116258849
6122102999
6126107121
6126071834
6115642010
6117979318
6116620222
6117594798
6120862158
6123330657
6126076462
6127595392
6116837429
6116653761
6127026667
6126075393
6122950614
6127127609
6127634895
6116260935
6116587887
6130695891
6129554371
6129514527
6128194520
6128194529
6129108118
6124612365
6130330828
6126056275
6118598091
6130877390
6127128007
6127995911
6130322933
6128781263
6122101485
6128480382
6130169668
6126076472
6130814765
6116036127
6128509724
6126834369
6130474061
6116257444
6116838231
6116261210
6128034687
6123200117
6129769544
6118301544
6115690028
6130386780
6130472129
6130826718
6127127954
6129384727
6118842711
6130788604
6115700409
6125878879
6130869715
6116257859
6120765406
6127438278
6127438161
6128324565
6116257933
6116438878
6117591872
6115700413
6126307310
6115626787
6125776992
6116513778
6129161338
6118987623
6126887710
6130169704
6129242946
6115765730
6119854635
6126109273
6126316106
6124059405
6125461071
6126109269
6129502700
6128359804
6116259336
6121549677
6121027182
6118129054
6116758783
6116260870
6129317876
6118285491
6125908990
6115549634
6116857512
6122430200
6127514606
6129338662
6129290265
6130851084
6126110128
6124690865
6129243416
6119506856
6130404820
6115688048
6116195626
6129051679
6130419164
6130288626
6123332386
6130421075
6116256474
6119917696
6127944944
6128592479
6126320522
6115535374
6122251397
6129050377
6130814790
6130422765
6116621464
6130404813
6116841966
6129502704
6130302235
6119640596
6130417540
6130776526
6130422728
6129685478
6116255938
6130474057
6116260862
6116261432
6112508165
6130695628
6115723358
6130375313
6115688236
6126570437
6127477325
6130582715
6128824355
6129685459
6116858179
6126056292
6130421060
6117893312
6116255284
6123704740
6126018176
6129502707
6116579275
6120552846
6127127879
6116257180
6127438238
6129964222
6129118066
6130288614
6127127442
6126321765
6111954426
6123509696
6116258740
6125949288
6127438252
6121272400
6112505230
6130169677
6130473280
6127438264
6119684610
6129950643
6128323583
6122968903
6129503413
6130851047
6130404814
6117698606
6115686386
6116261042
6118539025
6130380519
6127386860
6127010751
6120648002
6130788610
6122121265
6128480369
6129554366
6129822047
6115529983
6130478941
6115524053
6116659286
6129680547
6130814688
6130474046
6129500666
6122101478
6129700275
6126887898
6129107480
6114366882
6127011214
6116258744
6116254485
6130422706
6130880699
6129242944
6126053332
6129099369
6129554376
6116256464
6114978947
6127127602
6128886032
6128826195
6115487189
6116254448
6115681786
6118528319
6130324221
6129769581
6126904753
6128957560
6116624754
6130345860
6130347672
6130351339
6130799085
6130799416
6130799555
6130799725
6130799880
6130807553
6130836329
6130737551
6130380641
6129890158
6130021286
6130726133
6130392132
6130726419
6130790760
6129948268
6130863635
6130206829
6130207126
6130207453
6130209185
6130211265
6130218955
6130220696
6130384905
6130823941
6130834404
6130838391
6130839732
6130840077
6130841320
6130780279
6130838952
6130866990
6130839502
6130840397
6130419508
6130421704
6130422352
6130422736
6130462959
6130463229
6130464816
6130383681
6130384306
6130384735
6130385093
6130416017
6130416221
6130302508
6130304807
6130301280
6130300494
6130342782
6130340883
6130343963
6129849966
6129859500
6129862574
6129866062
6129891824
6129907031
6129950371
6130790937
6130792870
6130875158
6128608116
6118788845
6116861183
6129042247
6129079820
6129115028
6129156945
6129157031
6129158237
6129161583
6124943345
6124942985
6124984171
6130512961
6126113452
6108512619
6108588437
6130593282
6130593532
6129478108
6117482724
6112879001
6126339982
6129598103
6129596480
6129596202
6130751298
6117483933
6129569707
6129643668
6115784001
6111729146
