6124104721
6099906529
6125302284
6111773347
6115842500
6123137099
6122071549
6106632807
6105422126
6110971903
6104037509
6120884765
6094090150
6089655585
6104884836
6100347784
6111771144
6101420485
6102493363
6130233290
6124686967
6125852946
6114545893
6110286446
6104029418
6118410878
6098669809
6118755122
6118411020
6097936047
6108555553
6090755161
6089657801
6123809401
6105791702
6103219922
6129545803
6098111139
6089655700
6123309420
6100983149
6114684019
6130514196
6093785766
6101991264
6128859566
6129112633
6104073238
6089657053
6089657846
6089656813
6089656271
6100764449
6096009128
6118513239
6096126338
6129725604
6129725748
6094217654
6116727731
6101991289
6103653739
6119148983
6090756791
6119555079
6096756075
6103743201
6106576673
6114683758
6125853585
6128523097
6111773361
6114117408
6098040080
6101752676
6124312055
6116929855
6126124131
6130011442
6101991285
6100983722
6115559033
6102546802
6129112239
6096440146
6103426631
6089655309
6115624499
6112806040
6119950127
6119947873
6130275700
6115804730
6125736222
6101991277
6098236512
6125736179
6119950096
6125736329
6105039038
6125352962
6121045135
6106253964
6124201981
6120392936
6125341171
6123912730
6124727598
6095330764
6129874103
6124201999
6123524465
6127629666
6129872868
6120392323
6124726206
6122194521
6081478811
6119695216
6128652211
6128652167
6109006517
6112134960
6125340947
6123912317
6128652188
6123910959
6113837080
6112756245
6129593986
6108229931
6111919036
6125341897
6118152734
6103221845
6127216324
6129110304
6124764185
6120509980
6129267525
6120299241
6106100316
6110265553
6123487073
6109333923
6122194503
6129267504
6120392785
6124251888
6119834278
6129672967
6123891088
6117211263
6116130852
6117919208
6130684326
6130684323
6122005645
6106373679
6126953861
6109957336
6117821769
6120444040
6124618725
6130749189
6128364008
6123438488
6123385654
6123439641
6129672481
6116132151
6115800686
6104985004
6128412452
6114795089
6114949379
6119592024
6130749191
6129185501
6110138780
6130573182
6130573185
6128128545
6127706616
6120686805
6128988012
6115440875
6122194913
6124710786
6106262659
6130573716
6128232066
6109166327
6128424922
6124616766
6130679882
6128129911
6130746122
6126113005
6130814073
6130814109
6130814133
6130814189
6130814203
6130814211
6130814273
6130814438
6130814763
6130814777
6130815357
6130815310
6130815301
6130816370
6130816376
6130816383
6130816622
6130816728
6130816792
6130816873
6130816888
6130817273
6130817280
6130817431
6130817444
6130817487
6130817493
6130817508
6130817848
6130818841
6130819046
6130819329
6130819380
6130819395
6130819402
6130819923
6130819931
6130819944
6130819966
6130819973
6130820165
6130820176
6130820184
6130820199
6130820209
6130820442
6130820457
6130820464
6130820470
6130820716
6130820725
6130820732
6130820762
6130820767
6130820781
6130822120
6130822310
6130822240
6130823429
6130823418
6130823626
6130823605
6130823744
6130823689
6130824010
6130823996
6130823979
6130823954
6130823948
6130823939
6130823933
6130823926
6130823908
6130823881
6130823867
6130823857
6130823844
6130824733
6130824663
6130824656
6130825149
6130825219
6130825227
6130825234
6130825321
6130825214
6130825537
6130825544
6130825637
6130825646
6130825655
6130825666
6130825674
6130825858
6130825892
6130825900
6130826112
6130826118
6130826123
6130826251
6130826253
6130826260
6130826264
6130826271
6130826306
6130826724
6130826821
6130826844
6130826977
6130827250
6130827512
6130827641
6130827654
6130827664
6130827713
6130827718
6130827722
6130827754
6130827758
6130828166
6130828160
6130828156
6130828130
6130828095
6130828056
6130828190
6130828211
6130828229
6130828238
6130828254
6130828261
6130828269
6130828273
6130828277
6130828279
6130828285
6130828295
6130828306
6130828313
6130828326
6130828338
6130828349
6130828354
6130828371
6130828378
6130828381
6130828385
6130828393
6130828405
6130828412
6130828426
6130828451
6130828458
6130828549
6130828556
6130828723
6130828738
6130828752
6130828768
6130828897
6130828909
6130828917
6130828922
6130828926
6130828933
6130828966
6130828981
6130828988
6130828998
6130829006
6130829021
6130829032
6130829067
6130829084
6130829092
6130829122
6130829127
6130829187
6130829193
6130829219
6130829269
6130829286
6130829301
6130829318
6130829330
6130829347
6130829366
6130829375
6130829384
6130829391
6130829473
6130829482
6130829517
6130829605
6130829509
6130829638
6130829662
6130829694
6130829627
6130829739
6127753020
6130710549
6118511963
6127628998
6129235181
6121702007
6126410946
6121698450
6127628490
6129235190
6127827217
6116077981
6121702004
6127826179
6119075072
6129508689
6129510052
6126803688
6129041248
6118513174
6127805431
6129310993
6123189066
6126085876
6126085103
6126127281
6116076518
6126085882
6126002721
6116077600
6116076400
6129080321
6126085880
6116076823
6129041263
6129041255
6118757333
6126844807
6116077142
6129510035
6129510044
6127754360
6127806358
6127002959
6127629004
6122455494
6122375809
6129040323
6129042902
6126222194
6126222183
6126222189
6126223217
6127629007
6127644249
6116076144
6116078880
6116078442
6129040331
6122450486
6129037841
6129038173
6124629496
6124444380
6124444371
6116076782
6116077233
6116076317
6116077250
6129038199
6129041247
6129042905
6127714224
6116076481
6122375805
6126554721
6126222179
6127755947
6116077616
6118791803
6125920569
6122376583
6122376578
6116078216
6116076306
6118482231
6129310995
6129311001
6127629749
6118482238
6116076606
6117323091
6126085881
6129115601
6128931906
6122548975
6127718017
6124715927
6122548983
6116076990
6128797358
