6105779023
6125279467
6128838813
6117588265
6122974063
6114680164
6122941296
6111910243
6107814908
6096742136
6121163239
6127325593
6129105857
6129103923
6125284989
6130814852
6130809107
6111908946
6124007557
6123570709
6119434637
6119237109
6124150070
6123201475
6126212623
6119237513
6119237974
6119408563
6129139574
6117477037
6123169009
6127101540
6125842059
6130741637
6128307144
6119374486
6129902737
6129904660
6130733763
6129049548
6129252036
6130737911
6129050998
6127744471
6130737322
6127749028
6130734772
6127749565
6128999917
6128546252
6128482736
6128269527
6127908646
6127378152
6127093495
6127066173
6127977114
6115093095
6115591150
6108105453
6108068939
6120428308
6117694279
6110921427
6085010214
6115520381
6130870551
6130651334
6130651740
6130652900
6130652114
6130872091
6130872784
6130872909
6130873021
6130652233
6130296244
6130296784
6130310018
6130648917
6130814329
6130810121
6129450374
6130705597
6130309362
6130865339
6112953357
6107148181
6105993969
6107784060
6120045041
6125834072
6100954466
6110542964
6119546904
6120702266

6130860682
6130878508
6130823294
6130825456
6130826162
6130827930
6130877651
6130879133
6130881408
6130880805
6115772252
6130427654
6130431010
6130484279
6130484754
6130666067
6130667259
6130690018
6121737056
6116125740
6121856077
6121851208
6121850965
6121854798
6121848150
6121850909
6121844245
6121855995
6121853384
6121850710
6121853089
6121850744
6121842442
6121854241
6121851127
6121845507
6121845329
6121849768
6121854156
6121843600
6122810274
6112698719
6128451280
6128306275
6128299812
6128300372
6126778710
6126779582
6128934404
6128545584
6126680826
6128846666
6128935786
6122448308
6128935103
6124696684
6117193542
6116308228
6122447788
6128451714
6114688840
6127336257
6128334750
6126028740
6109449842
6121285309
6129252415
6127929782
6125900841
6130306415
6106537775
6111943625
6110497119
6119550437
6127675883
6124260684
6124366231
6127580075
6103112215

6127860456
6125253568
6127857843
6122395853
6122550054
6122549930
6122548617
6125255324
6125253336
6128970907
6125264642
6128404739
6130183275
6130183313
6130182639
6129070922
6130706386
6129332983
6127985641
6130707702
6129965695
6130117737
6130118471
6130255756
6130256227
6130309256
6130706162
6130706924
6130707086
6130707636
6130817191
6129506228
6130825747
6129261426
6130875788
6130881847
6130884916
6129389662
6126889937
6125991318
6120764031
6130324428
6123781012
6130387303
6130387090
6130644826
6116407924
6116408552
6116408217
6117657299
6104352140
6102642755
6114898681
6126248527
6115827554
6127254260
6127129437
6114897566
6114905977
6130612008
6130747571
6130748179
6130887044
6130837178
6130773688
6130683872
6130228748
6130257829
6130257706
6130685163
6119268078
6119268292
6119268269
6119268381
6121771293
6122172981
6123277068
6119878545
6119880546
6119880837
6129222328
6123780498
6123779643
6122558636
6122558600
6122558597
6121735724
6119342150
6106434992
6106439376
6126656425
6123836572
6122102476
6122739221
6125794457
6124817149
6123857252
6121962293
6123887191

6125464955
6129067269
6124848052
6124843105
6127336115
6129535415
6127190600
6130340729
6127191706
6129968220
6129645387
6120965752
6128069995
6123896599
6112662479
6130771832
6111282830
6130772738
6109628424
6112206835
6128142269
6106031647
6122451640
6115049139
6110775108
6124558173
6125308692
6130528474
6126347550
6114352876
6122904325
6125100369
6122186737
6130263784
6128941557
6127783152
6122655078
6117679726
6123042073
6124211641
6126222308
6121641525
6128178187
6112354618
6107829155
6125865317
6125847403
6125847197
6066995363
6125918863
6128740855
6125845882
6125843965
6029600272
6024464312
6081722470
6073788394
6054745822
6089966221
6098891680
6098891813
6095954724
6101893636
6107000771
6107829607
6107828650
6107827665
6107830063
6109627462
6111858592
6111850176
6112355598
6112382435
6112504980
6112505376
6120064708
6116129391
6112507139
6115801959
6116492189
6116241562
6120065955
6120065244
6121112204
6121181682
6121640784
6121641710
6123493489
6125451781
6129862693
6124383199
6124029660
6126731573
6130675588
6130675725
6130916902
6130917691
6127864875
6127636290
6129651288
6130289246
6130698756
6130698463
6130698437
6130289311
6130699036
6130699182
6130699155
6130698408
6130698723
6130698664
6130698822
6130698897
6130698945
6130731058
6129226174
6129887204
6129718736
6129402472
6125505590
6126725118
6115835006
6126095593
6130909693
6124236840
6124236827
6124236815
6125505583
6104345342
6117355736
6116108944
6125509703
6125562813
6125509698
6117043185
6119094255
6119094540
6100049634
6130296742
6103558376
6125885083
6128387596
6130027028
6124701959
6129119896
6124831025
6130350970
6125998167
6126012755
6130411922
6130414889
6128256949
6129374490
6127253934
6127236196
6128337199
6129375344
6130659555
6126183744
6130689882
6112803946
6125286339
6125286322
6125290616
6125298300
6128864588
6124618224
6130541283
6130770634
6130770658
6130770744
6125736892
6125737083
6128491886
6129668966
6120107210
6120108184
6108226327
6082914829
6104444084
6094552978
6093903126
6116717160
6116717766
6130480603
6129100151
6129281152
6129573447
6122956333
6127239982
6128473817
6129631314
6130222949
6129104340
6130056546
6128999678
6126892836
6114880226
6130696928
6130696024
6130647598
6130586848
6130486639
6130419233
6130416589
6130306656
6130301187
6130293347
6130734467
6130732997
6127125301
6108947431
6128561149
6123267725
6129594157
6129581251
6129578754
6128334794
6128317941
6129178946
6128331925
6128347418
6128347084
