6127246018
6127035434
6126980336
6127994384
6126982135
6124794534
6125041840
6125796042
6126986518
6128538021
6125215666
6118739973
6128309956
6126078819
6128312181
6128552183
6128554938
6127379416
6127380030
6127381860
6128594218
6128601241
6128597332
6128599090
6128621624
6128621189
6128623835
6128624735
6128624233
6127381860
6127380030
6127379416
6128554938
6128552183
6126078819
6128312181
6128309956
6118739973
6125215666
6128491804
6128491780
6126409251
6128303437
6128302949
6128181487
6128159670
6128159731
6128714530
6128491719
6128551276
6128550948
6128369703
6128368701
6128367737
6127150855
6127151342
6127161103
6126678834
6126678652
6125515777
6121280682
6125546087
6114034514
6110474984
6107623816
6108310812
6125541203
6127980191
6099639222
6112498492
6127535743
6109642652
6126318042
6118491945
6088978779
6111486546
6123141515
6126893409
6121390638
6108309251
6110042462
6125543409
6123501988
6126896393
6110476487
6108051572
6122101239
6110937325
6126321230
6127814953
6128618242
6127832081
6127832140
6128618223
6127854458
6128590356
6127976359
6128668415
6128432822
6128072530
6128113658
6128115549
6128115786
6128116032
6128073004
6128436828
6128074083
6128359896
6128360342
6128103941
6128130879
6128134562
6125890236
6125907671
6126003765
6126003765
6127566633
6125906875
6125906875
6126510328
6127766845
6127733313
6127388279
6125837818
6125771075
6125765951
6125962102
6128541948
6123850619
6120598569
6112060113
6112234899
6121112077
6121114049
6121108888
6121777001
6127064308
6128760799
6128085899
6112803946
6118569794
6120188380
6122496084
6123077134
6124824181
6124823386
6124701959
6124831025
6125286322
6125286339
6125290616
6125298300
6125298381
6125298019
6125298962
6125998167
6126605720
6126183744
6126012755
6126907173
6127257463
6127253934
6127346160
6127346257
6127236196
6127810423
6128256949
6128337199
6128387596
6128607661
6128544843
6128543604
6128541988
6128507223
6127764716
6127764134
6127763901
6127763475
6127764499
6127764134
6127763901
6127763475
6127752639
6127752534
6127752318
6127740121
6124104817
6122393993
6114352029
6112206835
6123042073
6122381215
6112997018
6122451640
6117679726
6115049139
6112662479
6111282830
6128142269
6115039710
6110775108
6128069995
6122186737
6124558173
6125100369
6106031647
6112382435
6073788394
6112507139
6112355598
6084549881
6081722470
6125918863
6107830063
6107828650
6101892793
6095954724
6107827665
6120065244
6054745822
6116129391
6125847197
6089966221
6128740855
6126222308
6128376177
6128345342
6121641525
6128178187
6093845930
6123493489
6121087196
6103087039
6116492189
6120065955
6125865317
6125847403
6120064708
6115801959
6112354618
6024464312
6121640784
6121181682
6121103472
6098891680
6107829607
6098891813
6101893636
6111858592
6112504980
6116241562
6125845882
6121641710
6112505376
6111850176
6111849452
6125451781
6121112204
6111849729
6109627462
6107000771
6029600272
6115802419
6125843965
6128761244
6128622547
6127098575
6127095690
6127071275
6127069877
6127068494
6127066939
6127061294
6123795636
6128498669
6122062035
6110230834
6110446964
6112686336
6110571678
6112685752
6112685239
6124667468
6124618224
6127957559
6125969188
6125737083
6125736892
6125968937
6125736749
6127175486
6125968825
6128491886
6116523837
6116516476
6116672076
6116667584
6116525664
6116515567
6116522652
6128778000
6123030055
6117039495