6105579022
6095961996
6105530076
6105574880
6105584392
6119885872
6119888252
6119885600
6119888005
6119899965
6106492484
6106493788
6106492219
6111759547
6106124426
6106496212
6106493848
6106979564
6106492211
6106498619
6106713169
6105758565
6105689146
6105761106
6105688654
6105767291
6105845376
6106974470
6105846148
6105856261
6106275940
6106275940
6106276255
6106237839
6106236862
6110392562
6110302418
6105656287
6105649510
6105648318
6105566812
6105567472
6105646992
6105644018
6105578509
6118913685
6118914373
6118916581
6118915188
6118915762
6119194607
6119195311
6119194152
6106550152
6106531790
6106473129
6106472680
6106473392
6119192563
6106472170
6106474162
6106476377
6106469262
6106467233
6105986446
6105986365
6105985649
6105987149
6105981823
6119188173
6105843891
6105850440
6111746765
6105843778
6105850690
6105692914
6127396346
6105807613
6105806657
6105806549
6105652738
6107902238
6105646450
6105680973
6107901097
6105686062
6105658017
6105648072
6105649089
6105672168
6106496884
6106907856
6106121887
6106498541
6110638114
6106493405
6106496782
6106494402
6106493481
6106496466
6126789999
6126789700
6114690840
6114699983
6128210378
6128212723
6128214334
6128215907
6128258122
6128301647
6128308363
6128332081
6128333531
6128334373
6128363193
6122746068
6128368028
6128480122
6128498891
6128499165
6128500958
6128501252
6128501597
6128531677
6128537625
6128538571
6128539983
6128546786
6128547727
6128548468
6128552108
6119592295
6128574858
6128575115
6128675352
6128676250
6128677347
6128680182
6128679063
6128681502
6128682383
6128683403
6122803131
6107684703
6120392323
6127629666
6095330764
6123524465
6125120584
6113801959
6127629694
6120392936
6121045135
6118985544
6106253964
6105039038
6124764185
6096951630
6122194521
6126914402
6120299241
6123912317
6119890372
6126914381
6120509980
6123487073
6123771711
6120886104
6126547714
6127044504
6110265553
6122505166
6127216324
6098049592
6121871417
6109333923
6126914300
6113837085
6122194503
6120886162
6125340947
6109436780
6127216018
6113837080
6121694606
6109006517
6120392785
6119695216
6124726206
6112134960
6124251888
6128652167
6128652188
6127621662
6125228901
6125228835
6125783399
6127201116
6127200125
6128416118
6127169732
6125229825
6127199950
6127170192
6125784353
6125228710
6125229835
6125228940
6125230045
6125228872
6128416407
6125230921
6125230243
6101084504
6103767726
6104050150
6105020405
6105916862
6106153013
6106686133
6106802472
6107057234
6107087657
6107087900
6107519950
6107932430
6114779961
6115459522
6115459957
6115460272
6115526968
6115527748
6115936364
6116662032
6118401782
6118602175
6121593474
6121595449
6122055868
6122605487
6125101830
6125101985
6125102094
6125102505
6125102672
6125164306
6125200671
6125200921
6125201796
6125202058
6125405408
6125503417
6126888154
6126888560
6126888640
6117634740
6104985004
6106373679
6116130852
6117211263
6117821769
6117919208
6119592024
6119834278
6122005645
6123438488
6123891088
6124618720
6124618723
6124618725
6126885961
6127705058
6127760650
6128364008
6128412452
6104985004
6118494889
6123439641
6123385654
6123438488
6128364008
6127705058
6117821769
6114795089
6119592024
6110138780
6123878438
6128289602
6120686805
6128669577
6128128545
6127706616
6124650995
6119931327
6111506919
6125215497
6123187483
6110752808
6127706614
6128491251
6119596830
6122194913
6126878974
6124710786
6116132151
6123741262
6123583248
6128033576
6124743732
6127291605
6125889228
6127767294
6127767294
6125170500
6121897102
6120785236
6126521833
6125952446
6123465147
6119442097
6121901426
6125476096
6118115365
6118016438
6119208272
6128297531
6128297523
6122532261
6122532224
6122532276
6123583222
6122544605
6122544611
6122532242
6122544601
6122532295
6122932203
6120862052
6128405383
6128380145
6127730082
6126395372
6122845432
6119444927
6125952272
6118111144
6124889484
6119005788
6123505447
6127291617
6122935410
6121207945
6125880508
6122562932
6122556824
6116443725
6112783567
6112149287
6127069689
6126904052
6116443498
6110528870
6112677962
6128073955
6127400428
6128390336
6127321029
6117876789
6117872836
6123351735
6124808788
6124808337
6124806771
6123351427
6124807873
6115190998
6115364509
6115364920
6125201421
6125182071
6125214356
6121171500
6116647712
6128042073
6127248745
6123351733
6123351429
6123222290
6123256390
6117705318
6122520810
6125174755
6124765004
6122599403
6123255826
6124687672
6124415990
6124973557
6117874336
6111055233
6118283438
6117973941
6114386775
6117528139
6115190998
6128538293
6128536969
6128536733
6128536153
6128538028
6128536931
6128537144
6128537265
6128536495
6128536818
6128536974
6128536253
6128537722
6128536983
6128537726
6128536844
6128536182
6128537848
6128536933
6128536788
6128536779
6128536235
6128538243
6128536877
6128536837
6128536402
6128536400
6128538325
6128536736
6128536346
6128536260
6128536218
6128537799
6128538003
6128538022
6128536447
6128536549
6128536211
6128537194
6128537204
6128537830
6128537764
6128536584
6128536474
6128536805
6128537221
6128537290
6128537286
6128537461
6128537418
6128536165
6128537210
6128537237
6128536398
6128536809
6128537718
6128537502
6128536308
6128538139
6128537269
6128536284
6128537067
6128536214
6128537196
6128536376
6128536361
6128536232
6128536178
6128536206
6128538075
6128536948
6128538058
6128536609
6128536576
6128536580
6126975606
6126665966
6128298524
6127127478
6128599343
6128031649
6128530451
6128598056
6119742794
6125543718
6122085130
6128047005
6125087530
6128047041
6117406615
6128071465
6116653760
6127127470
6125459614
6120316470
6126375227
6118301596
6127414914
6127127970
6128359817
6126370251
6118322707
6119055799
6119138963
6122601068
6120057304
6120057308
6123681972
6119666839
6116256021
6127438161
6113380424
6120313683
6128047057
6127438278
6116104234
6128495920
6126832384
6128047017
6122902651
6119809395
6111981586
6126071832
6126057923
6128295316
6115776335
6116260919
6116259193
6119825016
6121549663
6117022131
6126861196
6128298094
6126071804
6128259667
6116258033
6128199436
6123578694
6128200055
6126071823
6119810288
6116258165
6117536264
6123334162
6120057311
6123200135
6127732808
6128296741
6126833765
6126834392
6116254254
6120766769
6119683189
6115773673
6124287210
6117594798
6116252084
6127737578
6116317718
6116261214
6128509735
6115684005
6128200918
6116257751
6118730954
6128361351
6119809403
6126304298
6128359500
6116653765
6122102999
6121753264
6116254900
6123691448
6116259399
6126307310
6126076462
6125511652
6126299118
6122786544
6126784054
6127127620
6125880076
6116959729
6127127987
6116255002
6128359824
6119808540
6116653761
6116254227
6116739748
6128071182
6128718295
6119640596
6127127609
6116255497
6128295694
6122600314
6128509724
6123204346
6116257016
6119913691
6120520419
6128194520
6116254222
6128157845
6116254479
6119165553
6126975616
6128448958
6123690058
6115700407
6122101485
6123560634
6116140917
6128194529
6125272449
6125461066
6127127740
6128276041
6116255938
6117021848
6127127526
6127781693
6128072377
6118456298
6124212494
6125461071
6119684610
6128108053
6116526490
6119338421
6117557026
6119506856
6116260935
6122430200
6116261734
6116543953
6119854635
6124059405
6119106274
6115687952
6128359804
6125459619
6127778733
6128325105
6128296732
6117406592
6125459605
6123332386
6119917696
6116620219
6128296736
6124059408
6127127771
6116438837
6116579275
6116258849
6116281257
6122834248
6128599360
6126107121
6116837429
6116660445
6117979318
6122950614
6127595392
6126075393
6120862158
6115642010
6116620222
6127634895
6128575865
6127026667
6123330657
6126071834
6111954443
6115524053
6126056292
6116587887
6117617711
6118598091
6126834369
6127986245
6127127442
6116259138
6126056275
6127128007
6126076472
6116036127
6116838231
6124612365
6116261210
6116257444
6128480382
6115490367
6128034687
6123200117
6119088614
6123592701
6118987623
6126887710
6112708434
6128324565
6127781708
6126596847
6128071176
6115690028
6118301544
6126834386
6115700409
6112708436
6127127501
6120765406
6127127954
6116438878
6126321765
6125776992
6115700413
6123592710
6116258740
6118842711
6126526494
6117591872
6116257933
6125878879
6116513778
6127127777
6115700401
6116257859
6115626787
6126307323
6126109273
6126109269
6126316106
6116260890
6115765730
6126087101
6121027182
6116259336
6118129054
6119055783
6116260870
6121549677
6127127849
6116758783
6127386856
6118285491
6125939044
6115549634
6111954426
6127127854
6125908990
6125114365
6127514606
6126110128
6116857512
6128574851
6124690865
6119339161
6126086835
6116256474
6127127981
6116841966
6115688048
6125940307
6127944944
6116621464
6116195626
6128592479
6122881249
6115535374
6126056280
6126320522
6119808534
6126570454
6126971851
6122251397
6115688070
6116260862
6116261432
6111952546
6112508165
6116257161
6115723358
6127781719
6127477325
6126570437
6128047617
6116858179
6115688236
6125510147
6128359502
6126832381
6117893312
6121272400
6116739721
6120552846
6128295309
6123986611
6112505230
6127438252
6122968903
6123704740
6127127879
6114737296
6125949288
6126018176
6116106827
6124751668
6128574849
6116257180
6126057905
6127995911
6126623929
6128295690
6127438238
6127083130
6123509696
6127438258
6128480400
6127438264
6128323583
6126531190
6116260723
6116255284
6111954437
6117698606
6115686386
6116261042
6127386860
6122519039
6118539025
6122121265
6128575212
6127010751
6126053358
6128575199
6120648002
6128480369
6115529983
6116258744
6127127602
6115487189
6127011214
6116659286
6116254448
6122101478
6114366882
6114978947
6126887898
6126832389
6111800888
6116254485
6123060837
6116256464
6125837170
6128202595
6126053332
6120233677
6128110090
6115681786
6118528319
6126904761
6126904753
6123578374
6115688007
6116739716
6116278146
6120101103
6119447524
6121020722
6117493871
6121753237
6120660610
6116992509
6115730691
6123039666
6115736176
6115719540
6127827861
6115726940
6116512675
6115718668
6127075224
6125436823
6122297600
6126254817
6127757075
6122312871
6128415674
6115716439
6115731414
6119120986
6119121002
6119120975
6123119180
6124029038
6115723606
6115735725
6115736164
6120661937
6115717656
6126552133
6127075226
6120040518
6125653766
6123163388
6115837643
6115729228
6119120830
6121500608
6128415675
6115726625
6115729788
6122767606
6128507479
6115721915
6115724982
6115719582
6128507453
6115725648
6115723583
6115722936
6128507445
6116374052
6115732441
6127075231
6115730250
6115728427
6128507409
6127499765
6123039686
6128507420
6117673406
6115733095
6115735150
6115716500
6117410035
6128507467
6128507972
6116370941
6128507460
6127501935
6128507487
6116430028
6115725636
6115732411
6128190499
6128507946
6123186685
6115734620
6127501468
6115717663
6116992515
6116992495
6115730737
6115726949
6115729799
6115725089
6119121395
6123165016
6126680556
6127558440
6115736191
6115720217
6119121403
6128676428
6115736675
6128470670
6128470672
6115731851
6119641369
6115734701
6115720249
6115716564
6115735107
6115720149
6115729811
6115723613
6115726959
6115728841
6115718625
6126886154
6115724217
6125928702
6115724954
6115731382
6115728895
6126552119
6115729271
6115732466
6121807549
6115728442
6128190496
6128190492
6121448976
6115733159
6115716526
6125938739
6121806665
6120661918
6127075227
6115731826
6121807512
6120661932
6116131032
6115726571
6128190398
6121807522
6128190400
6122921237
6127501460
6115730359
6115729267
6123421112
6115726226
6127501476
6127115408
6115728042
6127503176
6115733114
6115732305
6115719502
6128398350
6127075229
6115730676
6115721221
6121502245
6115719621
6115719572
6115733970
6123776249
6121502235
6115730726
6115725640
6115718556
6115723557
6121055834
6115736653
6119641382
6116432853
6115735096
6115735694
6127501463
6121790704
6121455858
6115726579
6115725068
6128507433
6115726968
6115729714
6115733084
6123776248
6127500698
6116721919
6115729746
6127500673
6115722887
6115728494
6123191116
6115720849
6122767623
6115731064
6121635251
6115725015
6116512668
6115722403
6127115406
6115728504
6128263822
6127827855
6123043762

6128780197
6128780243
6128780285
6128780339
6128780411
6128781258
6128781407
6128781451
6109145905
6128781858
6128782329
6128782565
6113098340
6108795485
6110719151
6128783152
6108828576
6109151322
6109052372
6108835159
6127503422
6127507205
6127502243
6127465614
6127493557
6127481205
6127503546
6127506165
6127498980
6127502497
6127478728
6127480419
6127451941
6127490321
6127505228
6127493563
6127493572
6127491018
6127489239
6127496277
6127500884
6127506296
6127503622
6127501483
6127503252
6127505909
6127453608
6127487547
6127453608
6127505109
6127484174
6127502663
6127494502
6127458679
6127476806
6127507311
6127496942
6127488211
6127494826
6127504872
6127445619
6127462988
6127487537
6127494821
6127497574
6127506065
6127466430
6127482835
6127487459
6127443021
6127503925
6127469677
6127503162
6127476703
6127503091
6127453444
6127503170
6127502829
6127502999
6127491316
6127478750
6127502506
6127498204
6127504948
6127500632
6127476197
6127495334
6127477774
6127475698
6127500873
6127501471
6127501576
6127445798
6127503095
6127503456
6127503319
6127503895
6127504755
6127503095
6127504755
6127504817
6127503895
6127453547
6127494585
6127506590
6126663361
6126644359
6126659924
6126658857
6126651079
6126646348
6126645463
6126644603
6126647377
6126655426
6126654492
6126653499
6126660476
6126641579
6126663335
6126640011
6126657295
6126661172
6126663530
6126663569
6126646127
6128331274
6126652477
6126658135
6126654929
6126646947
6128365313
6126660480
6128369375
6126640647
6126657417
6126641022
6126650944
6126651778
6126658003
6126664274
6126649920
6126641124
6126643557
6126655236
6126661053
6126650667
6126639981
6126643161
6126656128
6126662056
6126644893
6126649745
6126654593
6126644662
6126664358
6126664054
6128332676
6126654607
6126651986
6126640800
6126664244
6126639999
6126639767
6126661797
6126664266
6126661791
6126657722
6126664333
6126664331
6126660578
6126649763
6126664075
6126641561
6126660984
6128367428
6126647576
6126640376
6126655085
6126643068
6126662554
6126655804
6126663340
6126660659
6126660973
6126648863
6126640948
6126644305
6126663830
6126651169
6126656671
6126658408
6126659564
6126642993
6126652416
6126647332
6126664363
6126640393
6126639782
6126647931
6126653316
6126639884
6126649009
6126664072
6126663501
6126644207
6126664247
6126656194
6126654627
6126655907
6126661801
6126648763
6126655335
6128332642
6126644474
6126649882
6126655389
6126662014
6126655073
6126663491
6126662912
6126664018
6126655618
6126661618
6126654512
6126656324
6126648915
6126643344
6126652334
6126645296
6126655638
6126664217
6126650285
6126646328
6126660723
6126662871
6126647699
6126643402
6126646875
6126661779
6126658122
6126658673
6126639495
6126656368
6126647968
6126646934
6126663855
6126641605
6126651098
6126658579
6126641054
6126653300
6126639718
6126640680
6126661748
6126649287
6126645559
6126643050
6126646761
6126643080
6126639735
6126662437
6128332654
6126647825
6126647485
6128369345
6126654993
6128375200
6126645738
6126649966
6126656380
6126641155
6126655511
6128375228
6126645532
6126640419
6126640995
6126644846
6126646628
6126645515
6126643460
6126661762
6126661856
6126650652
6126640535
6126658185
6126660237
6126640870
6126663398
6126664398
6126661393
6128329861
6126644907
6126655215
6126640905
6126662416
6126649786
6126643541
6126660813
6126649860
6126664367
6126663324
6126651574
6126664353
6126645313
6126664403
6126661010
6126639749
6126657449
6126649219
6126655837
6126659850
6126647506
6126643220
6126650271
6126643317
6126649934
6126662960
6126640165
6126657259
6126657246
6126655440
6126646796
6126655818
6126653329
6126654038
6126646969
6126654327
6126645787
6126646679
6126649203
6126643201
6126655041
6126645751
6126646638
6126640353
6126640326
6126645332
6126659798
6126661321
6126640366
6126659080
6126640845
6126663522
6126654024
6126661766
6126656178
6126647917
6126661022
6126644645
6126639108
6126648781
6126660464
6126664395
6126646839
6126663801
6126641032
6126654971
6126651716
6126652448
6126655405
6126654555
6126651588
6126661198
6126660594
6126640177
6126639667
6126664232
6126654906
6126663343
6128365337
6126641043
6126663583
6126664028
6126655714
6126640665
6126640198
6126654650
6126652401
6126644015
6126661208
6126660465
6126653249
6126651065
6126648943
6126650928
6126640705
6126640571
6126642829
6126659657
6126662384
6126649843
6126658329
6126655188
6128371152
6126643181
6126655794
6126655644
6126639125
6126663638
6126640721
6126640919
6126653461
6126660068
6126662673
6126640440
6126664343
6126662694
6126653517
6126664410
6126643352
6126661999
6126650296
6126644385
6126644919
6126643100
6126663586
6126664386
6126649168
6126649950
6126662455
6126641005
6126658056
6126662615
6126663632
6126647902
6126646048
6126643331
6126644317
6126651798
6126643127
6126662924
6126654152
6126664206
6126642944
6126661828
6126645442
6126662075
6126655055
6126664227
6126664349
6126651634
6126643024
6126652314
6126643586
6126655013
6126651506
6126664394
6126644219
6126664328
6126663196
6126643510
6126662572
6126639698
6126649823
6126654995
6126663566
6126661739
6126650613
6126663314
6126659834
6126649342
6126661568
6128373064
6126654533
6126658563
6126664338
6126661613
6126644159
6126659813
6126660670
6126663743
6126644807
6126640556
6126646708
6126663582
6126643236
6126664372
6126652490
6126655349
6126651536
6126651682
6126645647
6126661201
6126645575
6126656295
6126660280
6126648823
6126658020
6126640826
6126664379
6126661334
6126662008
6126652006
6126664409
6126653603
6126639115
6126659957
6126660459
6126664413
6126643386
6126657436
6126646617
6126664397
6126646786
6126645388
6126640984
6126643009
6126661059
6126664408
6126657043
6128365281
6126654476
6126640973
6126660581
6126652520
6126663621
6126647783
6126651962
6126662427
6126643303
6126639968
6126658369
6126652031
6126659066
6126663590
6126661671
6126663871
6126646694
6126646771
6126653288
6126649657
6128373079
6126639065
6126658427
6126658679
6126655260
6126658780
6126664053
6126656308
6126651752
6126644773
6128371097
6126639865
6128371119
6126649899
6126656469
6126646920
6126663456
6126654770
6126661597
6126660043
6126663328
6126649976
6126657282
6126658877
6126664382
6126642957
6126647275
6126646896
6126664345
6126646300
6126639685
6126653141
6126644862
6126642979
6126644818
6126647948
6126656742
6126660327
6126651739
6126647305
6126640959
6126660572
6126644331
6126651659
6126649150
6126659819
6126654574
6126645635
6126664015
6126658168
6126661074
6126650863
6126639927
6126654950
6126640580
6126640335
6126660471
6126643039
6126644877
6126658567
6126645367
6126663167
6126655152
6126663847
6126648877
6126661585
6126659824
6126663514
6126644632
6126663851
6126645411
6126664239
6126659520
6126656847
6126660489
6126644244
6126643999
6126655596
6126649186
6126653481
6126640606
6126645266
6126661610
6126652462
6126663393
6126643574
6126650160
6126643290
6126654185
6126654170
6126657374
6126645430
6126654066
6126647744
6126645663
6126653122
6128537535
6126644830
6126658219
6126662550
6126663488
6126663611
6126644294
6126657904
6126656354
6126647816
6126643495
6126663478
6126649802
6126650586
6126664271
6126657012
6126647353
6126646816
6126643528
6126645282
6126664258
6126661308
6126644618
6128537561
6126650601
6126644425
6126655105
6126658936
6126640508
6126662702
6126660344
6126639634
6126643275
6126658154
6126640770
6126644450
6126652431
6126651616
6126654001
6126652503
6126656661
6126664294
6126640735
6126660655
6126646668
6126656335
6126639898
6126655864
6126640135
6126657363
6128331242
6126651127
6126662093
6126641523
6126641548
6126642931
6126662103
6126649256
6126660630
6126640750
6126652383
6126650843
6126660089
6126650573
6126640697
6126659804
6126663274
6126646656
6126646987
6126650535
6126643431
6126662710
6126645721
6126664405
6126640470
6126662109
6126640933
6126644787
6126256790
6121272468
6113183039
6115235813
6113741048
6116657548
6121772058
6107340504
6109848645
6115236079
6081593063
6120056547
6111273719
6123563124
6122791196
6114423722
6119272287
6087444290
6081583532
6122516931
6128588143
6087442481
6126792237
6120411150
6126955295
6126194230
6126823052
6101671849
6120870237
6104087676
6120751453
6121807897
6117477251
6104100911
6112239765
6086609879
6127012587
6107347871
6109065548
6085486281
6103082997
6126204141
6118376496
6100451028
6124796819
6126121503
6104091196
6109090936
6117986532
6081610804
6081616221
6096109987
6086560365
6088544191
6081608999
6087693398
6081616289
6094900398
6081608463
6083343555
6099862198
6088589824
6092050695
6089007561
6083343628
6087653408
6088544056
6088544151
6088641157
6088590199
6094510287
6093563211
6094117796
6084521806
6093510534
6081488485
6089747464
6094117966
6085486790
6094117857
6094511439
6097163197
6090202481
6086621998
6081583849
6087656308
6086621926
6092745872
6090202510
6087473559
6089747852
6087959432
6094900319
6089746647
6087999183
6089747321
6087475395
6090202570
6089747789
6094900291
6088570920
6087472952
6088542437
6089756951
6096110520
6092644192
6092645068
6096110544
6085486869
6093179525
6086883663
6083043184
6088548163
6087470595
6089749533
6087999416
6089749665
6128476523
6123330302
6127745660
6121275737
6126026516
6126031670
6115020443
6128479318
6128478884
6120198829
6121257037
6117084587
6124622382
6117090413
6121171968
6128478167
6120411414
6122567175
6113018842
6107349076
6122739627
6128477613
6128478338
6123553077
6119655815
6120417810
6122794263
6121279288
6120199364
6127246018
6127035434
6126980336
6127994384
6126982135
6124794534
6125041840
6125796042
6126986518
6128538021
6125215666
6118739973
6128309956
6126078819
6128312181
6128552183
6128554938
6127379416
6127380030
6127381860
6128594218
6128601241
6128597332
6128599090
6128621624
6128621189
6128623835
6128624735
6128624233
6127381860
6127380030
6127379416
6128554938
6128552183
6126078819
6128312181
6128309956
6118739973
6125215666
6128491804
6126841679
6126409251
6128303437
6128302949
6128181487
6128159670
6128159731
6128714530
6128491719
6128551276
6128550948
6128369703
6128368701
6128367737
6127150855
6127151342
6127161103
6126678834
6126678652
6125515777
6121280682
6125546087
6114034514
6110474984
6107623816
6108310812
6125541203
6127980191
6099639222
6112498492
6127535743
6109642652
6126318042
6118491945
6088978779
6111486546
6123141515
6126893409
6121390638
6108309251
6110042462
6125543409
6123501988
6126896393
6110476487
6108051572
6122101239
6110937325
6126321230
6127814953
6128618242
6127832081
6127832140
6128618223
6127854458
6128590356
6127976359
6128668415
6128432822
6128072530
6128113658
6128115549
6128115786
6128116032
6128073004
6128436828
6128074083
6128359896
6128360342
6128103941
6128130879
6128134562
6125890236
6125907671
6126003765
6126003765
6127566633
6125906875
6125906875
6126510328
6127766845
6127733313
6127388279
6125837818
6125771075
6125765951
6125962102
6128541948
6123850619
6120598569
6112060113
6112234899
6121112077
6121114049
6121108888
6121777001
6127064308
6128760799
6128085899
6112803946
6118569794
6120188380
6122496084
6123077134
6124824181
6124823386
6124701959
6124831025
6125286322
6125286339
6125290616
6125298300
6125298381
6125298019
6125298962
6125998167
6126605720
6126183744
6126012755
6126907173
6127257463
6127253934
6127346160
6127346257
6127236196
6127810423
6128256949
6128337199
6128387596
6128607661
6128544843
6128543604
6128541988
6128507223
6127764716
6127764134
6127763901
6127763475
6127764499
6127764134
6127763901
6127763475
6127752639
6127752534
6127752318
6127740121
czekamy
czekamy
czekamy
6124104817
6122393993
6114352029
6112206835
6123042073
6122381215
6112997018
6122451640
6117679726
6115049139
6112662479
6111282830
6128142269
6115039710
6110775108
6128069995
6122186737
6124558173
6125100369
6106031647
6112382435
6073788394
6112507139
6112355598
6084549881
6081722470
6125918863
6107830063
6107828650
6101892793
6095954724
6107827665
6120065244
6054745822
6116129391
6125847197
6089966221
6128740855
6126222308
6128376177
6128345342
6121641525
6128178187
6093845930
6123493489
6121087196
6103087039
6116492189
6120065955
6125865317
6125847403
6120064708
6115801959
6112354618
6024464312
6121640784
6121181682
6121103472
6098891680
6107829607
6098891813
6101893636
6111858592
6112504980
6116241562
6125845882
6121641710
6112505376
6111850176
6111849452
6125451781
6121112204
6111849729
6109627462
6107000771
6029600272
6115802419
6125843965
6128761244
6128622547
6127098575
6127095690
6127071275
6127069877
6127068494
6127066939
6127061294
6120867217
6120868704
6120869996
6125047540
6120208344
6120871084
6128160860
6116577376
6120878105
6120878760
6120878938
6120877357
6119916585
6124003111
6124089695
6127856708
6119827529
6117481523
6126978659
6126855021
6115821569
6112452584
6118128394
6102737655
6127330622
6112105030
6102637303
6124246349
6124605390
6112105290
6128305727
6119645571
6123483449
6127796951
6128540087
6128749645
6127796171
6125792497
6125805101
6125165477
6123795636
6128498669
6122062035
6110230834
6110446964
6112686336
6110571678
6112685752
6112685239
6124667468
6124618224
6127957559
6125969188
6125737083
6125736892
6125968937
6125736749
6127175486
6125968825
6128491886
6121851208
6121850909
6121843600
6121854241
6121855995
6121856077
6121848150
6121849385
6121849088
6121854798
6121853089
6121854156
6121853561
6121850965
6121850550
6121844245
6121845507
6121851127
6121850688
6121849520
6116523837
6116516476
6116672076
6116667584
6116525664
6116515567
6116522652
6128778000
6123030055
6117039495
6112698719
6128546287
6128469984
6128457368
6128451714
6122447788
6127542411
6127537371
6126854831
6126778710
6126779582
6126703319
6126636928
6125607654
6125472260
6125171816
6125001052
6122810274
6117193542
6117192194
6124707579
6115093095
6128257804
6126057395
6122431756
6127063163
6127066173
6127132084
6127136151
6127093495
6125505583
6125505590
6115835006
6116108944
6104345342
6124236827
6124236840
6125505578
6127736218
6113583687
6126217027
6119454803
6124236950
6124236815
6125505601
6125509703
6125509698
6125559366
6125559373
6125562813
6127733977
6127736228
6127733981
6127736231
6127736234
6127736248
6127769884
6127921019
6125457114
6103558376
6100049634
6126336632
6126293257
6126293256
6122644075
6119094255
6119094540
6121317786
6125885083
6125885856
6117043185
6092703101
6103973350
6055639816
6122751236
6126530743
6126530649
6122752684
6121472999
6122115555
6123283595
6113085288
6113085250
6113085126
6113085209
6113085344
6113085366
6113085258
6113085352
6113085182
6120126762
6117118708
6120126619
6113085193
6123275740
6123276024
6123271009
6123271297
6123275455
6123275646
6123275988
6123270722
6123271205
6123275891
6117426796
6117426610
6117427946
6128512423
6128510974
6128475093
6081226789
6089724449
6094349587
6094374759
6097808852
6123353751
6087656357
6115766478
6115771889
6116724522
6081688107
6117008950
6094141328
6094187564
6093880622
6106072668
6123894546
6125214279
6106488877
6100217262
6120112398
6124991223
6118285234
6103981879
6126732746
6128237352
6128233302
6128233040
6128232513
6128231709
6128231532
6128231193
6128231003
6128230817
6128230530
6128230359
6128229889
6128229684
6128421208
6128421178
6128421114
6128421084
6128421013
6128420929
6128420888
6128420873
6128420817
6128420764
6128418542
6128648998
6128649089
6128649075
6128649056
6128649041
6128649027
6128648971
6128648960
6128648926
6128648824
6128648785
6128648751
6128648657
6128648569
6128648540
6128648455
6126663631
6126661651
6127375379
6127399940
6128406968
6127096292
6124921377
6127068005
6123474966
6123475761
6124674528
6124674413
6125730472
6125615301
6128037056
6126897028
6127790543
6127790365
6128520016
6128519436
6128517917
6120488091
6121071781
6126054047
6121260023
6123875127
6121265411
6123433941
6123433097
6123407869
6125054781
6123789415
6123820885
6123840544
6124173960
6127093804
6126154236
6126157933
6126824603
6123837466
6124245226
6126970439
6128444650
6127304424
6127304424
6126833219
6126074278
6124297155
6128333208
6126788890
6127024767
6127019635
6126166619
6126171071
6124138506
6126903694
6126900973
6126780586
6128515805
6126243648
6126273160
6128514571
6125873705
6128055928
6128278557
6128278841
6128279028
6128279201
6128279355
6128279672
6128279777
6128280000
6128280047
6128280275
6128337883
6128382494
6128387423
6128389283
6128589462
6128588926
6128537519
6128499033
6128480171
6128480116
6128476118
6128476037
6128389746
6128403473
6128308952
6128309625
6128309793
6128342899
6128343603
6127420460
6128536620
6127378278
6127421857
6127398228
6127378028
6127377576
6124887124
6127190342
6127188729
6128303554
6128298645
6125204752
6120228326
6127182349
6128225742
6128226986
6128204231
6128203708
6128128699
6128128598
6128128408
6128128142
6128045359
6128045259
6124543981
6124664157
6127935352
6127921233
6127919655
6127919459
6127918238
6125320384
6127741496
6127741032
6127738192
6127737754
6127737318
6127682654
6125320265
6128305964
6128289471
6128289271
6128289108
6128289029
6128288969
6128288811
6128288664
6128288510
6128209507
6128207850
6128207127
6128206626
6128205295
6128204698
6128203192
6128190070
6128190127
6127667746
6123101896
6127528856
6127786692
6126830317
6127920099
6127101593
6127254722
6128369701
6128608409
6126200105
6123150123
6127019442
6126979664
6126971757
6128277589
6128323420
6126093569
6128572833
6127520812
6127522552
6128340452
6128340098
6128337655
6128336659
6128313478
6127368118
6127362382
6127329303
6127247284
6127233911
6126786898
6126778534
6125501819
6125292037
6124961216
6124960630
6124959960
6124959582
6121039692
6120707585
6118876658
6118886461
6127186817
6127188004
6123840739
6123840561
6123840170
6125886014
6125885817
6125757523
6122300051
6127099080
6125731332
6127290085
6127291404
6123486592
6125730379
6126388036
6126110131
6127063341
6126237495
6125843997
6122056154
6117418531
6126178534
6127617788
6126908509
6123403255
6127321492
6127320564
6127642991
6127852990
6125642775
6128106399
6128080416
6128064941
6126976105
6119275064
6126310610
6122060382
6126769641
6127664257
6124765678
6127074428
6127612024
6126681282
6114658562
6128247927
6128106413
6127069327
6124717327
6114899685
6125966190
6127414318
6126325300
6123766974
6128393656
6115352656
6127387053
6115942655
6125773778
6125831469
6128481871
6128486905
6128399601
6128071861
6128783932
6128739164
6128739122
6128396153
6128394397
6128327190
6128325638
6128302722
6128302453
6128395990
6128395438
6128397013
6128155886
6128132055
6128131992
6128131837
6128131454
6128130825
6128099239
6128099192
6128082500
6128054747
6128054398
6128054334
6127516318
6127516229
6128396943
6128396913
6128744279
6128744310
6128745589
6128746043
6128746651
6128746611
6128750032
6128750055
6128750055
6128750552
6128751183
6128751943
6128752451
6128753974
6128754268
6128755145
6128755760
6128756448
6128758764
6128763491
6128395067
6128031808
6128031640
6128261890
6128031690
6128031600
6128031770
6128031579
6128031562
6128747530
6128031736
6128739245
6128449618
6128449550
6128449492
6128449458
6128449391
6128335290
6128335247
6127935884
6127660076
6128755700
6127659972
6127659954
6127659946
6127659989
6128779037
6128591018
6128578943
6128578584
6128339196
6127997974
6127790654
6127747632
6127697495
6125763767
6128742984
6128742992
6128743035
6128743065
6128743132
6128747169
6128824685
6128824716
6128824755
6128824775
6128824798
6128824830
6128824850
6128824870
6128824925
6128513556
6128501367
6128769349
6128769454
6128769466
6128482093
6128769573
6128769667
6128769714
6128769986
6128747185
6128501711
6128431229
6128430436
6128429306
6128501619
6128431465
6128768574
6128768778
6128769054
6128477369
6120909826
6120316498
6123997979
6127938244
6122427320
6122792335
6123130847
6123871562
6123130685
6127526229
6124010336
6123192858
6123458647
6126243756
6126303361
6127032826
6125883319
6126303361
6127851372
6127938264
6128477481
6128700246
6128684066
6124784218
6126441876
6124807967
6121382144
6126521956
6121758474
6125961799
6127799915
6127593885
6127483799
6127690653
6127745397
6127745385
6124717467
6126633223
6126111404
6126372053
6128104232
6124714380
6128104236
6127300058
6125612175
6124188753
6124372124
6125882212
6122351365
6124188780
6126112130
6127060046
6125000151
6126567295
6128487462
6128033555
6125294393
6124753720
6127065596
6128090136
6126193657
6128218940
6126468631
6127037858
6125993967
6128258243
6128091176
6125764882
6125290927
6125363203
6125497287
6125846081
6126396313
6127031875
6120856184
6124612003
6125548345
6124816134
6121171796
6128600098
6128594827
6128582023
6128577494
6128574368
6128485050
6128481260
6128308514
6128302772
6128277017
6127365099
6127070399
6126832393
6126765530
6126309150
6126290207
6126053484
6126023722
6125988195
6125987810
6125749531
6124188915
6124143007
6123759571
6123086282
6120880446
6128592430
6127141240
6127986017
6128265309
6128271559
6128484482
6128576478
6127916868
6125406582
6127852634
6128310830
6128553616
6128300545
6128473293
6128499143
6124473898
6127848013
6125787484
6126387500
6126826501
6124092045
6126533770
6126212686
6126659458
6121963029
6123206985
6126212686
6127736612
6127853108
6126865158
6126870573
6126871090
6127028530
6127069755
6127070717
6126067717
6128219192
6124973799
6125165036
6125152722
6127310139
6126176727
6127305340
6123800593
6123789989
6128513915
6128517627
6124281684
6125319692
6128744668
6128580111
6123886668
6125116269
6126125284
6128402330
6125103731
6124972559
6128345160
6128185679
6127270370
6117142110
6126114253
6117144058
6127086889
6124726575
6124719672
6126892236
6125744303
6116868060
6128775593
6128747572
6128747018
6128746537
6128718221
6128689292
6128648173
6128646198
6128633469
6128633200
6128611439
6128327865
6128327468
6125550160
6125233344
6127747835
6125622160
6128282695
6122553991
6123553369
6127695873
6122731037
6127744768
6120816711
6124556935
6126873586
6126890853
6124703332
6127983621
6128098671
6122808499
6128262146
6126802684
6128442515
6127591514
6125277267
6125179684
6127685348
6128378500
6125208449
6126463976
6127594995
6127811785
6125986612
6125227878
6126288430
6127816476
6125467631
6128121799
6125510398
6127621941
6125779333
6125372075
6121840952
6121840963
6128404724
6128202230
6128098908
6127187612
6122310692
6121268495
6128255023
6126288423
6122386233
6122296799
6121878399
6120891513
6121288098
6126703085
6123156568
6122335529
6121875754
6120131342
6122913892
6122301592
6119203192
6118548415
6118508031
6118011516
6127097620
6123054038
6121874498
6120134589
6127700178
6121635176
6128097548
6128135187
6126071859
6122897877
6128695487
6128697738
6128699033
6128700326
6127914714
6127860513
6128090053
6126557681
6126255150
6126118254
6117958826
6123974184
6122876611
6122777757
6126557622
6126673471
6128744534
6125984910
6126977981
6121021504
6127485542
6125433028
6120701431
6127524975
6128667283
6128545207
6128364011
6127777434
6128131396
6128130863
6128131082
6128132447
6128542063
6128542837
6126367004
6127304666
6127574798
6127574988
6127575124
6127661231
6127661277
6127841683
6127841720
6127980074
6128787012
6128786961
6128755634
6128749870
6128748230
6128498036
6128496095
6128434644
6128434620
6128433565
6123540392
6124802102
6125135723
6125477223
6127183973
6127187116
6127186221
6127307039
6127689816
6127694216
6115103217
6118506066
6128778555
6124190123
6124496712
6124498676
6125047631
6125094544
6125764698
6125842713
6126040135
6126002488
6126472057
6126546500
6126473292
6126682613
6126727195
6128458353
6128457759
6128282925
6128282208
6128106264
6128092397
6128089789
6128014684
6127994502
6127383201
6127382617
6127381805
6126803904
6126804135
6126804310
6126806458
6126806312
6126899656
6126876085
6127191573
6127215940
6127357571
6118941064
6126666952
6128582349
6128282655
6127998423
6127695281
6127995989
6126310890
6126398290
6126469088
6126594850
6126598416
6126785568
6126806687
6127215337
6124544252
6124972433
6125347302
6125262012
6125805600
6126002851
6126068321
6126297653
6128779569
6126212507
6126044521
6126045573
6118748994
6127201391
6127540578
6128780240
6128612043
6126682610
6126804127
6126875975
6128520995
6128522721
6126546459
6126787893
6120170051
6126729406
6118744889
6124151486
6125349029
6124973082
6125804910
6125924561
6126310426
6126298037
6126787892
6127194078
6127542015
6128711248
6128281815
6128781337
6128783420
6127357596
6128787515
6128482067
6128481627
6128105564
6127212583
6127205768
6126548362
6125478601
6125793412
6125795012
6125472995
6122947972
6125867997
6126107162
6127235541
6127242706
6127242752
6127535836
6127535885
6127536574
6127619582
6127689349
6127739735
6128132956
6128447850
6128448681
6128561587
6128785728
6128785382
6128787901
6128664655
6126290360
6122165476
6120603799
6128048689
6128080746
6126149358
6125086511
6126952311
6128028509
6124949290
6122587923
6124956781
6126120213
6125118537
6124060239
6127393906
6127435537
6127435537
6127436394
6126565596
6127595055
6127595224
6127595596
6127595964
6127598623
6127615308
6127616468
6127617354
6127620066
6127620081
6127620101
6127620126
6127620142
6127620156
6127620391
6127621885
6127623360
6127783114
6127871749
6127928582
6128224217
6127204959
6127351849
6128517008
6128518036
6127204637
6128400578
6128472181
6128280544
6127204694
6125792159
6125887597
6127261462
6124472810
6124542393
6125086153
6123081288
6124474583
6126911785
6125435917
6122540729
6126117179
6127821845
6128111272
6124693594
6128227895
6128031472
6128752995
6128750769
6128106117
6119643444
6123085675
6109736957
6126658000
6126658395
6125749945
6126661399
6120511202
6125938427
6127598570
6128745230
6128745522
6128745359
6128744888
6128308576
6127992729
6127981850
6125140247
6123426552
6127607838
6127378226
6124425499
6120061233
6125847261
6128160585
6127809595
6128259652
6128259679
6128259693
6128259809
6127308983
6128259754
6128259742
6128259719
6127239216
6128780485
6123754071
6122803890
6123750050
6128333736
6128753035
6127731276
6127810066
6128325931
6125464316
6128326771
6125005805
6128323832
6128752951
6128306286
6127818772
6128745577
6128311130
6127906937
6128744804
6128778218
6123146307
6128333948
6123154313
6128308430
6125234814
6128308279
6127688292
6127685678
6127693241
6128097787
6127908657
6127909387
6127909300
6125844916
6127405838
6126572788
6127730344
6127737096
6127794078
6125209772
6126644976
6125492295
6127738438
6127728601
6124968171
6128406812
6128406223
6128405995
6128405915
6128405910
6128405899
6128258599
6128257021
6126095081
6119937822
6126064006
6123637420
6123558969
6125885841
6125884029
6127923478
6125730267
6125722245
6125731118
6128549159
6125007926
6128045034
6127070915
6125763390
6128761658
6127674668
6127856440
6124712119
6122698896
6123436045
6127086903
6123415045
6127305558
6128097113
6128675672
6127421988
6126786195
6127025396
6126309382
6128622031
6127856471
6127670989
6124418082
6123992393
6126651209
6127127287
6121557063
6120081929
6111592752
6118392643
6128758933
6124240759
6122325655
6122118832
6122747914
6121977669
6125744918
6128202252
6127732268
6128696780
6128703608
6128677722
6116249634
6123559480
6100816308
6127092194
6128129532
6126955635
6128340135
6126958718
6121173879
6128742965
6127867623
6128433431
6127577427
6127793628
6127772319
6127040430
6127067227
6127200048
6128041547
6128212638
6127038162
6126425379
6119985313
6116985973
6113191008
6119405933
6128594448
6128579565
6128578562
6127833283
6126980289
6126271014
6124520147
6124519625
6123764000
6121023638
6128514225
6128481693
6128456529
6128454689
6128454689
6127407258
6126527107
6126526643
6118195831
6128455235
6127459186
6126925338
6123862999
6127396862
6125627898
6123195152
6123192257
6120767648
6126312232
6128799557
6128799580
6128799632
6128799659
6128398453
6126678694
6127808030
6127809866
6125703126
6125747611
6125748071
6125748260
6126856425
6126856742
6126888433
6124661127
6127916563
6127923658
6127013431
6127984884
6126974481
6127990219
6126088259
6126070387
6124958282
6124957931
6126052066
6125959687
6128371827
6126144364
6128295793
6128451399
6128447089

6119820000
6122216382
6124625611
6127982158
6128097745
6125960035
6126027206
6126035261
6126025810
6126066762
6125549874
6124597412
6112261765
6126860721
6116907871
6122525890
6117724368
6125549874
6118478210
6117724368
6128544170
6128482962
6128362251
6127841949
6127774346
6127123086
6127138105
6127038256
6127037783
6126714836
6126703435
6126650278
6126636592
6126573682
6126455515
6124093712
6122042860
6117495305
6126599867
6127138539
6126247692
6126248253
6126521160
6126246771
6126194058
6128119056
6126211232
6128207880
6121817636
6125664890
6125474642
6121228253
6121423838
6122340273
6122150282
6124007652
6124189173
6124701192
6126911416
6127088562
6127309154
6127874846
6128101043
6123798969
6125166148
6125885284
6125886399
6125887376
6126109856
6126287381
6126384861
6127055795
6127098417
6127860126
6128041172
6128044774
6128041948
6128160960
6128160937
6128301981
6128386706
6128598778
6128604912
6122890673
6123838246
6124464866
6124765866
6124798788
6124942029
6125004927
6125048257
6127692125
6128078530
6124783723
6124783723
6125213368
6125504567
6126240777
6126290490
6126790560
6127127139
6127138464
6127155697
6127732238
6125613226
6127064486
6128431766
6128489894
6128673621
6127037870
6126119770
6126786326
6127308917
6127404656
6128800929
6125799055
6126068109
6126789250
6125232241
6125953608
6128156196
6127138116
6123885733
6128481858
6126720241
6125544637
6126337488
6127788562