
6124104721
6099906529
6125302284
6111773347
6115842500
6123137099
6122071549
6106632807
6105422126
6110971903
6104037509
6120884765
6094090150
6089655585
6104884836
6100347784
6111771144
6101420485
6102493363
6130233290
6124686967
6125852946
6114545893
6110286446
6104029418
6118410878
6098669809
6118755122
6118411020
6097936047
6108555553
6090755161
6089657801
6123809401
6105791702
6103219922
6129545803
6098111139
6089655700
6123309420
6100983149
6114684019
6130514196
6093785766
6101991264
6128859566
6129112633
6104073238
6089657053
6089657846
6089656813
6089656271
6100764449
6096009128
6118513239
6096126338
6129725604
6129725748
6094217654
6116727731
6101991289
6103653739
6119148983
6090756791
6119555079
6096756075
6103743201
6106576673
6114683758
6125853585
6128523097
6111773361
6114117408
6098040080
6101752676
6124312055
6116929855
6126124131
6130011442
6101991285
6100983722
6115559033
6102546802
6129112239
6096440146
6103426631
6089655309
6115624499
6112806040
6119950127
6119947873
6130275700
6115804730
6125736222
6101991277
6098236512
6125736179
6119950096
6125736329
6105039038
6125352962
6121045135
6106253964
6124201981
6120392936
6125341171
6123912730
6124727598
6095330764
6129874103
6124201999
6123524465
6127629666
6129872868
6120392323
6124726206
6122194521
6081478811
6119695216
6128652211
6128652167
6109006517
6112134960
6125340947
6123912317
6128652188
6123910959
6113837080
6112756245
6129593986
6108229931
6111919036
6125341897
6118152734
6103221845
6127216324
6129110304
6124764185
6120509980
6129267525
6120299241
6106100316
6110265553
6123487073
6109333923
6122194503
6129267504
6120392785
6124251888
6119834278
6129672967
6123891088
6117211263
6116130852
6117919208
6130684326
6130684323
6122005645
6106373679
6126953861
6109957336
6117821769
6120444040
6124618725
6130749189
6128364008
6123438488
6123385654
6123439641
6129672481
6116132151
6115800686
6104985004
6128412452
6114795089
6114949379
6119592024
6130749191
6129185501
6110138780
6130573182
6130573185
6128128545
6127706616
6120686805
6128988012
6115440875
6122194913
6124710786
6106262659
6130573716
6128232066
6109166327
6128424922
6124616766
6130679882
6128129911
6130746122
6126113005
6130814073
6130814109
6130814133
6130814189
6130814203
6130814211
6130814273
6130814438
6130814763
6130814777
6130815357
6130815310
6130815301
6130816370
6130816376
6130816383
6130816622
6130816728
6130816792
6130816873
6130816888
6130817273
6130817280
6130817431
6130817444
6130817487
6130817493
6130817508
6130817848
6130818841
6130819046
6130819329
6130819380
6130819395
6130819402
6130819923
6130819931
6130819944
6130819966
6130819973
6130820165
6130820176
6130820184
6130820199
6130820209
6130820442
6130820457
6130820464
6130820470
6130820716
6130820725
6130820732
6130820762
6130820767
6130820781
6130822120
6130822310
6130822240
6130823429
6130823418
6130823626
6130823605
6130823744
6130823689
6130824010
6130823996
6130823979
6130823954
6130823948
6130823939
6130823933
6130823926
6130823908
6130823881
6130823867
6130823857
6130823844
6130824733
6130824663
6130824656
6130825149
6130825219
6130825227
6130825234
6130825321
6130825214
6130825537
6130825544
6130825637
6130825646
6130825655
6130825666
6130825674
6130825858
6130825892
6130825900
6130826112
6130826118
6130826123
6130826251
6130826253
6130826260
6130826264
6130826271
6130826306
6130826724
6130826821
6130826844
6130826977
6130827250
6130827512
6130827641
6130827654
6130827664
6130827713
6130827718
6130827722
6130827754
6130827758
6130828166
6130828160
6130828156
6130828130
6130828095
6130828056
6130828190
6130828211
6130828229
6130828238
6130828254
6130828261
6130828269
6130828273
6130828277
6130828279
6130828285
6130828295
6130828306
6130828313
6130828326
6130828338
6130828349
6130828354
6130828371
6130828378
6130828381
6130828385
6130828393
6130828405
6130828412
6130828426
6130828451
6130828458
6130828549
6130828556
6130828723
6130828738
6130828752
6130828768
6130828897
6130828909
6130828917
6130828922
6130828926
6130828933
6130828966
6130828981
6130828988
6130828998
6130829006
6130829021
6130829032
6130829067
6130829084
6130829092
6130829122
6130829127
6130829187
6130829193
6130829219
6130829269
6130829286
6130829301
6130829318
6130829330
6130829347
6130829366
6130829375
6130829384
6130829391
6130829473
6130829482
6130829517
6130829605
6130829509
6130829638
6130829662
6130829694
6130829627
6130829739
6127753020
6130710549
6118511963
6127628998
6129235181
6121702007
6126410946
6121698450
6127628490
6129235190
6127827217
6116077981
6121702004
6127826179
6119075072
6129508689
6129510052
6126803688
6129041248
6118513174
6127805431
6129310993
6123189066
6126085876
6126085103
6126127281
6116076518
6126085882
6126002721
6116077600
6116076400
6129080321
6126085880
6116076823
6129041263
6129041255
6118757333
6126844807
6116077142
6129510035
6129510044
6127754360
6127806358
6127002959
6127629004
6122455494
6122375809
6129040323
6129042902
6126222194
6126222183
6126222189
6126223217
6127629007
6127644249
6116076144
6116078880
6116078442
6129040331
6122450486
6129037841
6129038173
6124629496
6124444380
6124444371
6116076782
6116077233
6116076317
6116077250
6129038199
6129041247
6129042905
6127714224
6116076481
6122375805
6126554721
6126222179
6127755947
6116077616
6118791803
6125920569
6122376583
6122376578
6116078216
6116076306
6118482231
6129310995
6129311001
6127629749
6118482238
6116076606
6117323091
6126085881
6129115601
6128931906
6122548975
6127718017
6124715927
6122548983
6116076990
6128797358
6130817807
6128298524
6126665966
6128981222
6129292615
6130384471
6128598056
6119742794
6125087530
6129916889
6129242951
6127127470
6125459614
6128071465
6130483296
6129244442
6130613428
6120316470
6130405673
6129685442
6118301596
6130383987
6126375227
6129050367
6128359817
6129426264
6129050346
6129614048
6129685482
6126370251
6129514532
6120057308
6119055799
6122601068
6129106061
6129969691
6123681972
6130330820
6127127970
6129106057
6129244822
6116256021
6130326898
6116104234
6128495920
6122902651
6111981586
6118322707
6116259193
6116260919
6130405667
6129050393
6130288542
6129243408
6117022131
6129003680
6130483327
6128259667
6128047017
6116258033
6123578694
6129048062
6129240887
6117536264
6130856593
6123334162
6129685465
6120057311
6123200135
6129097694
6126832384
6127732808
6119138963
6130283512
6116258165
6116254254
6120766769
6128199436
6124287210
6129700204
6128295316
6130405669
6116252084
6130419324
6119825016
6115773673
6116261214
6129862270
6116257751
6118730954
6129685450
6129107486
6115684005
6126304298
6126071823
6125511652
6116259399
6126057923
6116254900
6121753264
6126299118
6130811529
6130419215
6119809395
6122786544
6126784054
6128296741
6127127620
6116255002
6116254227
6116959729
6119808540
6129514542
6116317718
6116739748
6128718295
6130419103
6130173051
6128157845
6116254222
6119809403
6123204346
6116254479
6120520419
6129335818
6128839623
6123690058
6130420989
6116257016
6130856707
6126975616
6122600314
6123560634
6116140917
6130862728
6130375959
6129559774
6115700407
6125272449
6128108053
6126071804
6123691448
6129049088
6128072377
6130472133
6129685469
6118456298
6117021848
6119338421
6130474067
6128276041
6129662777
6128509735
6130173038
6129618931
6127127771
6117406592
6116620219
6127778733
6116543953
6127781693
6116438837
6127127740
6116258849
6122102999
6126107121
6126071834
6115642010
6117979318
6116620222
6117594798
6120862158
6123330657
6126076462
6127595392
6116837429
6116653761
6127026667
6126075393
6122950614
6127127609
6127634895
6116260935
6116587887
6130695891
6129554371
6129514527
6128194520
6128194529
6129108118
6124612365
6130330828
6126056275
6118598091
6130877390
6127128007
6127995911
6130322933
6128781263
6122101485
6128480382
6130169668
6126076472
6130814765
6116036127
6128509724
6126834369
6130474061
6116257444
6116838231
6116261210
6128034687
6123200117
6129769544
6118301544
6115690028
6130386780
6130472129
6130826718
6127127954
6129384727
6118842711
6130788604
6115700409
6125878879
6130869715
6116257859
6120765406
6127438278
6127438161
6128324565
6116257933
6116438878
6117591872
6115700413
6126307310
6115626787
6125776992
6116513778
6129161338
6118987623
6126887710
6130169704
6129242946
6115765730
6119854635
6126109273
6126316106
6124059405
6125461071
6126109269
6129502700
6128359804
6116259336
6121549677
6121027182
6118129054
6116758783
6116260870
6129317876
6118285491
6125908990
6115549634
6116857512
6122430200
6127514606
6129338662
6129290265
6130851084
6126110128
6124690865
6129243416
6119506856
6130404820
6115688048
6116195626
6129051679
6130419164
6130288626
6123332386
6130421075
6116256474
6119917696
6127944944
6128592479
6126320522
6115535374
6122251397
6129050377
6130814790
6130422765
6116621464
6130404813
6116841966
6129502704
6130302235
6119640596
6130417540
6130776526
6130422728
6129685478
6116255938
6130474057
6116260862
6116261432
6112508165
6130695628
6115723358
6130375313
6115688236
6126570437
6127477325
6130582715
6128824355
6129685459
6116858179
6126056292
6130421060
6117893312
6116255284
6123704740
6126018176
6129502707
6116579275
6120552846
6127127879
6116257180
6127438238
6129964222
6129118066
6130288614
6127127442
6126321765
6111954426
6123509696
6116258740
6125949288
6127438252
6121272400
6112505230
6130169677
6130473280
6127438264
6119684610
6129950643
6128323583
6122968903
6129503413
6130851047
6130404814
6117698606
6115686386
6116261042
6118539025
6130380519
6127386860
6127010751
6120648002
6130788610
6122121265
6128480369
6129554366
6129822047
6115529983
6130478941
6115524053
6116659286
6129680547
6130814688
6130474046
6129500666
6122101478
6129700275
6126887898
6129107480
6114366882
6127011214
6116258744
6116254485
6130422706
6130880699
6129242944
6126053332
6129099369
6129554376
6116256464
6114978947
6127127602
6128886032
6128826195
6115487189
6116254448
6115681786
6118528319
6130324221
6129769581
6126904753
6128957560
6116624754