6120170060
6130363013
6124190123
6124758527
6124498676
6124496712
6128282925
6128105389
6128014684
6127994502
6127383201
6127382617
6127381805
6127215940
6126806458
6126806312
6126804310
6127191573
6130158326
6126727195
6126804135
6126002488
6129471311
6129387308
6129271325
6129879226
6129167192
6129166773
6129012044
6128990363
6130210925
6128839538
6128833593
6128458353
6128457759
6130206026
6129801398
6129808029
6130206488
6130205178
6125924561
6130630658
6129361789
6129388026
6129271092
6129170467
6128711248
6124973082
6124972320
6126297852
6127194078
6128281815
6130400222
6130006375
6129075341
6130493663
6128830052
6130819798
6130493283
6118748994
6127998423
6127215337
6125262012
6126212507
6126044521
6126806687
6128521918
6128779569
6128780240
6128989936
6129169901
6130158502
6130158327
6130006373
6129879228
6129867144
6129807353
6129805671
6129581939
6129545551
6129896953
6129900803
6129898180
6130802935
6128520995
6124972433
6129471313
6128839534
6128833594
6130630171
6130363014
6125047110
6130206487
6129361787
6120170051
6130628777
6130801465
6129801397
6126806301
6130837770
6130497555
6130497350
6130495627
6130496615
6130178495
6127212583
6127205768
6125479000
6126548362
6127420460
6128203708
6128226986
6128128408
6127682654
6127918238
6127919459
6127919655
6127921233
6127935352
6128933785
6128933726
6128934038
6128934113
6128934224
6127664969
6125098837
6125320265
6125320384
6127182349
6127738192
6127737318
6127737754
6127188729
6127190342
6127377576
6127378278
6127398228
6127421857
6128298645
6128303554
6130947959
6130947183
6130947318
6130946955
6130947738
6130949998
6130947819
6130947917
6130946619
6130947446
6130949411
6130949717
6130949354
6130949586
6130949348
6130948536
6130946886
6130946217
6130948875
6130948974
6130887192
6130877754
6130786660
6130884470
6128973169
6129641272
6130887464
6130889150
6130889449
6130889568
6130897177
6130814825
6130814825
6130889965
6130900781
6130901287
6130901210
6130901023
6130900967
6130008941
6130009190
6130005158
6130891102
6130891224

6117534818
6129122271
6127574235
6130706151
6126987260
6129489845
6130650145
6130705889
6129500843
6118188334
6127078053
6129451555
6130471455
6127060492
6128832444
6121756154
6127078053
6129486709
6129521096
6130858905
6125399192
6116837174
6115021912
6125466442
6129261485
6128965566
6125470150
6130652321
6129689550
6130617617
6129003572
6121536262
6130174621
6123834322
6130135601
6129295232
6127911123
6126177710
6125166686
6130468675
6119165132
6130824800
6130803299
6130343969
6110939973
6127743044
6126721523
6127743065
6126721491
6130803318
6130176317
6129010063
6123327898
6130825627
6123046196
6129865959
6129857850
6129921553
6130803731
6126858821
6130480817
6129504773
6126598803
6125779749
6119218588
6106652193
6129055197
6130222344
6130737995
6130594979
6130594728
6130050661
6128880409
6130229573
6130027683
6128880397
6130229319
6128880376
6130229324
6119684192
6130803398
6121812093
6123198668
6121729398
6122575551
6127398910
6122837521
6123485861
6123857056
6130229567
6127310130
6130595062
6130216745
6130027923
6130168875
6130340216
6130211021
6130323979
6130697096
6130670191
6129716922
6128785472
6127743297
6130071551
6130206181
6130206197
6129132803
6128111919
6129219737
6129258470
6130677021
6123884772
6123884637
6129502449
6130738740
6130739746
6123635149
6125152531
6125182529
6126993031
6127832848
6128328699
6128559773
6128571217
6129071440
6123637076
6127035207
6125168234
6127832844
6129242303
6129574606
6129495137
6127855004
6129633995
6129002231
6127422774
6129956020
6130424990
6128152378
6128999069
6122975923
6130661813
6128034217
6129774894
6130294909
6130641894
6130328050
6129770186
6126645929
6129910591
6129130110
6128045084
6130473999
6128304368
6126205885
6122894031
6130427410
6122739013
6123714562
6124741383
6124744163
6124752328
6124792011
6125956990
6126894152
6127667163
6127744812
6127782935
6129909314
6129909535
6130065985
6129909470
6129909371
6130344351
6130666789
6130329351
6129793808
6129244897
6127065061
6128054669
6126978716
6124704473
6124082379
6130282842
6130612536
6123515752
6127583386
6121462099
6127078236
6129620237
6124481070
6123546104
6126302221
6129273855
6121547772
6121523528
6129083494
6127661146
6127135870
6130387768
6130767240
6128306506
6128257302
6128240197
6130387066
6130823841
6130822677
6130701573
6130829232
6129970164
6129744269
6129970243
6130701573
6130872914
6130872854
6130780196
6130780129
6130700622
6130564818
6130377830
6129924021
6130377898
6130377871
6130387154
6130432674
6127235496
6127790654
6127747632
6124918925
6121858163
6124918945
6129148919
6125755745
6130408106
6130166815
6130858930
6130858523
6130857856
6130854998
6130479157
6130406426
6130416466
6130170046
6130140101
6130140101
6130875069
6130876803
6130869609
6130800963
6130800889
6130800843
6130229849
6130800773
6130228411
6130800813
6130910760
6130504191
6129150109
6129956123
6130002937
6130905559
6130905507
6130905433
6130905399
6130905362
6130905317
6130905285
6130905236
6130905213
6130905200
6130905133
6130905103
6130905074
6130905027
6130905002
6130904968
6130904934
6130904903
6130904826
6130904792
6130904774
6130904746
6130904725
6130904698
6130904680
6130904659
6130904613
6130904583
6130904563
6130904526
6130904491
6130904429
6130904363
6130904285
6130904211
6130904142
6130904106
6130904066
6130904048
6130904003
6130903972
6130903949
6130903919
6130903852
6130903831
6130903809
6130903747
6130903661
6130903635
6130903607
6130877598
6130877578
6130877461
6130877435
6130861879
