6130820711
6130798993
6130798866
6130786446
6130785510
6130785510
6130894919
6130894915
6130894910
6130894898
6130894891
6130894876
6130878818
6130878798
6130864272
6130864184
6130864126
6130864017
6130863984
6130847688
6130847671
6130847657
6130847635
6130822659
6130822399
6130888612
6130888596
6130847764
6130847736
6130822920
6130801736
6130801704
6130801663
6130786579
6130786578
6130908299
6130894792
6130894773
6130894747
6130894720
6130863464
6130863306
6130847519
6130785597
6130785598
6130651876
6130298255
6129941488
6129400681
6129380323
6129915056
6127817785
6126647872
6130673743
6130591670
6128363354
6122067021
6128667878
6118972165
6124784218
6118972138
6121758474
6121382144
6124807967
6129431587
6129859432
6127483881
6129445064
6129253203
6129447628
6129859152
6130794100
6130173412
6130349596
6130420276
6130618819
6130618840
6130822464
6128886478
6125000151
6127060046
6130696810
6126567295
6124372124
6127060843
6127298744
6129253676
6130078100
6129719868
6130077651
6130483875
6130482170
6128115360
6124734263
6125620648
6124373282
6125612175
6130697004
6129790846
6129538937
6127300528
6127697551
6129538952
6128226478
6128226425
6128980886
6129538982
6129538514
6129375029
6126638185
6129137569
6129962982
6127938264
6127938244
6127486111
6127938222
6124839061
6123458647
6123130849
6128751675
6130731607
6127853079
6130481215
6123997979
6126303361
6127120158
6130167346
6129962847
6123871562
6129327428
6127851227
6127851208
6130871981
6125293511
6124606977
6126243756
6130472282
6129962950
6128121409
6129962926
6128485003
6127032826
6124786849
6118975300
6130282271
6122747081
6126664016
6128221930
6128033555
6129711886
6130619869
6130562390
6130135303
6129091256
6130144413
6130620250
6130820130
6128258243
6130336635
6130376703
6130134501
6130074356
6129859177
6130058835
6129366424
6129382765
6129386951
6128544170
6128482962
6126650278
6124093712
6126636592
6126703435
6126714836
6117495305
6122042860
6127123086
6119575927
6123065582
6126445275
6130044912
6124625611
6127982158
6127985684
6130324550
6125949383
6125960035
6130388052
6129243044
6126066762
6117198309
6126027206
6126025810
6126169929
6125287808
6128542881
6126200057
6130865607
6130742382
6130734944
6130674443
6126068167
6127084524
6116893772
6117724368
6118478210
6119268072
6123787831
6124414788
6130736495
6130784497
6130784820
6130310904
6123112559
6128207880
6129923699
6128119056
6124884936
6126396092
6126211232
6123786603
6123841968
6125603628
6126988781
6127732238
6127814346
6127846896
6128913657
6129010202
6129062949
6129093405
6129131191
6129249887
6129342631
6129437461
6129497633
6130670467
6130474021
6130413829
6130284100
6130238921
6130870800
6130789946
6129706784
6130184150
6130304214
6130330464
6130347030
6130408069
6130408195
6130796212
6130826148
6130906801
6123798969
6125887376
6125885284
6129343899
6126680954
6129184836
6129899968
6129368960
6129536329
6126109856
6130598618
6127064480
6130598568
6128489894
6130698748
6130608858
6129281842
6130293105
6130176783
6130847461
6127788562
6126337488
6125544637
6129504293
6129459629
6125232241
6125953608
6128481858
6128800929
6129459526
6129475529
6129854357
6129921614
6129967389
6130297504
6130297555
6130297653
6130340928
6130598292
6130598403
6130812700
6130830025
6130653857
6130653827
6128923648
6129693119
6129700417
6130416584
6130416637
6130706829
6130419344
6130800673
6130800765
6130800840
6130862140
6130861215
6130860592
6130407274
6130406911
6130406747
6130284455
6130284428
6130284250
6130170135
6130790167
6130790431
6130790737
6130791082
6129824792
6128304097
6130127008
6130849329
6129847289
6126068859
6126071010
6129826432
6129835674
6128893514
6130023542
6130026228
6130849191
6130850437
6130851873
6130853395
6130854910
6119093959
6126786811
6126058797
6119537313
6122219340
6130892443
6130892151
6130892747
6130891485
6130170135
6125802877
6127857401
6128834998
6129104797
6120259166
6128956682
6129349171
6128703144
6127436449
6130582660
6130582534
6128433055
6130643793
6130043148
6130662329
6129966441
6130461290
6127378853
6129449652
6127363165
6129257830
6129085653
6127186221
6128761976
612892586
6127574738
6128134351
6127574760
6127575124
6128096213
6128096476
6128961493
6130149171
6128096168
6127979770
6127979770
6127821975
6128742529
6130483215
6130674345
6130675523
6123026284
6129023129
6129723403
6130699763
6130152783
6130026911
6130599706
6130470492
6130734601
6130735537
6130736342
6130735879
6130736653
6128542419
6127849691
6130282622
6130830432
6130828519
6130828369
6130789007
6130473888
6130789065
6130788556
6130473869
6130473842
6118392643
6122747914
6128835800
6128978512
6128455463
6130464887
6129925686
6129214621
6129144000
6128471329
6128703608
6129060614
6128879947
6129518575
6129565689
6129566406
6129704093
6130482979
6130483643
6120081929
6129105524
6126013446
6125884404
6129103361
6130302358
6129141523
6129900709
6129005591
6129837538
6130876136
6122698896
6129087141
6129562333
6130731155
6129342250
6129782679
6130729931
6128761658
6129281283
6129520613
6124464866
6124796044
6125004927
6126265165
6128744696
6128779782
6129142541
6129243926
6129261087
6129524841
6129950539
6130470019
6129779920
6130670513
6128978168
6128979011
6128979752
6125985109
6126118315
6126524233
6130223758
6130300243
6130303212
6130307966
6125950794
6129630668
6129503917
6126118417
6129689242
6116086535
6124126092
6126367875
6124790948
6122904277
6128827954
6128829475
6130019755
6127988635
6129125233
6128120711
6126898039
6130470147
6126832143
6127255204
6128837031
6130698374
