6105579022
6095961996
6105530076
6105574880
6105584392

6119885872
6119888252
6119885600
6119888005
6119899965 

6106492484
6106493788
6106492219
6111759547
6106124426

6106496212
6106493848
6106979564
6106492211
6106498619

6106713169
6105758565
6105689146
6105761106
6105688654

6105767291
6105845376
6106974470
6105846148
6105856261

6106275940
6106275940
6106276255
6106237839
6106236862

6110392562
6110302418
6105656287
6105649510
6105648318

6105566812
6105567472
6105646992
6105644018
6105578509

6118913685
6118914373
6118916581
6118915188
6118915762

6119194607
6119195311
6119194152
6106550152
6106531790

6106473129
6106472680
6106473392
6119192563
6106472170
6106474162
6106476377
6106469262
6106467233

6105986446
6105986365
6105985649
6105987149
6105981823
6119188173

6105843891
6105850440
6111746765
6105843778
6105850690

6105692914
6127396346
6105807613
6105806657
6105806549

6105652738
6107902238
6105646450
6105680973
6107901097
6105686062
6105658017
6105648072
6105649089
6105672168

6106496884
6106907856
6106121887
6106498541
6110638114
6106493405
6106496782
6106494402
6106493481
6106496466
6126789999
6126789700
6114690840
6114699983
6128210378
6128212723
6128214334
6128215907
6128258122
6128301647
6128308363
6128332081
6128333531
6128334373
6128363193
6122746068
6128368028
6128480122
6128498891
6128499165
6128500958
6128501252
6128501597
6128531677
6128537625
6128538571
6128539983
6128546786
6128547727
6128548468
6128552108
6119592295
6128574858
6128575115
6128675352
6128676250
6128677347
6128680182
6128679063
6128681502
6128682383
6128683403
6122803131
6107684703
6120392323
6127629666
6095330764
6123524465
6125120584
6113801959
6127629694
6120392936
6121045135
6118985544
6106253964
6105039038
6124764185
6096951630
6122194521
6126914402
6120299241
6123912317
6119890372
6126914381
6120509980
6123487073
6123771711
6120886104
6126547714
6127044504
6110265553
6122505166
6127216324
6098049592
6121871417
6109333923
6126914300
6113837085
6122194503
6120886162
6125340947
6109436780
6127216018
6113837080
6121694606
6109006517
6120392785
6119695216
6124726206
6112134960
6124251888
6128652167
6128652188
6127621662
6125228901
6125228835
6125783399
6127201116
6127200125
6128416118
6127169732
6125229825
6127199950
6127170192
6125784353
6125228710
6125229835
6125228940
6125230045
6125228872
6128416407
6125230921
6125230243
6101084504
6103767726
6104050150
6105020405
6105916862
6106153013
6106686133
6106802472
6107057234
6107087657
6107087900
6107519950
6107932430
6114779961
6115459522
6115459957
6115460272
6115526968
6115527748
6115936364
6116662032
6118401782
6118602175
6121593474
6121595449
6122055868
6122605487
6125101830
6125101985
6125102094
6125102505
6125102672
6125164306
6125200671
6125200921
6125201796
6125202058
6125405408
6125503417
6126888154
6126888560
6126888640
6117634740
6104985004
6106373679
6116130852
6117211263
6117821769
6117919208
6119592024
6119834278
6122005645
6123438488
6123891088
6124618720
6124618723
6124618725
6126885961
6127705058
6127760650
6128364008
6128412452
6104985004
6118494889
6123439641
6123385654
6123438488
6128364008
6127705058
6117821769
6114795089
6119592024
6110138780
6123878438
6128289602
6120686805
6128669577
6128128545
6127706616
6124650995
6119931327
6111506919
6125215497
6123187483
6110752808
6127706614
6128491251
6119596830
6122194913
6126878974
6124710786
6116132151
6123741262
6123583248
6128033576
6124743732
6127291605
6125889228
6127767294
6127767294
6125170500
6121897102
6120785236
6126521833
6125952446
6123465147
6119442097
6121901426
6125476096
6118115365
6118016438
6119208272
6128297531
6128297523
6122532261
6122532224
6122532276
6123583222
6122544605
6122544611
6122532242
6122544601
6122532295
6122932203
6120862052
6128405383
6128380145
6127730082
6126395372
6122845432
6119444927
6125952272
6118111144
6124889484
6119005788
6123505447
6127291617
6122935410
6121207945
6125880508
6122562932
6122556824
6116443725
6112783567
6112149287
6127069689
6126904052
6116443498
6110528870
6112677962
6128073955
6127400428
6128390336
6127321029
6117876789
6117872836
6123351735
6124808788
6124808337
6124806771
6123351427
6124807873
6115190998
6115364509
6115364920
6125201421
6125182071
6125214356
6121171500
6116647712
6128042073
6127248745
6123351733
6123351429
6123222290
6123256390
6117705318
6122520810
6125174755
6124765004
6122599403
6123255826
6124687672
6124415990
6124973557
6117874336
6111055233
6118283438
6117973941
6114386775
6117528139
6115190998
6128538293
6128536969
6128536733
6128536153
6128538028
6128536931
6128537144
6128537265
6128536495
6128536818
6128536974
6128536253
6128537722
6128536983
6128537726
6128536844
6128536182
6128537848
6128536933
6128536788
6128536779
6128536235
6128538243
6128536877
6128536837
6128536402
6128536400
6128538325
6128536736
6128536346
6128536260
6128536218
6128537799
6128538003
6128538022
6128536447
6128536549
6128536211
6128537194
6128537204
6128537830
6128537764
6128536584
6128536474
6128536805
6128537221
6128537290
6128537286
6128537461
6128537418
6128536165
6128537210
6128537237
6128536398
6128536809
6128537718
6128537502
6128536308
6128538139
6128537269
6128536284
6128537067
6128536214
6128537196
6128536376
6128536361
6128536232
6128536178
6128536206
6128538075
6128536948
6128538058
6128536609
6128536576
6128536580
6126975606
6126665966
6128298524
6127127478
6128599343
6128031649
6128530451
6128598056
6119742794
6125543718
6122085130
6128047005
6125087530
6128047041
6117406615
6128071465
6116653760
6127127470
6125459614
6120316470
6126375227
6118301596
6127414914
6127127970
6128359817
6126370251
6118322707
6119055799
6119138963
6122601068
6120057304
6120057308
6123681972
6119666839
6116256021
6127438161
6113380424
6120313683
6128047057
6127438278
6116104234
6128495920
6126832384
6128047017
6122902651
6119809395
6111981586
6126071832
6126057923
6128295316
6115776335
6116260919
6116259193
6119825016
6121549663
6117022131
6126861196
6128298094
6126071804
6128259667
6116258033
6128199436
6123578694
6128200055
6126071823
6119810288
6116258165
6117536264
6123334162
6120057311
6123200135
6127732808
6128296741
6126833765
6126834392
6116254254
6120766769
6119683189
6115773673
6124287210
6117594798
6116252084
6127737578
6116317718
6116261214
6128509735
6115684005
6128200918
6116257751
6118730954
6128361351
6119809403
6126304298
6128359500
6116653765
6122102999
6121753264
6116254900
6123691448
6116259399
6126307310
6126076462
6125511652
6126299118
6122786544
6126784054
6127127620
6125880076
6116959729
6127127987
6116255002
6128359824
6119808540
6116653761
6116254227
6116739748
6128071182
6128718295
6119640596
6127127609
6116255497
6128295694
6122600314
6128509724
6123204346
6116257016
6119913691
6120520419
6128194520
6116254222
6128157845
6116254479
6119165553
6126975616
6128448958
6123690058
6115700407
6122101485
6123560634
6116140917
6128194529
6125272449
6125461066
6127127740
6128276041
6116255938
6117021848
6127127526
6127781693
6128072377
6118456298
6124212494
6125461071
6119684610
6128108053
6116526490
6119338421
6117557026
6119506856
6116260935
6122430200
6116261734
6116543953
6119854635
6124059405
6119106274
6115687952
6128359804
6125459619
6127778733
6128325105
6128296732
6117406592
6125459605
6123332386
6119917696
6116620219
6128296736
6124059408
6127127771
6116438837
6116579275
6116258849
6116281257
6122834248
6128599360
6126107121
6116837429
6116660445
6117979318
6122950614
6127595392
6126075393
6120862158
6115642010
6116620222
6127634895
6128575865
6127026667
6123330657
6126071834
6111954443
6115524053
6126056292
6116587887
6117617711
6118598091
6126834369
6127986245
6127127442
6116259138
6126056275
6127128007
6126076472
6116036127
6116838231
6124612365
6116261210
6116257444
6128480382
6115490367
6128034687
6123200117
6119088614
6123592701
6118987623
6126887710
6112708434
6128324565
6127781708
6126596847
6128071176
6115690028
6118301544
6126834386
6115700409
6112708436
6127127501
6120765406
6127127954
6116438878
6126321765
6125776992
6115700413
6123592710
6116258740
6118842711
6126526494
6117591872
6116257933
6125878879
6116513778
6127127777
6115700401
6116257859
6115626787
6126307323
6126109273
6126109269
6126316106
6116260890
6115765730
6126087101
6121027182
6116259336
6118129054
6119055783
6116260870
6121549677
6127127849
6116758783
6127386856
6118285491
6125939044
6115549634
6111954426
6127127854
6125908990
6125114365
6127514606
6126110128
6116857512
6128574851
6124690865
6119339161
6126086835
6116256474
6127127981
6116841966
6115688048
6125940307
6127944944
6116621464
6116195626
6128592479
6122881249
6115535374
6126056280
6126320522
6119808534
6126570454
6126971851
6122251397
6115688070
6116260862
6116261432
6111952546
6112508165
6116257161
6115723358
6127781719
6127477325
6126570437
6128047617
6116858179
6115688236
6125510147
6128359502
6126832381
6117893312
6121272400
6116739721
6120552846
6128295309
6123986611
6112505230
6127438252
6122968903
6123704740
6127127879
6114737296
6125949288
6126018176
6116106827
6124751668
6128574849
6116257180
6126057905
6127995911
6126623929
6128295690
6127438238
6127083130
6123509696
6127438258
6128480400
6127438264
6128323583
6126531190
6116260723
6116255284
6111954437
6117698606
6115686386
6116261042
6127386860
6122519039
6118539025
6122121265
6128575212
6127010751
6126053358
6128575199
6120648002
6128480369
6115529983
6116258744
6127127602
6115487189
6127011214
6116659286
6116254448
6122101478
6114366882
6114978947
6126887898
6126832389
6111800888
6116254485
6123060837
6116256464
6125837170
6128202595
6126053332
6120233677
6128110090
6115681786
6118528319
6126904761
6126904753
6123578374
6115688007
6116739716
6116278146
6120101103
6119447524
6121020722
6117493871
6121753237
6120660610
6116992509
6115730691
6123039666
6115736176
6115719540
6127827861
6115726940
6116512675
6115718668
6127075224
6125436823
6122297600
6126254817
6127757075
6122312871
6128415674
6115716439
6115731414
6119120986
6119121002
6119120975
6123119180
6124029038
6115723606
6115735725
6115736164
6120661937
6115717656
6126552133
6127075226
6120040518
6125653766
6123163388
6115837643
6115729228
6119120830
6121500608
6128415675
6115726625
6115729788
6122767606
6128507479
6115721915
6115724982
6115719582
6128507453
6115725648
6115723583
6115722936
6128507445
6116374052
6115732441
6127075231
6115730250
6115728427
6128507409
6127499765
6123039686
6128507420
6117673406
6115733095
6115735150
6115716500
6117410035
6128507467
6128507972
6116370941
6128507460
6127501935
6128507487
6116430028
6115725636
6115732411
6128190499
6128507946
6123186685
6115734620
6127501468
6115717663
6116992515
6116992495
6115730737
6115726949
6115729799
6115725089
6119121395
6123165016
6126680556
6127558440
6115736191
6115720217
6119121403
6128676428
6115736675
6128470670
6128470672
6115731851
6119641369
6115734701
6115720249
6115716564
6115735107
6115720149
6115729811
6115723613
6115726959
6115728841
6115718625
6126886154
6115724217
6125928702
6115724954
6115731382
6115728895
6126552119
6115729271
6115732466
6121807549
6115728442
6128190496
6128190492
6121448976
6115733159
6115716526
6125938739
6121806665
6120661918
6127075227
6115731826
6121807512
6120661932
6116131032
6115726571
6128190398
6121807522
6128190400
6122921237
6127501460
6115730359
6115729267
6123421112
6115726226
6127501476
6127115408
6115728042
6127503176
6115733114
6115732305
6115719502
6128398350
6127075229
6115730676
6115721221
6121502245
6115719621
6115719572
6115733970
6123776249
6121502235
6115730726
6115725640
6115718556
6115723557
6121055834
6115736653
6119641382
6116432853
6115735096
6115735694
6127501463
6121790704
6121455858
6115726579
6115725068
6128507433
6115726968
6115729714
6115733084
6123776248
6127500698
6116721919
6115729746
6127500673
6115722887
6115728494
6123191116
6115720849
6122767623
6115731064
6121635251
6115725015
6116512668
6115722403
6127115406
6115728504
6128263822
6127827855
6123043762


6128780197
6128780243
6128780285
6128780339
6128780411
6128781258
6128781407
6128781451
6109145905
6128781858
6128782329
6128782565
6113098340
6108795485
6110719151
6128783152
6108828576
6109151322
6109052372
6108835159
6127503422
6127507205
6127502243
6127465614
6127493557
6127481205
6127503546
6127506165
6127498980
6127502497
6127478728
6127480419
6127451941
6127490321
6127505228
6127493563
6127493572
6127491018
6127489239
6127496277
6127500884
6127506296
6127503622
6127501483
6127503252
6127505909
6127453608
6127487547
6127453608
6127505109
6127484174
6127502663
6127494502
6127458679
6127476806
6127507311
6127496942
6127488211
6127494826
6127504872
6127445619
6127462988
6127487537
6127494821
6127497574
6127506065
6127466430
6127482835
6127487459
6127443021
6127503925
6127469677
6127503162
6127476703
6127503091
6127453444
6127503170
6127502829
6127502999
6127491316
6127478750
6127502506
6127498204
6127504948
6127500632
6127476197
6127495334
6127477774
6127475698
6127500873
6127501471
6127501576
6127445798
6127503095
6127503456
6127503319
6127503895
6127504755
6127503095
6127504755
6127504817
6127503895
6127453547
6127494585
6127506590
6126663361
6126644359
6126659924
6126658857
6126651079
6126646348
6126645463
6126644603
6126647377
6126655426
6126654492
6126653499
6126660476
6126641579
6126663335
6126640011
6126657295
6126661172
6126663530
6126663569
6126646127
6128331274
6126652477
6126658135
6126654929
6126646947
6128365313
6126660480
6128369375
6126640647
6126657417
6126641022
6126650944
6126651778
6126658003
6126664274
6126649920
6126641124
6126643557
6126655236
6126661053
6126650667
6126639981
6126643161
6126656128
6126662056
6126644893
6126649745
6126654593
6126644662
6126664358
6126664054
6128332676
6126654607
6126651986
6126640800
6126664244
6126639999
6126639767
6126661797
6126664266
6126661791
6126657722
6126664333
6126664331
6126660578
6126649763
6126664075
6126641561
6126660984
6128367428
6126647576
6126640376
6126655085
6126643068
6126662554
6126655804
6126663340
6126660659
6126660973
6126648863
6126640948
6126644305
6126663830
6126651169
6126656671
6126658408
6126659564
6126642993
6126652416
6126647332
6126664363
6126640393
6126639782
6126647931
6126653316
6126639884
6126649009
6126664072
6126663501
6126644207
6126664247
6126656194
6126654627
6126655907
6126661801
6126648763
6126655335
6128332642
6126644474
6126649882
6126655389
6126662014
6126655073
6126663491
6126662912
6126664018
6126655618
6126661618
6126654512
6126656324
6126648915
6126643344
6126652334
6126645296
6126655638
6126664217
6126650285
6126646328
6126660723
6126662871
6126647699
6126643402
6126646875
6126661779
6126658122
6126658673
6126639495
6126656368
6126647968
6126646934
6126663855
6126641605
6126651098
6126658579
6126641054
6126653300
6126639718
6126640680
6126661748
6126649287
6126645559
6126643050
6126646761
6126643080
6126639735
6126662437
6128332654
6126647825
6126647485
6128369345
6126654993
6128375200
6126645738
6126649966
6126656380
6126641155
6126655511
6128375228
6126645532
6126640419
6126640995
6126644846
6126646628
6126645515
6126643460
6126661762
6126661856
6126650652
6126640535
6126658185
6126660237
6126640870
6126663398
6126664398
6126661393
6128329861
6126644907
6126655215
6126640905
6126662416
6126649786
6126643541
6126660813
6126649860
6126664367
6126663324
6126651574
6126664353
6126645313
6126664403
6126661010
6126639749
6126657449
6126649219
6126655837
6126659850
6126647506
6126643220
6126650271
6126643317
6126649934
6126662960
6126640165
6126657259
6126657246
6126655440
6126646796
6126655818
6126653329
6126654038
6126646969
6126654327
6126645787
6126646679
6126649203
6126643201
6126655041
6126645751
6126646638
6126640353
6126640326
6126645332
6126659798
6126661321
6126640366
6126659080
6126640845
6126663522
6126654024
6126661766
6126656178
6126647917
6126661022
6126644645
6126639108
6126648781
6126660464
6126664395
6126646839
6126663801
6126641032
6126654971
6126651716
6126652448
6126655405
6126654555
6126651588
6126661198
6126660594
6126640177
6126639667
6126664232
6126654906
6126663343
6128365337
6126641043
6126663583
6126664028
6126655714
6126640665
6126640198
6126654650
6126652401
6126644015
6126661208
6126660465
6126653249
6126651065
6126648943
6126650928
6126640705
6126640571
6126642829
6126659657
6126662384
6126649843
6126658329
6126655188
6128371152
6126643181
6126655794
6126655644
6126639125
6126663638
6126640721
6126640919
6126653461
6126660068
6126662673
6126640440
6126664343
6126662694
6126653517
6126664410
6126643352
6126661999
6126650296
6126644385
6126644919
6126643100
6126663586
6126664386
6126649168
6126649950
6126662455
6126641005
6126658056
6126662615
6126663632
6126647902
6126646048
6126643331
6126644317
6126651798
6126643127
6126662924
6126654152
6126664206
6126642944
6126661828
6126645442
6126662075
6126655055
6126664227
6126664349
6126651634
6126643024
6126652314
6126643586
6126655013
6126651506
6126664394
6126644219
6126664328
6126663196
6126643510
6126662572
6126639698
6126649823
6126654995
6126663566
6126661739
6126650613
6126663314
6126659834
6126649342
6126661568
6128373064
6126654533
6126658563
6126664338
6126661613
6126644159
6126659813
6126660670
6126663743
6126644807
6126640556
6126646708
6126663582
6126643236
6126664372
6126652490
6126655349
6126651536
6126651682
6126645647
6126661201
6126645575
6126656295
6126660280
6126648823
6126658020
6126640826
6126664379
6126661334
6126662008
6126652006
6126664409
6126653603
6126639115
6126659957
6126660459
6126664413
6126643386
6126657436
6126646617
6126664397
6126646786
6126645388
6126640984
6126643009
6126661059
6126664408
6126657043
6128365281
6126654476
6126640973
6126660581
6126652520
6126663621
6126647783
6126651962
6126662427
6126643303
6126639968
6126658369
6126652031
6126659066
6126663590
6126661671
6126663871
6126646694
6126646771
6126653288
6126649657
6128373079
6126639065
6126658427
6126658679
6126655260
6126658780
6126664053
6126656308
6126651752
6126644773
6128371097
6126639865
6128371119
6126649899
6126656469
6126646920
6126663456
6126654770
6126661597
6126660043
6126663328
6126649976
6126657282
6126658877
6126664382
6126642957
6126647275
6126646896
6126664345
6126646300
6126639685
6126653141
6126644862
6126642979
6126644818
6126647948
6126656742
6126660327
6126651739
6126647305
6126640959
6126660572
6126644331
6126651659
6126649150
6126659819
6126654574
6126645635
6126664015
6126658168
6126661074
6126650863
6126639927
6126654950
6126640580
6126640335
6126660471
6126643039
6126644877
6126658567
6126645367
6126663167
6126655152
6126663847
6126648877
6126661585
6126659824
6126663514
6126644632
6126663851
6126645411
6126664239
6126659520
6126656847
6126660489
6126644244
6126643999
6126655596
6126649186
6126653481
6126640606
6126645266
6126661610
6126652462
6126663393
6126643574
6126650160
6126643290
6126654185
6126654170
6126657374
6126645430
6126654066
6126647744
6126645663
6126653122
6128537535
6126644830
6126658219
6126662550
6126663488
6126663611
6126644294
6126657904
6126656354
6126647816
6126643495
6126663478
6126649802
6126650586
6126664271
6126657012
6126647353
6126646816
6126643528
6126645282
6126664258
6126661308
6126644618
6128537561
6126650601
6126644425
6126655105
6126658936
6126640508
6126662702
6126660344
6126639634
6126643275
6126658154
6126640770
6126644450
6126652431
6126651616
6126654001
6126652503
6126656661
6126664294
6126640735
6126660655
6126646668
6126656335
6126639898
6126655864
6126640135
6126657363
6128331242
6126651127
6126662093
6126641523
6126641548
6126642931
6126662103
6126649256
6126660630
6126640750
6126652383
6126650843
6126660089
6126650573
6126640697
6126659804
6126663274
6126646656
6126646987
6126650535
6126643431
6126662710
6126645721
6126664405
6126640470
6126662109
6126640933
6126644787
6126256790
6121272468
6113183039
6115235813
6113741048
6116657548
6121772058
6107340504
6109848645
6115236079
6081593063
6120056547
6111273719
6123563124
6122791196
6114423722
6119272287
6087444290
6081583532
6122516931
6128588143
6087442481
6126792237
6120411150
6126955295
6126194230
6126823052
6101671849
6120870237
6104087676
6120751453
6121807897
6117477251
6104100911
6112239765
6086609879
6127012587
6107347871
6109065548
6085486281
6103082997
6126204141
6118376496
6100451028
6124796819
6126121503
6104091196
6109090936
6117986532
6081610804
6081616221
6096109987
6086560365
6088544191
6081608999
6087693398
6081616289
6094900398
6081608463
6083343555
6099862198
6088589824
6092050695
6089007561
6083343628
6087653408
6088544056
6088544151
6088641157
6088590199
6094510287
6093563211
6094117796
6084521806
6093510534
6081488485
6089747464
6094117966
6085486790
6094117857
6094511439
6097163197
6090202481
6086621998
6081583849
6087656308
6086621926
6092745872
6090202510
6087473559
6089747852
6087959432
6094900319
6089746647
6087999183
6089747321
6087475395
6090202570
6089747789
6094900291
6088570920
6087472952
6088542437
6089756951
6096110520
6092644192
6092645068
6096110544
6085486869
6093179525
6086883663
6083043184
6088548163
6087470595
6089749533
6087999416
6089749665
6128476523
6123330302
6127745660
6121275737
6126026516
6126031670
6115020443
6128479318
6128478884
6120198829
6121257037
6117084587
6124622382
6117090413
6121171968
6128478167
6120411414
6122567175
6113018842
6107349076
6122739627
6128477613
6128478338
6123553077
6119655815
6120417810
6122794263
6121279288
6120199364
6122886129
6122893922
6122886026
6122893919
6122886197
6122892926
6122891110
6122893883
6122893902
6122892828
6122897495
6122882623
6122888199
6122885998
6122896305
6122896404
6122882475
6122897966
6122888859
6122893330
6122889795
6122886849
6125769041
6126933405
6122886207
6128005026
6122884679
6122893149
6128384779
6128046792
6122885619
6125769048
6126148518
6122890966
6122890155
6122888434
6123341059
6122894137
6122891973
6122885597
6122890214
6122891034
6125033175
6122894998
6122894296
6125221638
6122952305
6122897829
6122893007
6122888852
6122891300
6122886532
6125276540
6122955660
6126148612
6122892711
6126947512
6122898307
6122953145
6122886394
6122893953
6122889807
6122882696
6122888897
6122953379
6122887636
6122890175
6122886148
6122892662
6122889271
6122896326
6123553057
6126945816
6128348271
6122897626
6122884961
6125566904
6124919578
6122890192
6123463372
6123727351
6127702448
6125768300
6126932967
6122885152
6122890818
6122893138
6122885475
6125280671
6122884975
6124661898
6127976536
6127976536
6128206348
6122897979
6122897533
6122886921
6122892727
6122891245
6122891870