6123820885
6123840544
6124173960
6127093804
6126154236
6126157933
6126824603
6123837466
6124245226
6126970439
6128444650
6127304424
6126833219
6126074278
6124297155
6128333208
6126788890
6127024767
6127019635
6126166619
6126171071
6124138506
6126903694
6126900973
6126780586
6128515805
6126243648
6126273160
6128514571
6125873705
6128055928
6128278557
6128278841
6128279028
6128279201
6128279355
6128279672
6128279777
6128280000
6128280047
6128280275
6128337883
6128382494
6128387423
6128389283
6128589462
6128588926
6128537519
6128499033
6128480171
6128480116
6128476118
6128476037
6128389746
6128403473
6128308952
6128309625
6128309793
6128342899
6128343603
6127420460
6128536620
6127378278
6127421857
6127398228
6127378028
6127377576
6124887124
6127190342
6127188729
6128303554
6128298645
6125204752
6120228326
6127182349
6128225742
6128226986
6128204231
6128203708
6128128699
6128128598
6128128408
6128128142
6128045359
6128045259
6124543981
6124664157
6127935352
6127921233
6127919655
6127919459
6127918238
6125320384
6127741496
6127741032
6127738192
6127737754
6127737318
6127682654
6125320265
6128305964
6128289471
6128289271
6128289108
6128289029
6128288969
6128288811
6128288664
6128288510
6128209507
6128207850
6128207127
6128206626
6128205295
6128204698
6128203192
6128190070
6128190127
6127667746
6123101896
6127528856
6127786692
6126830317
6127920099
6127101593
6127254722
6128369701
6128608409
6126200105
6123150123
6127019442
6126979664
6126971757
6128277589
6128323420
6126093569
6128572833
6127520812
6127522552
6128340452
6128340098
6128337655
6128336659
6128313478
6127368118
6127362382
6127329303
6127247284
6127233911
6126786898
6126778534
6125501819
6125292037
6124961216
6124960630
6124959960
6124959582
6121039692
6120707585
6118876658
6118886461
6127186817
6127188004
6123840739
6123840561
6123840170
6125886014
6125885817
6125757523
6122300051
6127099080
6125731332
6127290085
6127291404
6123486592
6125730379
6126388036
6126110131
6127063341
6126237495
6125843997
6122056154
6117418531
6126178534
6127617788
6126908509
6123403255
6127321492
6127320564
6127642991
6127852990
6125642775
6128106399
6128080416
6128064941
6126976105
6119275064
6126310610
6122060382
6126769641
6127664257
6124765678
6127074428
6127612024
6126681282
6114658562
6128247927
6128106413
6127069327
6124717327
6114899685
6125966190
6127414318
6126325300
6123766974
6128393656
6115352656
6128481871
6128486905
6128399601
6128071861
6128783932
6128739164
6128739122
6128396153
6128394397
6128327190
6128325638
6128302722
6128302453
6128395990
6128395438
6128397013
6128155886
6128132055
6128131992
6128131837
6128131454
6128130825
6128099239
6128099192
6128082500
6128054747
6128054398
6128054334
6127516318
6127516229
6128396943
6128396913
6128744279
6128744310
6128745589
6128746043
6128746651
6128746611
6128750032
6128750055
6128750055
6128750552
6128751183
6128751943
6128752451
6128753974
6128754268
6128755145
6128755760
6128756448
6128758764
6128031808
6128031640
6128261890
6128031690
6128031600
6128031770
6128031579
6128031562
6128747530
6128739245
6128449618
6128449550
6128449492
6128449458
6128449391
6128335290
6128335247
6127935884
6127660076
6127660052
6127659972
6127659954
6127659946
6127659989
6128513556
6128501367
6128769349
6128769454
6128769466
6128482093
6128769573
6128769667
6128769714
6128769986
6128747185
6128501711
6128431229
6128430436
6128429306
6128501619
6128431465
6128768574
6128768778
6128769054
6128477369
6120909826
6120316498
6123997979
6127938244
6122427320
6122792335
6123130847
6123871562
6123130685
6127526229
6124010336
6123192858
6123458647
6126243756
6126303361
6127032826
6125883319
6126303361
6127851372
6127938264
6128477481
6128700246
6128684066
6124784218
6126441876
6124807967
6121382144
6126521956
6121758474
6125961799
6127799915
6127593885
6127483799
6127690653
6127745397
6127745385
6124717467
6126633223
6126111404
6126372053
6128104232
6124714380
6128104236
6127300058
6125612175
6124188753
6124372124
6125882212
6122351365
6124188780
6126112130
6127060046
6125000151
6126567295
6128487462
6128033555
6125294393
6124753720
6127065596
6128090136
6126193657
6128218940
6126468631
6127037858
6125993967
6128258243
6128091176
6125764882
6125290927
6125363203
6125497287
6125846081
6126396313
6127031875
6120856184
6124612003
6125548345
6124816134
6121171796
6128600098
6128594827
6128582023
6128577494
6128574368
6128485050
6128481260
6128308514
6128302772
6128277017
6127365099
6127070399
6126832393
6126765530
6126309150
6126290207
6126053484
6126023722
6125988195
6125987810
6125749531
6124188915
6124143007
6123759571
6123086282
6120880446
6128592430
6127141240
6127986017
6128265309
6128271559
6128484482
6128576478
6127916868
6125406582
6127852634
6128310830
6128553616
6128300545
6128473293
6128499143
6124473898
6127848013
6125787484
6126387500
6126826501
6124092045
6126533770
6126212686
6126659458
6121963029
6123206985
6126212686
6127736612
6127853108
6126865158
6126870573
6126871090
6127028530
6127069755
6127070717
6126067717
6128219192
6124973799
6125165036
6125152722
6127310139
6126176727
6127305340
6123800593
6123789989
6128513915
6128517627
6124281684
6125319692
6128744668
6128580111
6123886668
6125116269
6126125284
6128402330
6125103731
6124972559
6128345160
6128185679
6127270370
6117142110
6126114253
6117144058
6127086889
6124726575
6124719672
6126892236
6125744303
6116868060
6128775593
6128747572
6128747018
6128746537
6128718221
6128689292
6128648173
6128646198
6128633469
6128633200
6128611439
6128327865
6128327468
6125550160
6125233344
6127747835
6125622160
6128282695
6122553991
6123553369
6127695873
6122731037
6127744768
6120816711
6124556935
6126873586
6126890853
6124703332
6127983621
6128098671
6122808499
6128262146
6126802684
6128442515
6127591514
6128330948
6125277267
6126267054
6125179684
6127685348
6125722576
6128378500
6128699310
6125208449
6126463976
6127993483
6127594995
6127811785
6126262378
6125986612
6125294719
6125227878
6126288430
6121840952
6121840963
6128404724
6128202230
6128098908
6127187612
6122310692
6121268495
6128255023
6126288423
6122386233
6122296799
6121878399
6120891513
6121288098
6126703085
6123156568
6122335529
6121875754
6120131342
6122913892
6122301592
6119203192
6118548415
6118508031
6118011516
6127097620
6123054038
6121874498
6120134589
6127700178
6121635176
6128097548
6128135187
6126071859
6122897877
6128695487
6128697738
6128699033
6128700326
6127914714
6127860513
6128090053
6126557681
6126255150
6126118254
6117958826
6123974184
6122876611
6122777757
6126557622
6126673471
6128744534
6125984910
6126977981
6121021504
6127485542
6125433028
6120701431
6127524975
6128667283
6128545207
6128364011
6127777434
6128131396
6128130863
6128131082
6128132447
6128542063
6128542837
6126367004
6127304666
6127574798
6127574988
6127575124
6127661231
6127661277
6127841683
6127841720
6127980074
6128755700