6129547894
6128346589
6130459612
6128358785
6128348184
6130322427
6130158164
6130054831
6130052839
6128571922
6129973791
6129973340
6129928407
6128342640
6128882210
6128909075
6111079906
6130072386
6129192952
6130377951
6125886122
6124677499
6090314802
6130581769
6120313425
6129343520
6130464632
6127123683
6130384778
6128440919
6129457872
6130585770
6089960956
6130790301
6130210397
6130217632
6130472429
6127034360
6127308110
6127308531
6130903429
6130875526
6130807563
6130725470
6130704131
6130614218
6130514797
6130481798
6130272894
6130272783
6130204531
6130154527
6130154283
6130153990
6130153776
6130153663
6129987933
6129972377
6129921635
6129877474
6129629983
6125175700
6108838767
6127084086
6127092439
6127125629
6123254552
6127979922
6123603817
6128391686
6127766333
6128470312
6118767350
6122152821
6123430191
6123433097
6123433941
6123407869
6123187827
6126054047
6130860465
6130822563
6130822548
6130724969
6130718477
6130718473
6130718469
6130718465
6130718460
6130718446
6130697520
6130680201
6130341460
6130341423
6130341411
6130164482
6130164454
6130164440
6130164419
6130164415
6129919957
6129901216
6129890582
6129774194
6129774176
6129774126
6129774107
6129774059
6129773587
6130164472
6130804519
6130805451
6130804250
6129195157
6125548461
6130389081
6121171796
6124816134
6125548345
6124612003
6120856184
6130619974
6128205896
6129904667
6129144154
6129537967
6130562662
6130223006
6124247424
6130702308
6130811103
6130620173
6128091176
6130789493
6130789665
6130790677
6130790740
6130790821
6130790921
6130791321
6130829577
6130830929
6130831904
6130832566
6130833052
6130833411
6130863339
6129682416
6130790143
6130790421
6130830695
6130831680
6130832723
6120445387
6120445440
6122208483
6120074281
6121144335
6129191293
6122518105
6122834968
6125138259
6129677538
6130167288
6130279264
6130279285
6130388204
6130786787
6128499742
6130790907
6130791017
6130791087
6130224291
6128383762
6128380572
6126322149
6127263214
6125993925
6126799797
6123602042
6129909123
6127399940
6128406968
6127375379
6126661651
6126663631
6130487726
6130487748
6130487705
6129124809
6128799713
6126897028
6128099606
6128572715
6127790543
6126256275
6128703624
6126062397
6129625146
6129626984
6125662908
6120906729
6130930978
6126515941
6130666930
6130330745
6130916582
6120765341
6130902157
6130658969
6130898945
6130299318
6128436601
6128266784
6128217527
6128046991
6128045300
6125960661
6125826954
6125196824
6125085305
6123699887
6123134751
6123074340
6122905235
6122903223
6122526699
6122487572
6122296084
6122295663
6122260829
6121765424
6121690312
6121682483
6120452842
6120366331
6120366119
6120362730
6120347533
6120347301
6120321102
6120320719
6120289425
6120278290
6120189973
6120189772
6120189662
6120130069
6120079504
6120076237
6120075275
6120075198
6120048699
6120045133
6119970683
6119922308
6119907031
6119204820
6119187287
6119145572
6119258760
6128589462
6130707789
6113246572
6130707906
6128382494
6128343603
6128485804
6128403473
6128476118
6128476037
612848011
612848017
6128499033
6129604004
612827920
612827884
6128280047
612828027
6128279028
6128389557
6128342899
6128385049
6128343362
6128343284
6128385950
6128337883
6128308952
6128309793
6129403684
6128931871
6127617788
6129669181
6130248137
6130670326
6129389464
6130535893
6129358561
6128080416
6130268404
6130786674
6127321492
6129628484
6119275064
6129628618
6129595925
6130768933
6130341566
6130764073
6130744839
6127612024
6129110655
6130737948
6130159707
6128106413
6129932265
6129747062
6114899685
6125966190
6123795409
6126325300
6120870983
6124364125
6128861118
6122091164
6130179067
6128988218
6106371536
6130247600
6129928184
6129929176
6130713403
6130599602
6130598076
6130569344
6130474932
6130413230
6130412824
6130411320
6130410568
6130387116
6130345747
6128207127
6129166405
6130343873
6130342543
6130340269
6130339882
6130338769
6130338139
6130337119
6130260969
6130261034
6130834155
6129875150
6130260807
6123455201
6125949211
6130475731
6125871027
6130689966
6130166030
6130269639
6129811890
6130484990
6130417206
6130619644
6130312495
6129982055
6129992141
6130747782
6130171038
6130802430
6130707622
6130659168
6130425677
6130120450
6129051425
6126958718
6126955635
6124961772
6100816308
6130383738
6130385708
6130386027
6130145456
6129105968
6127822234
6127187705
6127200048
6126021708
6124540949
6113686117
6128580334
6127746808
6127121307
6126425379
6124887377
6119985313
6126211148
6122807009
6113191008
6129088155
6122811841
6125052081
6126243269
6125235676
6125440487
6124811087
6130343190
6129577120
6126158051
6125835886
6130335419
6121930282
6125361868
6126030792
6126068926
6126073237
6126533262
6129350584
6130339999
6128591671
6124920911
6129344153
6129343692
6124488453
6127035901
6130810602
6130813429
6127807121
6128121894
6130282236
6130341151
6130341126
6130658845
6129648176
6130659282
6130704308
6130674231
6130311572
6130292596
6130345900
6126833738
6130674501
6130282399
6130423505
6129913914
6130303803
6130729910
6130730039
6126638195
6128217752
6128216868
6119581480
6129949371
6118733984
6130462684
6128128817
6129320028
6130420308
6120324497
6123146811
6123860173
6128117404
6129087788
6128957725
6129618650
6130422088
6128077529
6128204930
6125227511
6123134106
6124735714
6126067703
6126069667
6129064000
6123356798
6123285152
6126897208
6123791978
6106609060
6108238877
6120581158
6105270927
6107236996
6119097349
6128380630
6127570116
6125841385
6125870656
6123500832
6127568688
6125783028
6119096615
6129569434
6128364856
6127813422
6129888267
6115103217
