6124104721
6099906529
6125302284
6111773347
6115842500
6123137099
6122071549
6106632807
6105422126
6110971903
6104037509
6120884765
6094090150
6089655585
6104884836
6100347784
6111771144
6101420485
6102493363
6130233290
6124686967
6125852946
6114545893
6110286446
6104029418
6118410878
6098669809
6118755122
6118411020
6097936047
6108555553
6090755161
6089657801
6123809401
6105791702
6103219922
6129545803
6098111139
6089655700
6123309420
6100983149
6114684019
6130514196
6093785766
6101991264
6128859566
6129112633
6104073238
6089657053
6089657846
6089656813
6089656271
6100764449
6096009128
6118513239
6096126338
6129725604
6129725748
6094217654
6116727731
6101991289
6103653739
6119148983
6090756791
6119555079
6096756075
6103743201
6106576673
6114683758
6125853585
6128523097
6111773361
6114117408
6098040080
6101752676
6124312055
6116929855
6126124131
6130011442
6101991285
6100983722
6115559033
6102546802
6129112239
6096440146
6103426631
6089655309
6115624499
6112806040
6119950127
6119947873
6130275700
6115804730
6125736222
6101991277
6098236512
6125736179
6119950096
6125736329
6105039038
6125352962
6121045135
6106253964
6124201981
6120392936
6125341171
6123912730
6124727598
6095330764
6129874103
6124201999
6123524465
6127629666
6129872868
6120392323
6124726206
6122194521
6081478811
6119695216
6128652211
6128652167
6109006517
6112134960
6125340947
6123912317
6128652188
6123910959
6113837080
6112756245
6129593986
6108229931
6111919036
6125341897
6118152734
6103221845
6127216324
6129110304
6124764185
6120509980
6129267525
6120299241
6106100316
6110265553
6123487073
6109333923
6122194503
6129267504
6120392785
6124251888
6119834278
6129672967
6123891088
6117211263
6116130852
6117919208
6130684326
6130684323
6122005645
6106373679
6126953861
6109957336
6117821769
6120444040
6124618725
6130749189
6128364008
6123438488
6123385654
6123439641
6129672481
6116132151
6115800686
6104985004
6128412452
6114795089
6114949379
6119592024
6130749191
6129185501
6110138780
6130573182
6130573185
6128128545
6127706616
6120686805
6128988012
6115440875
6122194913
6124710786
6106262659
6130573716
6128232066
6109166327
6128424922
6124616766
6130679882
6128129911
6130746122
6126113005
6130814073
6130814109
6130814133
6130814189
6130814203
6130814211
6130814273
6130814438
6130814763
6130814777
6130815357
6130815310
6130815301
6130816370
6130816376
6130816383
6130816622
6130816728
6130816792
6130816873
6130816888
6130817273
6130817280
6130817431
6130817444
6130817487
6130817493
6130817508
6130817848
6130818841
6130819046
6130819329
6130819380
6130819395
6130819402
6130819923
6130819931
6130819944
6130819966
6130819973
6130820165
6130820176
6130820184
6130820199
6130820209
6130820442
6130820457
6130820464
6130820470
6130820716
6130820725
6130820732
6130820762
6130820767
6130820781
6130822120
6130822310
6130822240
6130823429
6130823418
6130823626
6130823605
6130823744
6130823689
6130824010
6130823996
6130823979
6130823954
6130823948
6130823939
6130823933
6130823926
6130823908
6130823881
6130823867
6130823857
6130823844
6130824733
6130824663
6130824656
6130825149
6130825219
6130825227
6130825234
6130825321
6130825214
6130825537
6130825544
6130825637
6130825646
6130825655
6130825666
6130825674
6130825858
6130825892
6130825900
6130826112
6130826118
6130826123
6130826251
6130826253
6130826260
6130826264
6130826271
6130826306
6130826724
6130826821
6130826844
6130826977
6130827250
6130827512
6130827641
6130827654
6130827664
6130827713
6130827718
6130827722
6130827754
6130827758
6130828166
6130828160
6130828156
6130828130
6130828095
6130828056
6130828190
6130828211
6130828229
6130828238
6130828254
6130828261
6130828269
6130828273
6130828277
6130828279
6130828285
6130828295
6130828306
6130828313
6130828326
6130828338
6130828349
6130828354
6130828371
6130828378
6130828381
6130828385
6130828393
6130828405
6130828412
6130828426
6130828451
6130828458
6130828549
6130828556
6130828723
6130828738
6130828752
6130828768
6130828897
6130828909
6130828917
6130828922
6130828926
6130828933
6130828966
6130828981
6130828988
6130828998
6130829006
6130829021
6130829032
6130829067
6130829084
6130829092
6130829122
6130829127
6130829187
6130829193
6130829219
6130829269
6130829286
6130829301
6130829318
6130829330
6130829347
6130829366
6130829375
6130829384
6130829391
6130829473
6130829482
6130829517
6130829605
6130829509
6130829638
6130829662
6130829694
6130829627
6130829739
6127753020
6130710549
6118511963
6127628998
6129235181
6121702007
6126410946
6121698450
6127628490
6129235190
6127827217
6116077981
6121702004
6127826179
6119075072
6129508689
6129510052
6126803688
6129041248
6118513174
6127805431
6129310993
6123189066
6126085876
6126085103
6126127281
6116076518
6126085882
6126002721
6116077600
6116076400
6129080321
6126085880
6116076823
6129041263
6129041255
6118757333
6126844807
6116077142
6129510035
6129510044
6127754360
6127806358
6127002959
6127629004
6122455494
6122375809
6129040323
6129042902
6126222194
6126222183
6126222189
6126223217
6127629007
6127644249
6116076144
6116078880
6116078442
6129040331
6122450486
6129037841
6129038173
6124629496
6124444380
6124444371
6116076782
6116077233
6116076317
6116077250
6129038199
6129041247
6129042905
6127714224
6116076481
6122375805
6126554721
6126222179
6127755947
6116077616
6118791803
6125920569
6122376583
6122376578
6116078216
6116076306
6118482231
6129310995
6129311001
6127629749
6118482238
6116076606
6117323091
6126085881
6129115601
6128931906
6122548975
6127718017
6124715927
6122548983
6116076990
6128797358
6130817807
6128298524
6126665966
6128981222
6129292615
6130384471
6128598056
6119742794
6125087530
6129916889
6129242951
6127127470
6125459614
6128071465
6130483296
6129244442
6130613428
6120316470
6130405673
6129685442
6118301596
6130383987
6126375227
6129050367
6128359817
6129426264
6129050346
6129614048
6129685482
6126370251
6129514532
6120057308
6119055799
6122601068
6129106061
6129969691
6123681972
6130330820
6127127970
6129106057
6129244822
6116256021
6130326898
6116104234
6128495920
6122902651
6111981586
6118322707
6116259193
6116260919
6130405667
6129050393
6130288542
6129243408
6117022131
6129003680
6130483327
6128259667
6128047017
6116258033
6123578694
6129048062
6129240887
6117536264
6130856593
6123334162
6129685465
6120057311
6123200135
6129097694
6126832384
6127732808
6119138963
6130283512
6116258165
6116254254
6120766769
6128199436
6124287210
6129700204
6128295316
6130405669
6116252084
6130419324
6119825016
6115773673
6116261214
6129862270
6116257751
6118730954
6129685450
6129107486
6115684005
6126304298
6126071823
6125511652
6116259399
6126057923
6116254900
6121753264
6126299118
6130811529
6130419215
6119809395
6122786544
6126784054
6128296741
6127127620
6116255002
6116254227
6116959729
6119808540
6129514542
6116317718
6116739748
6128718295
6130419103
6130173051
6128157845
6116254222
6119809403
6123204346
6116254479
6120520419
6129335818
6128839623
6123690058
6130420989
6116257016
6130856707
6126975616
6122600314
6123560634
6116140917
6130862728
6130375959
6129559774
6115700407
6125272449
6128108053
6126071804
6123691448
6129049088
6128072377
6130472133
6129685469
6118456298
6117021848
6119338421
6130474067
6128276041
6129662777
6128509735
6130173038
6129618931
6127127771
6117406592
6116620219
6127778733
6116543953
6127781693
6116438837
6127127740
6116258849
6122102999
6126107121
6126071834
6115642010
6117979318
6116620222
6117594798
6120862158
6123330657
6126076462
6127595392
6116837429
6116653761
6127026667
6126075393
6122950614
6127127609
6127634895
6116260935
6116587887
6130695891
6129554371
6129514527
6128194520
6128194529
6129108118
6124612365
6130330828
6126056275
6118598091
6130877390
6127128007
6127995911
6130322933
6128781263
6122101485
6128480382
6130169668
6126076472
6130814765
6116036127
6128509724
6126834369
6130474061
6116257444
6116838231
6116261210
6128034687
6123200117
6129769544
6118301544
6115690028
6130386780
6130472129
6130826718
6127127954
6129384727
6118842711
6130788604
6115700409
6125878879
6130869715
6116257859
6120765406
6127438278
6127438161
6128324565
6116257933
6116438878
6117591872
6115700413
6126307310
6115626787
6125776992
6116513778
6129161338
6118987623
6126887710
6130169704
6129242946
6115765730
6119854635
6126109273
6126316106
6124059405
6125461071
6126109269
6129502700
6128359804
6116259336
6121549677
6121027182
6118129054
6116758783
6116260870
6129317876
6118285491
6125908990
6115549634
6116857512
6122430200
6127514606
6129338662
6129290265
6130851084
6126110128
6124690865
6129243416
6119506856
6130404820
6115688048
6116195626
6129051679
6130419164
6130288626
6123332386
6130421075
6116256474
6119917696
6127944944
6128592479
6126320522
6115535374
6122251397
6129050377
6130814790
6130422765
6116621464
6130404813
6116841966
6129502704
6130302235
6119640596
6130417540
6130776526
6130422728
6129685478
6116255938
6130474057
6116260862
6116261432
6112508165
6130695628
6115723358
6130375313
6115688236
6126570437
6127477325
6130582715
6128824355
6129685459
6116858179
6126056292
6130421060
6117893312
6116255284
6123704740
6126018176
6129502707
6116579275
6120552846
6127127879
6116257180
6127438238
6129964222
6129118066
6130288614
6127127442
6126321765
6111954426
6123509696
6116258740
6125949288
6127438252
6121272400
6112505230
6130169677
6130473280
6127438264
6119684610
6129950643
6128323583
6122968903
6129503413
6130851047
6130404814
6117698606
6115686386
6116261042
6118539025
6130380519
6127386860
6127010751
6120648002
6130788610
6122121265
6128480369
6129554366
6129822047
6115529983
6130478941
6115524053
6116659286
6129680547
6130814688
6130474046
6129500666
6122101478
6129700275
6126887898
6129107480
6114366882
6127011214
6116258744
6116254485
6130422706
6130880699
6129242944
6126053332
6129099369
6129554376
6116256464
6114978947
6127127602
6128886032
6128826195
6115487189
6116254448
6115681786
6118528319
6130324221
6129769581
6126904753
6128957560
6116624754
6130345860
6130347672
6130351339
6130799085
6130799416
6130799555
6130799725
6130799880
6130807553
6130836329
6130737551
6130380641
6129890158
6130021286
6130726133
6130392132
6130726419
6130790760
6129948268
6130863635
6130206829
6130207126
6130207453
6130209185
6130211265
6130218955
6130220696
6130384905
6130823941
6130834404
6130838391
6130839732
6130840077
6130841320
6130780279
6130838952
6130866990
6130839502
6130840397
6130419508
6130421704
6130422352
6130422736
6130462959
6130463229
6130464816
6130383681
6130384306
6130384735
6130385093
6130416017
6130416221
6130302508
6130304807
6130301280
6130300494
6130342782
6130340883
6130343963
6129849966
6129859500
6129862574
6129866062
6129891824
6129907031
6129950371
6130790937
6130792870
6130875158
6128608116
6118788845
6116861183
6129042247
6129079820
6129115028
6129156945
6129157031
6129158237
6129161583
6124943345
6124942985
6124984171
6130512961
6126113452
6108512619
6108588437
6130593282
6130593532
6129478108
6117482724
6112879001
6126339982
6129598103
6129596480
6129596202
6130751298
6117483933
6129569707
6129643668
6115784001
6111729146
6105779023
6125279467
6128838813
6117588265
6122974063
6114680164
6122941296
6111910243
6107814908
6096742136
6121163239
6127325593
6129105857
6129103923
6125284989
6130814852
6130809107
6111908946
6124007557
6123570709
6119434637
6119237109
6124150070
6123201475
6126212623
6119237513
6119237974
6119408563
6129139574
6117477037
6123169009
6127101540
6125842059
6130741637
6128307144
6119374486
6129902737
6129904660
6130733763
6129049548
6129252036
6130737911
6129050998
6127744471
6130737322
6127749028
6130734772
6127749565
6128999917
6128546252
6128482736
6128269527
6127908646
6127378152
6127093495
6127066173
6127977114
6115093095
6115591150
6108105453
6108068939
6120428308
6117694279
6110921427
6085010214
6115520381
6130870551
6130651334
6130651740
6130652900
6130652114
6130872091
6130872784
6130872909
6130873021
6130652233
6130296244
6130296784
6130310018
6130648917
6130814329
6130810121
6129450374
6130705597
6130309362
6130865339
6112953357
6107148181
6105993969
6107784060
6120045041
6125834072
6100954466
6110542964
6119546904
6120702266

6130860682
6130878508
6130823294
6130825456
6130826162
6130827930
6130877651
6130879133
6130881408
6130880805
6115772252
6130427654
6130431010
6130484279
6130484754
6130666067
6130667259
6130690018
6121737056
6116125740
6121856077
6121851208
6121850965
6121854798
6121848150
6121850909
6121844245
6121855995
6121853384
6121850710
6121853089
6121850744
6121842442
6121854241
6121851127
6121845507
6121845329
6121849768
6121854156
6121843600
6122810274
6112698719
6128451280
6128306275
6128299812
6128300372
6126778710
6126779582
6128934404
6128545584
6126680826
6128846666
6128935786
6122448308
6128935103
6124696684
6117193542
6116308228
6122447788
6128451714
6114688840
6127336257
6128334750
6126028740
6109449842
6121285309
6129252415
6127929782
6125900841
6130306415
6106537775
6111943625
6110497119
6119550437
6127675883
6124260684
6124366231
6127580075
6103112215

6127860456
6125253568
6127857843
6122395853
6122550054
6122549930
6122548617
6125255324
6125253336
6128970907
6125264642
6128404739
6130183275
6130183313
6130182639
6129070922
6130706386
6129332983
6127985641
6130707702
6129965695
6130117737
6130118471
6130255756
6130256227
6130309256
6130706162
6130706924
6130707086
6130707636
6130817191
6129506228
6130825747
6129261426
6130875788
6130881847
6130884916
6129389662
6126889937
6125991318
6120764031
6130324428
6123781012
6130387303
6130387090
6130644826
6116407924
6116408552
6116408217
6117657299
6104352140
6102642755
6114898681
6126248527
6115827554
6127254260
6127129437
6114897566
6114905977
6130612008
6130747571
6130748179
6130887044
6130837178
6130773688
6130683872
6130228748
6130257829
6130257706
6130685163
6119268078
6119268292
6119268269
6119268381
6121771293
6122172981
6123277068
6119878545
6119880546
6119880837
6129222328
6123780498
6123779643
6122558636
6122558600
6122558597
6121735724
6119342150
6106434992
6106439376
6126656425
6123836572
6122102476
6122739221
6125794457
6124817149
6123857252
6121962293
6123887191

6125464955
6129067269
6124848052
6124843105
6127336115
6129535415
6127190600
6130340729
6127191706
6129968220
6129645387
6120965752
6128069995
6123896599
6112662479
6130771832
6111282830
6130772738
6109628424
6112206835
6128142269
6106031647
6122451640
6115049139
6110775108
6124558173
6125308692
6130528474
6126347550
6114352876
6122904325
6125100369
6122186737
6130263784
6128941557
6127783152
6122655078
6117679726
6123042073
6124211641
6126222308
6121641525
6128178187
6112354618
6107829155
6125865317
6125847403
6125847197
6066995363
6125918863
6128740855
6125845882
6125843965
6029600272
6024464312
6081722470
6073788394
6054745822
6089966221
6098891680
6098891813
6095954724
6101893636
6107000771
6107829607
6107828650
6107827665
6107830063
6109627462
6111858592
6111850176
6112355598
6112382435
6112504980
6112505376
6120064708
6116129391
6112507139
6115801959
6116492189
6116241562
6120065955
6120065244
6121112204
6121181682
6121640784
6121641710
6123493489
6125451781
6129862693
6124383199
6124029660
6126731573
6130675588
6130675725
6130916902
6130917691
6127864875
6127636290
6129651288
6130289246
6130698756
6130698463
6130698437
6130289311
6130699036
6130699182
6130699155
6130698408
6130698723
6130698664
6130698822
6130698897
6130698945
6130731058
6129226174
6129887204
6129718736
6129402472
6125505590
6126725118
6115835006
6126095593
6130909693
6124236840
6124236827
6124236815
6125505583
6104345342
6117355736
6116108944
6125509703
6125562813
6125509698
6117043185
6119094255
6119094540
6100049634
6130296742
6103558376
6125885083
6128387596
6130027028
6124701959
6129119896
6124831025
6130350970
6125998167
6126012755
6130411922
6130414889
6128256949
6129374490
6127253934
6127236196
6128337199
6129375344
6130659555
6126183744
6130689882
6112803946
6125286339
6125286322
6125290616
6125298300
6128864588
6124618224
6130541283
6130770634
6130770658
6130770744
6125736892
6125737083
6128491886
6129668966
6120107210
6120108184
6108226327
6082914829
6104444084
6094552978
6093903126
6116717160
6116717766
6130480603
6129100151
6129281152
6129573447
6122956333
6127239982
6128473817
6129631314
6130222949
6129104340
6130056546
6128999678
6126892836
6114880226
6130696928
6130696024
6130647598
6130586848
6130486639
6130419233
6130416589
6130306656
6130301187
6130293347
6130734467
6130732997
6127125301
6108947431
6128561149
6123267725
6129594157
6129581251
6129578754
6128334794
6128317941
6129178946
6128331925
6128347418
6128347084
6129547894
6128346589
6130459612
6128358785
6128348184
6130322427
6130158164
6130054831
6130052839
6128571922
6129973791
6129973340
6129928407
6128342640
6128882210
6128909075
6111079906
6130072386
6129192952
6130377951
6125886122
6124677499
6090314802
6130581769
6120313425
6129343520
6130464632
6127123683
6130384778
6128440919
6129457872
6130585770
6089960956
6130790301
6130210397
6130217632
6130472429
6127034360
6127308110
6127308531
6130903429
6130875526
6130807563
6130725470
6130704131
6130614218
6130514797
6130481798
6130272894
6130272783
6130204531
6130154527
6130154283
6130153990
6130153776
6130153663
6129987933
6129972377
6129921635
6129877474
6129629983
6125175700
6108838767
6127084086
6127092439
6127125629
6123254552
6127979922
6123603817
6128391686
6127766333
6128470312
6118767350
6122152821
6123430191
6123433097
6123433941
6123407869
6123187827
6126054047
6130860465
6130822563
6130822548
6130724969
6130718477
6130718473
6130718469
6130718465
6130718460
6130718446
6130697520
6130680201
6130341460
6130341423
6130341411
6130164482
6130164454
6130164440
6130164419
6130164415
6129919957
6129901216
6129890582
6129774194
6129774176
6129774126
6129774107
6129774059
6129773587
6130164472
6130804519
6130805451
6130804250
6129195157
6125548461
6130389081
6121171796
6124816134
6125548345
6124612003
6120856184
6130619974
6128205896
6129904667
6129144154
6129537967
6130562662
6130223006
6124247424
6130702308
6130811103
6130620173
6128091176
6130789493
6130789665
6130790677
6130790740
6130790821
6130790921
6130791321
6130829577
6130830929
6130831904
6130832566
6130833052
6130833411
6130863339
6129682416
6130790143
6130790421
6130830695
6130831680
6130832723
6120445387
6120445440
6122208483
6120074281
6121144335
6129191293
6122518105
6122834968
6125138259
6129677538
6130167288
6130279264
6130279285
6130388204
6130786787
6128499742
6130790907
6130791017
6130791087
6130224291
6128383762
6128380572
6126322149
6127263214
6125993925
6126799797
6123602042
6129909123
6127399940
6128406968
6127375379
6126661651
6126663631
6130487726
6130487748
6130487705
6129124809
6128799713
6126897028
6128099606
6128572715
6127790543
6126256275
6128703624
6126062397
6129625146
6129626984
6125662908
6120906729
6130930978
6126515941
6130666930
6130330745
6130916582
6120765341
6130902157
6130658969
6130898945
6130299318
6128436601
6128266784
6128217527
6128046991
6128045300
6125960661
6125826954
6125196824
6125085305
6123699887
6123134751
6123074340
6122905235
6122903223
6122526699
6122487572
6122296084
6122295663
6122260829
6121765424
6121690312
6121682483
6120452842
6120366331
6120366119
6120362730
6120347533
6120347301
6120321102
6120320719
6120289425
6120278290
6120189973
6120189772
6120189662
6120130069
6120079504
6120076237
6120075275
6120075198
6120048699
6120045133
6119970683
6119922308
6119907031
6119204820
6119187287
6119145572
6119258760
6128589462
6130707789
6113246572
6130707906
6128382494
6128343603
6128485804
6128403473
6128476118
6128476037
612848011
612848017
6128499033
6129604004
612827920
612827884
6128280047
612828027
6128279028
6128389557
6128342899
6128385049
6128343362
6128343284
6128385950
6128337883
6128308952
6128309793
6129403684
6128931871
6127617788
6129669181
6130248137
6130670326
6129389464
6130535893
6129358561
6128080416
6130268404
6130786674
6127321492
6129628484
6119275064
6129628618
6129595925
6130768933
6130341566
6130764073
6130744839
6127612024
6129110655
6130737948
6130159707
6128106413
6129932265
6129747062
6114899685
6125966190
6123795409
6126325300
6120870983
6124364125
6128861118
6122091164
6130179067
6128988218
6106371536
6130247600
6129928184
6129929176
6130713403
6130599602
6130598076
6130569344
6130474932
6130413230
6130412824
6130411320
6130410568
6130387116
6130345747
6128207127
6129166405
6130343873
6130342543
6130340269
6130339882
6130338769
6130338139
6130337119
6130260969
6130261034
6130834155
6129875150
6130260807
6123455201
6125949211
6130475731
6125871027
6130689966
6130166030
6130269639
6129811890
6130484990
6130417206
6130619644
6130312495
6129982055
6129992141
6130747782
6130171038
6130802430
6130707622
6130659168
6130425677
6130120450
6129051425
6126958718
6126955635
6124961772
6100816308
6130383738
6130385708
6130386027
6130145456
6129105968
6127822234
6127187705
6127200048
6126021708
6124540949
6113686117
6128580334
6127746808
6127121307
6126425379
6124887377
6119985313
6126211148
6122807009
6113191008
6129088155
6122811841
6125052081
6126243269
6125235676
6125440487
6124811087
6130343190
6129577120
6126158051
6125835886
6130335419
6121930282
6125361868
6126030792
6126068926
6126073237
6126533262
6129350584
6130339999
6128591671
6124920911
6129344153
6129343692
6124488453
6127035901
6130810602
6130813429
6127807121
6128121894
6130282236
6130341151
6130341126
6130658845
6129648176
6130659282
6130704308
6130674231
6130311572
6130292596
6130345900
6126833738
6130674501
6130282399
6130423505
6129913914
6130303803
6130729910
6130730039
6126638195
6128217752
6128216868
6119581480
6129949371
6118733984
6130462684
6128128817
6129320028
6130420308
6120324497
6123146811
6123860173
6128117404
6129087788
6128957725
6129618650
6130422088
6128077529
6128204930
6125227511
6123134106
6124735714
6126067703
6126069667
6129064000
6123356798
6123285152
6126897208
6123791978
6106609060
6108238877
6120581158
6105270927
6107236996
6119097349
6128380630
6127570116
6125841385
6125870656
6123500832
6127568688
6125783028
6119096615
6129569434
6128364856
6127813422
6129888267
6115103217
6120170060
6130363013
6124190123
6124758527
6124498676
6124496712
6128282925
6128105389
6128014684
6127994502
6127383201
6127382617
6127381805
6127215940
6126806458
6126806312
6126804310
6127191573
6130158326
6126727195
6126804135
6126002488
6129471311
6129387308
6129271325
6129879226
6129167192
6129166773
6129012044
6128990363
6130210925
6128839538
6128833593
6128458353
6128457759
6130206026
6129801398
6129808029
6130206488
6130205178
6125924561
6130630658
6129361789
6129388026
6129271092
6129170467
6128711248
6124973082
6124972320
6126297852
6127194078
6128281815
6130400222
6130006375
6129075341
6130493663
6128830052
6130819798
6130493283
6118748994
6127998423
6127215337
6125262012
6126212507
6126044521
6126806687
6128521918
6128779569
6128780240
6128989936
6129169901
6130158502
6130158327
6130006373
6129879228
6129867144
6129807353
6129805671
6129581939
6129545551
6129896953
6129900803
6129898180
6130802935
6128520995
6124972433
6129471313
6128839534
6128833594
6130630171
6130363014
6125047110
6130206487
6129361787
6120170051
6130628777
6130801465
6129801397
6126806301
6130837770
6130497555
6130497350
6130495627
6130496615
6130178495
6127212583
6127205768
6125479000
6126548362
6127420460
6128203708
6128226986
6128128408
6127682654
6127918238
6127919459
6127919655
6127921233
6127935352
6128933785
6128933726
6128934038
6128934113
6128934224
6127664969
6125098837
6125320265
6125320384
6127182349
6127738192
6127737318
6127737754
6127188729
6127190342
6127377576
6127378278
6127398228
6127421857
6128298645
6128303554
6130947959
6130947183
6130947318
6130946955
6130947738
6130949998
6130947819
6130947917
6130946619
6130947446
6130949411
6130949717
6130949354
6130949586
6130949348
6130948536
6130946886
6130946217
6130948875
6130948974
6130887192
6130877754
6130786660
6130884470
6128973169
6129641272
6130887464
6130889150
6130889449
6130889568
6130897177
6130814825
6130814825
6130889965
6130900781
6130901287
6130901210
6130901023
6130900967
6130008941
6130009190
6130005158
6130891102
6130891224

6117534818
6129122271
6127574235
6130706151
6126987260
6129489845
6130650145
6130705889
6129500843
6118188334
6127078053
6129451555
6130471455
6127060492
6128832444
6121756154
6127078053
6129486709
6129521096
6130858905
6125399192
6116837174
6115021912
6125466442
6129261485
6128965566
6125470150
6130652321
6129689550
6130617617
6129003572
6121536262
6130174621
6123834322
6130135601
6129295232
6127911123
6126177710
6125166686
6130468675
6119165132
6130824800
6130803299
6130343969
6110939973
6127743044
6126721523
6127743065
6126721491
6130803318
6130176317
6129010063
6123327898
6130825627
6123046196
6129865959
6129857850
6129921553
6130803731
6126858821
6130480817
6129504773
6126598803
6125779749
6119218588
6106652193
6129055197
6130222344
6130737995
6130594979
6130594728
6130050661
6128880409
6130229573
6130027683
6128880397
6130229319
6128880376
6130229324
6119684192
6130803398
6121812093
6123198668
6121729398
6122575551
6127398910
6122837521
6123485861
6123857056
6130229567
6127310130
6130595062
6130216745
6130027923
6130168875
6130340216
6130211021
6130323979
6130697096
6130670191
6129716922
6128785472
6127743297
6130071551
6130206181
6130206197
6129132803
6128111919
6129219737
6129258470
6130677021
6123884772
6123884637
6129502449
6130738740
6130739746
6123635149
6125152531
6125182529
6126993031
6127832848
6128328699
6128559773
6128571217
6129071440
6123637076
6127035207
6125168234
6127832844
6129242303
6129574606
6129495137
6127855004
6129633995
6129002231
6127422774
6129956020
6130424990
6128152378
6128999069
6122975923
6130661813
6128034217
6129774894
6130294909
6130641894
6130328050
6129770186
6126645929
6129910591
6129130110
6128045084
6130473999
6128304368
6126205885
6122894031
6130427410
6122739013
6123714562
6124741383
6124744163
6124752328
6124792011
6125956990
6126894152
6127667163
6127744812
6127782935
6129909314
6129909535
6130065985
6129909470
6129909371
6130344351
6130666789
6130329351
6129793808
6129244897
6127065061
6128054669
6126978716
6124704473
6124082379
6130282842
6130612536
6123515752
6127583386
6121462099
6127078236
6129620237
6124481070
6123546104
6126302221
6129273855
6121547772
6121523528
6129083494
6127661146
6127135870
6130387768
6130767240
6128306506
6128257302
6128240197
6130387066
6130823841
6130822677
6130701573
6130829232
6129970164
6129744269
6129970243
6130701573
6130872914
6130872854
6130780196
6130780129
6130700622
6130564818
6130377830
6129924021
6130377898
6130377871
6130387154
6130432674
6127235496
6127790654
6127747632
6124918925
6121858163
6124918945
6129148919
6125755745
6130408106
6130166815
6130858930
6130858523
6130857856
6130854998
6130479157
6130406426
6130416466
6130170046
6130140101
6130140101
6130875069
6130876803
6130869609
6130800963
6130800889
6130800843
6130229849
6130800773
6130228411
6130800813
6130910760
6130504191
6129150109
6129956123
6130002937
6130905559
6130905507
6130905433
6130905399
6130905362
6130905317
6130905285
6130905236
6130905213
6130905200
6130905133
6130905103
6130905074
6130905027
6130905002
6130904968
6130904934
6130904903
6130904826
6130904792
6130904774
6130904746
6130904725
6130904698
6130904680
6130904659
6130904613
6130904583
6130904563
6130904526
6130904491
6130904429
6130904363
6130904285
6130904211
6130904142
6130904106
6130904066
6130904048
6130904003
6130903972
6130903949
6130903919
6130903852
6130903831
6130903809
6130903747
6130903661
6130903635
6130903607
6130877598
6130877578
6130877461
6130877435
6130861879
6130820711
6130798993
6130798866
6130786446
6130785510
6130785510
6130894919
6130894915
6130894910
6130894898
6130894891
6130894876
6130878818
6130878798
6130864272
6130864184
6130864126
6130864017
6130863984
6130847688
6130847671
6130847657
6130847635
6130822659
6130822399
6130888612
6130888596
6130847764
6130847736
6130822920
6130801736
6130801704
6130801663
6130786579
6130786578
6130908299
6130894792
6130894773
6130894747
6130894720
6130863464
6130863306
6130847519
6130785597
6130785598
6130651876
6130298255
6129941488
6129400681
6129380323
6129915056
6127817785
6126647872
6130673743
6130591670
6128363354
6122067021
6128667878
6118972165
6124784218
6118972138
6121758474
6121382144
6124807967
6129431587
6129859432
6127483881
6129445064
6129253203
6129447628
6129859152
6130794100
6130173412
6130349596
6130420276
6130618819
6130618840
6130822464
6128886478
6125000151
6127060046
6130696810
6126567295
6124372124
6127060843
6127298744
6129253676
6130078100
6129719868
6130077651
6130483875
6130482170
6128115360
6124734263
6125620648
6124373282
6125612175
6130697004
6129790846
6129538937
6127300528
6127697551
6129538952
6128226478
6128226425
6128980886
6129538982
6129538514
6129375029
6126638185
6129137569
6129962982
6127938264
6127938244
6127486111
6127938222
6124839061
6123458647
6123130849
6128751675
6130731607
6127853079
6130481215
6123997979
6126303361
6127120158
6130167346
6129962847
6123871562
6129327428
6127851227
6127851208
6130871981
6125293511
6124606977
6126243756
6130472282
6129962950
6128121409
6129962926
6128485003
6127032826
6124786849
6118975300
6130282271
6122747081
6126664016
6128221930
6128033555
6129711886
6130619869
6130562390
6130135303
6129091256
6130144413
6130620250
6130820130
6128258243
6130336635
6130376703
6130134501
6130074356
6129859177
6130058835
6129366424
6129382765
6129386951
6128544170
6128482962
6126650278
6124093712
6126636592
6126703435
6126714836
6117495305
6122042860
6127123086
6119575927
6123065582
6126445275
6130044912
6124625611
6127982158
6127985684
6130324550
6125949383
6125960035
6130388052
6129243044
6126066762
6117198309
6126027206
6126025810
6126169929
6125287808
6128542881
6126200057
6130865607
6130742382
6130734944
6130674443
6126068167
6127084524
6116893772
6117724368
6118478210
6119268072
6123787831
6124414788
6130736495
6130784497
6130784820
6130310904
6123112559
6128207880
6129923699
6128119056
6124884936
6126396092
6126211232
6123786603
6123841968
6125603628
6126988781
6127732238
6127814346
6127846896
6128913657
6129010202
6129062949
6129093405
6129131191
6129249887
6129342631
6129437461
6129497633
6130670467
6130474021
6130413829
6130284100
6130238921
6130870800
6130789946
6129706784
6130184150
6130304214
6130330464
6130347030
6130408069
6130408195
6130796212
6130826148
6130906801
6123798969
6125887376
6125885284
6129343899
6126680954
6129184836
6129899968
6129368960
6129536329
6126109856
6130598618
6127064480
6130598568
6128489894
6130698748
6130608858
6129281842
6130293105
6130176783
6130847461
6127788562
6126337488
6125544637
6129504293
6129459629
6125232241
6125953608
6128481858
6128800929
6129459526
6129475529
6129854357
6129921614
6129967389
6130297504
6130297555
6130297653
6130340928
6130598292
6130598403
6130812700
6130830025
6130653857
6130653827
6128923648
6129693119
6129700417
6130416584
6130416637
6130706829
6130419344
6130800673
6130800765
6130800840
6130862140
6130861215
6130860592
6130407274
6130406911
6130406747
6130284455
6130284428
6130284250
6130170135
6130790167
6130790431
6130790737
6130791082
6129824792
6128304097
6130127008
6130849329
6129847289
6126068859
6126071010
6129826432
6129835674
6128893514
6130023542
6130026228
6130849191
6130850437
6130851873
6130853395
6130854910
6119093959
6126786811
6126058797
6119537313
6122219340
6130892443
6130892151
6130892747
6130891485
6130170135
6125802877
6127857401
6128834998
6129104797
6120259166
6128956682
6129349171
6128703144
6127436449
6130582660
6130582534
6128433055
6130643793
6130043148
6130662329
6129966441
6130461290
6127378853
6129449652
6127363165
6129257830
6129085653
6127186221
6128761976
612892586
6127574738
6128134351
6127574760
6127575124
6128096213
6128096476
6128961493
6130149171
6128096168
6127979770
6127979770
6127821975
6128742529
6130483215
6130674345
6130675523
6123026284
6129023129
6129723403
6130699763
6130152783
6130026911
6130599706
6130470492
6130734601
6130735537
6130736342
6130735879
6130736653
6128542419
6127849691
6130282622
6130830432
6130828519
6130828369
6130789007
6130473888
6130789065
6130788556
6130473869
6130473842
6118392643
6122747914
6128835800
6128978512
6128455463
6130464887
6129925686
6129214621
6129144000
6128471329
6128703608
6129060614
6128879947
6129518575
6129565689
6129566406
6129704093
6130482979
6130483643
6120081929
6129105524
6126013446
6125884404
6129103361
6130302358
6129141523
6129900709
6129005591
6129837538
6130876136
6122698896
6129087141
6129562333
6130731155
6129342250
6129782679
6130729931
6128761658
6129281283
6129520613
6124464866
6124796044
6125004927
6126265165
6128744696
6128779782
6129142541
6129243926
6129261087
6129524841
6129950539
6130470019
6129779920
6130670513
6128978168
6128979011
6128979752
6125985109
6126118315
6126524233
6130223758
6130300243
6130303212
6130307966
6125950794
6129630668
6129503917
6126118417
6129689242
6116086535
6124126092
6126367875
6124790948
6122904277
6128827954
6128829475
6130019755
6127988635
6129125233
6128120711
6126898039
6130470147
6126832143
6127255204
6128837031
6130698374
6128533426
6128541644
6129783869
6129844167
6125035394
6126399583
6122556132
6130062436
6130168723
6128038919
6123194096
6127242726
6127246936
6129282419
6126523769
6130612350
6109143073
6126832467
6129530234
6130828414
6130785009
6129801117
6130277021
6130784973
6129405643
6130319658
6130232000
6130234996
6130231392
6130231643
6130319947
6129510425
6129510673
6129603841
6129406990
6130367053
6130231695
6130365327
6129547035
6129511142
6129547270
6129511100
6129511068
6129907855
6129906707
6130438375
6129773944
6130180915
6130204514
6130688582
6130688600
6130762225
6130786979
6130851764
6130851808
6126926917
6127323368
6130492681
6128599029
6129110008
6128485236
6128124438
6127529979
6124997302
6129922374
6130312052
6130389716
6129765198
6129771082
6129073494
6129073514
6130383384
6128001685
6129968887
6129690412
6129107796
6129690277
6130383378
6130429434
6129772613
6129942392
6130148215
6126703188
6128978013
6128793878
6129094680
6130417435
6130886275
6130886641
6130886814
6130886904
6127519128
6127060669
6123177703
6124817730
6125510134
6122120584
6123071252
6123071690
6124487594
6124709329
6125879194
6128661656
6127093183
6123179340
6125036270
6125007472
6123177307
6130145912
6130023189
6130254710
6130258049
6130944648

6129781917
6129786613
6129834686
6129855239
6129855904
6129859404
6129859498
6129867329
6129867614
6128744804
6129905548
6128753035
6128752951
6128779161
6127688292
6127859910
6130386648
6127909387
6128370501
6130385221
6127685678
6129905003
6129863440
6128333948
6128097787
6129855440
6127620081
6127620391
6127621885
6127620066
6127617354
6127620142
6127620126
6127615308
6127595055
6130255841
6130147703
6129990210
6129989059
6129986502
6130863932
6130831624
6130829419
6130705585
6130705154
6130668813
6130386600
6128800953
6128121975
6127531658
6130719996
6130705367
6130701285
6130618012
6130599148
6130388632
6130177752
6128781058
6130631417
6130683511
6127987227
6129427010
6128665395
6130684442
6129770688
6127707922
6130092561
6128747681
6129144866
6129277600
6125761481
6130422568
6130738383
6130705128
6129627004
6129500102
6129466093
6130168286
6130475611
6129499835
6130750028
6130433431
6130177726
6130216479
6129515100
6129914997
6129594707
6129508193
6130181762
6130310133
6130750979
6128031472
6130750989
6130420008
6130482676
6129248517
6129508179
6128139400
6127514957
6128653389
6126565596
6127625212
6129951876
6129989900
6129991907
6130006193
6130012235
6130011228
6130126125
6130259721
6130386074
6129221302
6124956781
6127394012
6128572044
6129666402
6128370374
6130672196
6129319658
6129319618
6128999869
6128628463
6128304214
6128045477
6125177352
6130675935
6120472780
6128706279
6124542393
6125086153
6130389161
6130388620
6126824650
6128472181
6128400580
6129386387
6129275474
6129644121
6128517008
6128723062
6126240491
6128844735
6128878903
6128565898
6122226609
6130910426
6130422917
6130863506
6130430068
6129167201
6130426845
6129168229
6130870874
6130863302
6126161855
6130430019
6130919457
6130919678
6130220793
6128759664
6127730344
6127737096
6125730267
6127923478
6128405995
6126644976
6127738438
6125731118
6128405910
6128405915
6130026540
6125763390
6128799681
6125007926
6127536466
6130184927
6120422096
6119964414
6130254637
6130710894
6128317056
6128412381
6130886918
6127645544
6130483829
6130332041
6130646072
6130207956
6122962847
6130300883
6127328244
6130212553
6130176706
6130909585
6129683721
6130132109
6130123112
6130031413
6130036156
6129900225
6129569668
6129856526
6127368569
6128048821
6126790134
6125749417
6127310062
6130646072
6129780421
6129439816
6129761526
6127917613
6126579957
6130349246
6130653789
6125886014
6130816274
6125823163
6122300051
6127099080
6130230202
6128592159
6130381544
6130344155
6129784497
6129496900
6120707585
6120748258
6124959582
6124959960
6124961216
6125292037
6126778534
6127329303
6127368118
6129489093
6130170564
6128340452
6128336089
6128842888
6130414627
6130169464
6130169390
6129567267
6128843241
6129962565
6129965895
6125416412
6130614346
6128038999
6128095212
6128777428
6128000904
6129616684

6125410849
6128778413
6130941062
6130941692
6130614761
6130744332
6130744371
6130744379
6117622761
6117623373
6130744407
6124214028
6129328312
6130539397
6127810781
6115481535
6130744389
6130744361
6130744354
6129471586
6120488123
6129054909
6129198332
6118130674
6129263361
6129224647
6129072732
6129194959
6128852982
6128408649
6126655411
6116148846
6123201525
6116289303
6129261446