7051780669
7054701539
7054995479
7055949459
7055949839
7055950199
7056224119
7056893439
7055949669
7055949909
7055949769
7055949989
7055950129
7057958529
7059790259
7059790239
7059790229
7059790289
7057286029
7059337029
7050750829
7054995469
7055949389
7058699009
7058256059
7060048979
7059071369
7059069659
7059076079
7059790329
7059790349
7059790339
7060049089
7054993359
7055950269
7055950309
7055950369
7055950529
7055950459
7055950599
7055950639
7055950739
7056224149
7059790389
7060049109
7057958689
7060049129
7060049149
7060014469
7048577869
7055950789
7055950869
7050750839
7055950799
7055951179
7055951229
7058534779
7058534799
7060049169
7055951049
7059348149
7060048699
7057959289
7057959299
7059790449
7058611839
7057748939
7060048189
7060049219
7052160629
7052560599
7051780769
7053967439
7053967499
7053392209
7053967449
7053967489
7053967659
7053967509
7053967589
7055951499
7058256269
7053392049
7053762669
7056224339
7058025449
7059058599
7059741039
7060049269
7052560669
7052560689
7053967519
7053967599
7052560729
7056224379
7059076259
7057959429
7059790529
7060049289
7059012469
7059788569
7059730139
7055951559
7055951579
7055951509
7058256379
7057264209
7059076379
7059076389
7059076419
7059076409
7059790579
7059790589
7055951529
7055951549
7055951569
7058282029
7059076459
7058751629
7060049329
7060049319
7053202209
7052560699
7053202249
7052560719
7053202329
7053202369
7053202159
7054701869
7055951589
7055951609
7055951709
7057959649
7055951679
7055951839
7057959679
7059558389
7059076449
7055951859
7058256399
7052560659
7054177459
7058535139
7060049339
7060049349
7052560829
7054177449
7051267739
7052560759
7052560779
7052560819
7058535249
7053202019
7053202179
7059790649
7053202299
7053202419
7059790639
7060049369
7052560769
7052857319
7059794449
7059556439
7060049399
7055951599
7055951879
7056833199
7053202709
7053393949
7055951869
7059076539
7056467869
7059076559
7059558439
7059076529
7059076549
7059076569
7059076589
7059558449
7055951909
7058256469
7060049389
7047565309
7051780929
7054996149
7055951969
7053968019
7053968119
7056224689
7055408279
7056224709
7058498349
7058535279
7058535269
7058535319
7058535329
7059790739
7059790749
7059739679
7052560979
7059965709
7060049379
7058718279
7060049459
7052561039
7052561139
7052857459
7052560969
7052560989
7059558479
7058535349
7059558489
7060049469
7060049479
7060049059
7053202749
7053762829
7057264519
7054996209
7057960019
7058535419
7059076729
7059076749
7059076759
7059076779
7059076819
7059076809
7059076839
7059076879
7059556629
7059790789
7059076869
7059558499
7060049489
7060049499
7060049509
7056861699
7058535179
7057506169
7058535469
7059558519
7059556649
7059558529
7059790829
7059340479
7059339619
7060049529
7059558539
7059790839
7057912759
7060049549
7060049569
7059077059
7059790869
7059349259
7059349269
7060049589
7049943679
7055687019
7050026249
7050208209
7057960419
7057960449
7057960469
7057960489
7060049599
7060049619
7060049629
7058788149
7051042959
7051987839
7052561379
7053203099
7053203199
7053203239
7051267829
7053396479
7052857509
7053763179
7052751389
7053398419
7053397099
7053202969
7053398559
7053763339
7053203909
7053968039
7053763229
7053969059
7054996499
7053968089
7053968629
7053968109
7053968049
7054996739
7054177639
7053969069
7053968809
7055952239
7056894899
7057264769
7057960499
7057264809
7057960509
7057960569
7058535689
7057960559
7057960609
7057960539
7057960529
7059077129
7058535709
7053569079
7054996319
7055952409
7058535749
7059790929
7058535739
7060049679
7051781939
7059790979
7052751619
7060049699
7054375439
7054996899
7054178049
7054702549
7056894959
7056895059
7056225169
7058535799
7056894949
7059077199
7056895029
7056895109
7056895089
7059558679
7056895149
7059790989
7059791049
7055952529
7058535819
7058535789
7060049709
7060049719
7049482089
7050208709
7050752009
7050752029
7050752069
7050752089
7050752109
7050752149
7050752169
7051043129
7051043149
7052872049
7053203969
7050751849
7060038429
7060049739
7050751959
7050751979
7051990219
7053969359
7054996979
7054997019
7056895099
7056895119
7056895139
7058535969
7057472079
7058535959
7060018749
7057472069
7060018639
7060049779
7060016919
7060049799
7060049769
7060038439
7052857859
7056895209
7053398639
7056895309
7056895329
7056225339
7057265269
7058535989
7056895239
7056895359
7056895379
7059558759
7053398649
7060049819
7059011469
7060016479
7058490299
7059558779
7059791159
7059791149
7060049809
7060049859
7059118479
7056895419
7056895429
7056895439
7056895449
7057265309
7057265339
7057265319
7058257139
7060049879
7060049889
7060049899
7060049909
7060049919
7047611989
7049437669
7050752059
7050752129
7050752119
7050752159
7050752809
7053204509
7050752179
7057265369
7051990359
7053763499
7057265429
7057265459
7057265479
7057961439
7059558819
7060048919
7060049939
7060049959
7060049929
7060049979
7060049989
7049301329
7053763539
7050208969
7050209049
7052858329
7053763549
7059558869
7060049999
7060049969
7048028349
7053204799
7057265489
7060050079
7042378919
7043717759
7046938779
7049701179
7054702919
7056225689
7059068499
7059077379
7059791239
7049701259
7052858589
7056224909
7056224699
7056224999
7054997419
7057265609
7048678699
7060049259
7060050119
7053674519
7054997439
7059791329
7057961679
7054997409
7058748699
7058748739
7059295889
7054174699
7043920709
7049301829
7048193719
7049701989
7049942039
7051271259
7051991479
7053205859
7051991419
7053205219
7052561779
7053399659
7051991359
7053399669
7056895819
7054703149
7053970189
7057961689
7053970169
7059061399
7059062589
7059062889
7059060089
7053970209
7059061719
7059062769
7057961789
7057961769
7059558949
7059070299
7059062879
7059061649
7059558939
7060050099
7060050159
7048028339
7056895769
7059558959
7056895809
7059558979
7059558999
7059558969
7059558989
7059559009
7056895839
7060050179
7060050169
7060050189
7056895919
7054178339
7056895999
7059559029
7059559019
7059559049
7059559069
7059559039
7059559089
7059559109
7059559099
7059559059
7060050219
7042840209
7043375949
7043717969
7048680039
7056895929
7054178429
7049483179
7051045059
7054703469
7051783559
7059559149
7053399919
7059559169
7053400299
7059791529
7053206619
7054703459
7054703479
7059559189
7053400279
7054703439
7058791999
7059559119
7059559179
7059559199
7060050229
7059785829
7047612469
7047828069
7049702429
7053400079
7051271949
7051991529
7053763119
7053762989
7052858869
7053763779
7053970539
7053763129
7053763769
7053763789
7056896059
7056896009
7059559219
7059559279
7059559209
7059559249
7059559259
7059559299
7059794609
7059559269
7059559289
7060050269
7059787759
7059561899
7044997829
7045867409
7043025649
7044997789
7045867389
7060050289
7045867749
7042590599
7045867789
7045867809
7053763819
7046941129
7056896119
7050209889
7051045089
7052562069
7056896089
7056896109
7059790509
7060050299
7060050329
7047612669
7055953709
7045555179
7058536349
7045867399
7045867519
7045867639
7045867659
7045867799
7059791109
7049703519
7050209899
7051784019
7053400439
7055953719
7055953779
7058257399
7058536339
7059558719
7058536359
7058536379
7055953839
7055953849
7058536399
7058257409
7058536389
7060050359
7055414779
7055953869
7055953639
7055953859
7055953949
7055953929
7055414919
7055953909
7055953989
7055953759
7055953959
7057962349
7059077709
7055954009
7058792069
7059343209
7060050379
7055953999
7059077699
7059077719
7059077739
7045867679
7045867719
7048028859
7048464439
7050753299
7059077759
7051045169
7059077749
7059791669
7060050399
7060050369
7045867899
7053971229
7055954089
7055954099
7055954139
7055954069
7045867759
7045867879
7055415279
7055954179
7055954219
7055954259
7055954229
7055954249
7055954269
7042379129
7042430069
7043117979
7045559739
7047612829
7049704449
7050027189
7050027209
7050210379
7050210389
7050210409
7050210419
7055954289
7055954299
7055954319
7055954349
7058792189
7045868249
7045868259
7045868279
7045868299
7047613219
7049483829
7048681559
7050210609
7049704679
7050210579
7050210599
7055954409
7055954419
7058536479
7059077829
7059077819
7042590939
7047830129
7045868399
7047217939
7047612909
7048682099
7050210789
7050210659
7049305829
7050210679
7050210699
7050210799
7053380989
7055954649
7053380959
7053381029
7050210759
7050210779
7053380939
7050211119
7053380949
7053381019
7053381079
7059077849
7055954479
7055954539
7050211099
7055954579
7055954639
7059077839
7059077859
7045868429
7055954719
7055954859
7055954839
7053205279
7055954769
7055954809
7055954749
7055954919
7055955199
7055954939
7055954979
7059559459
7055954899
7042379339
7043719279
7043242629
7043921649
7045347079
7045868669
7045869769
7045868699
7045868769
7045868659
7047831069
7049306659
7045868629
7045868709
7047831329
7049306339
7049306679
7047613979
7045868849
7049306669
7049306739
7055955399
7049160929
7055955429
7055955509
7057266289
7055955499
7043720469
7055955559
7055955549
7057266319
7057266339
7057266359
7043922709
7044732919
7044732959
7044732979
7055955689
7048683669
7045870639
7048683659
7048683639
7049162499
7055955629
7055955699
7055955709
7057266299
7057266349
7048683649
7057266309
7055955649
7055955749
7055955779
7055955799
7055955769
7055955809
7055955879
7055955899
7055955919
7055955819
7044733119
7044732989
7044733049
7044733109
7045347399
7045871039
7044733069
7045871029
7052753659
7051047119
7055955859
7045870889
7055955759
7055955839
7045871309
7055955939
7045871319
7049163109
7055955909
7045871149
7055955869
7055955889
7057266379
7055955949
7055955969
7055955929
7045347409
7045871019
7044733129
7055955979
7055956019
7055955989
7055956069
7055956079
7055956159
7055956189
7055956109
7055956119
7055956179
7045871119
7045870989
7051047179
7051047159
7051047219
7055956089
7043720979
7042427959
7042695919
7045870879
7042428199
7042428239
7044733359
7044733379
7044733339
7044733299
7044733559
7044733319
7044733459
7044733479
7045347579
7045347599
7045871359
7045347639
7057266419
7055956169
7060050589
7042695989
7043721789
7043721829
7043721869
7043721889
7044733249
7044733289
7044733349
7045871539
7044733389
7045871579
7045871639
7045347569
7052753699
7045347609
7055956259
7045577029
7045871489
7045871549
7045871669
7051047169
7051047209
7055956249
7044733589
7043721779
7053971909
7043721799
7054704959
7058996909
7058778439
7043721899
7054704999
7055956569
7055956589
7055956609
7055956519
7055956539
7055956579
7045347899
7054705019
7054705009
7054705029
7055956549
7060050629
7059794249
7060050639
7060050649
7047218879
7047218899
7047218939
7049308259
7059072379
7056696939
7056699849
7056689979
7048272019
7048277669
7048274679
7048275449
7056707869
7048266769
7056700299
7048270019
7056706469
7056705229
7056697079
7056687099
7048253609
7056707389
7048259729
7060050779
7058537189
7059094739
7059286439
7047218829
7049308289
7059791659
7059295609
7059556239
7060050799
7047218869
7047218929
7047218949
7051047409
7060050819
7051047369
7047218839
7051047359
7053406049
7053406019
7059078009
7051047399
7053405999
7053406009
7059077999
7060048529
7059337139
7060050839
7060050849
7047219039
7047219099
7047219159
7047219199
7048261799
7058792409
7059791859
7059601639
7059340089
7060050869
7057330179
7058487959
7060050859
7047218989
7047219009
7047219049
7047219339
7047219439
7047219309
7047219519
7047219559
7047219469
7053764459
7053764499
7047219629
7053764539
7053406069
7053764529
7056691409
7059791869
7060050889
7056959619
7047219029
7047219539
7047219619
7047219169
7048281159
7053406059
7047219369
7053764579
7056677059
7056683999
7057963499
7058792499
7056690429
7057963579
7056687569
7058257889
7048277999
7056894989
7056894999
7060050879
7060050919
7059492619
7059780149
7057323169
7059560339
7047219449
7047219529
7048281589
7048286429
7059791929
7047219599
7047219639
7059791949
7056685959
7060050949
7054187899
7060050979
7045040339
7048262399
7048264419
7048272319
7059078269
7059078289
7053992889
7057471429
7058547919
7060016999
7060051009
7060050989
7060051019
7047219649
7048251149
7048253589
7048254549
7048278529
7048293029
7054376409
7047219659
7055956809
7055956829
7054376419
7054376459
7055956879
7058792649
7055985579
7059078369
7059078389
7058536619
7059559559
7059792029
7059792069
7060051039
7060051049
7060051059
7044505029
7060049359
7044505049
7060051069
7048249609
7048276299
7048292489
7050757849
7053764559
7058536639
7054376449
7059078399
7055956949
7059792099
7058260809
7057009089
7058777289
7059078429
7058536669
7059078409
7059078469
7059078449
7055956849
7060051079
7058795849
7059078439
7050028109
7055956989
7059744319
7055957049
7056227069
7056896589
7059553329
7060051109
7060051119
7042982819
7060051129
7057665169
7058782709
7060051139
7053763329
7056699889
7056702749
7056707229
7050757839
7058536689
7058536709
7055956999
7058536729
7059078489
7056683199
7059792169
7056676619
7056693739
7057267979
7058536699
7058536719
7058536739
7059078479
7059078499
7060051159
7060051179
7060051189
7059795979
7057268169
7057717389
7058536769
7059078549
7059921749
7060051209
7058212829
7060051229
7059070029
7060051249
7052647599
7059061359
7059556539
7047808899
7055957199
7060051259
7057268679
7055957229
7056227169
7056227189
7059792239
7059792269
7060051279
7057507079
7043715019
7053077019
7055957259
7055957359
7055957369
7055957389
7055957399
7057271679
7059079519
7053084649
7059790459
7060051329
7049950749
7047216409
7055957409
7056896889
7055957579
7056896909
7055957899
7058792869
7059792319
7055957939
7060051359
7060051029
7055425319
7055958209
7056896959
7057965389
7057965409
7058792909
7059792339
7059792359
7058446549
7058782149
7055958479
7057270299
7056227229
7056896989
7059080899
7059081259
7059081379
7059080989
7059081049
7059081109
7059792379
7059081129
7059081189
7059792399
7059081209
7059792419
7059081309
7059792439
7059081329
7059792459
7060051409
7059792369
7059792429
7059792449
7059792489
7059792509
7059080969
7059792519
7059792469
7060051429
7056169279
7053972179
7058243849
7058244529
7056897039
7056469239
7056896899
7058244659
7059081529
7059081669
7058536939
7059081489
7059792529
7059081519
7059792549
7059792559
7059792569
7059792589
7059792579
7060051449
7057524859
7048538739
7055959449
7055959579
7056227309
7055959709
7056525869
7056227299
7057271429
7056227319
7057982409
7058264719
7059792599
7059792629
7059792639
7060051469
7060051489
7049873119
7059792649
7059792659
7060051499
7060051509
7060051529
7059508139
7054706059
7055289619
7056227359
7054706089
7055959999
7054706049
7058793099
7055960049
7056227369
7059709579
7059792679
7059792669
7059792719
7057965729
7058264729
7059792699
7059792709
7060051539
7060051519
7060051549
7060051559
7048177079
7055960669
7055960909
7057965649
7056897109
7058264909
7059792749
7058264899
7059792759
7060051569
7048787249
7052753829
7058793109
7059792769
7057272039
7059792159
7059792129
7060051579
7060051589
7060051599
7055960689
7056897169
7057965849
7057272049
7055960739
7059083529
7055961019
7058793159
7059083459
7059083559
7059792829
7059083639
7059792799
7059792809
7059099789
7059728419
7055961109
7055960919
7059792819
7059792839
7060051609
7060051619
7060051629
7054929239
7053972409
7053972449
7056897199
7058537099
7055961269
7060051639
7055961589
7055961549
7059083779
7059083919
7059083859
7059792859
7059792899
7059083909
7059792919
7059792879
7059792889
7055961139
7055961159
7059083789
7057142039
7060051649
7060051659
7060051679
7054961469
7053208249
7054999539
7055961659
7056227499
7058793219
7059792929
7059792969
7059789979
7059293039
7060051699
7060051199
7042250449
7042348329
7042392869
7042247979
7042577069
7042331279
7042700379
7043959859
7044304029
7044286399
7044287759
7045457209
7045462509
7045997949
7047212789
7053972439
7055962259
7053972419
7047822009
7056470359
7057495919
7056534039
7057272459
7056896869
7057966079
7055962489
7058777279
7058777419
7059084929
7058777269
7059084829
7042333349
7045263599
7060051749
7045263699
7045263719
7048120069
7048579169
7049097029
7047462159
7046976139
7049113869
7049120249
7047465479
7047710959
7047739819
7049438189
7049643389
7048475379
7049260399
7049260679
7048494099
7050694869
7049414059
7049260759
7051993809
7049435199
7049561539
7050381919
7049395479
7051733089
7050388219
7052566949
7052465589
7051456989
7049643299
7052678449
7051311779
7051957939
7051329199
7052229009
7050387699
7052681609
7052447289
7052566009
7052568229
7052681689
7052755989
7052219779
7052776509
7052568459
7052681389
7052208639
7052562899
7053133119
7053564769
7052756089
7052821869
7053211619
7053191979
7055566529
7053215829
7053316599
7053782079
7053494649
7053273779
7053478789
7054179239
7055566559
7055566579
7053442659
7058265249
7053915099
7058265389
7057966209
7057966279
7056897339
7057272519
7058265349
7058265409
7058793289
7058265399
7058793369
7060051769
7054999659
7058793339
7059085969
7058265279
7058793409
7059086489
7058265219
7058793349
7057966199
7058265239
7058793359
7049320379
7051511189
7058265299
7058265379
7057966219
7053493889
7060051799
7060051809
7045263469
7045263609
7045871049
7049947879
7059744209
7059793129
7059793139
7060051829
