6049986504
6050514754
6051127354
6051862704
6052151814
6052873004
6055839254
6056531234
6056580264
6056684984
6056794654
6056954244
6057656614
6057987594
6058939254
6059600204
6059711104
6059807464
6063363294
6065526564
6065535104
6065536474
6065600194
6065963574
6065964724
6066193714
6066194284
6067003254
6067003264
6067003284
6067003304
6067003314
6067003334
6067003354
6067003394
6067003414
6067003424
6067003444
6067003454
6067003464
6067003474
6067539004
6067543334
6067543794
6067748534
6067777094
6068234294
6068235854
6068398284
6068863024
6069321814
6069471764
6070893624
6070903444
6070910524
6071523584
6071828694
6072490244
6072493074
6072493354
6072502484
6072503454
6072627824
6072629004
6072655854
6072660484
6072670024
6072725124
6072729064
6072765314
6072765604
6072773444
6072779244
6072806894
6072811214
6072817314
6072821834
6072825904
6072826524
6072878514
6072881914
6072891294
6072919214
6072973534
6073092854
6073133454
6073134294
6073134654
6073446614
6073450734
6073450744
6073453844
6073485174
6073493934
6073494064
6073494374
6073872724
6073872764
6073872814
6073872924
6073873284
6073880544
6073880794
6073882154
6073889314
6073889414
6073889694
6073889744
6073890074
6073890874
6073894794
6073895424
6073904634
6073905094
6073906304
6073911124
6074274914
6074275454
6074355544
6074413314
6074670834
6074830884
6074836044
6075218114
6075428894
6075605984
6075612534
6075612614
6075618474
6075625404
6075642924
6075965194
6076080404
6076414184
6077217554
6077383114
6077449804
6078022784
6078041134
6078042004
6078491614
6079164784
6079168414
6079176774
6079191614
6079574404
6080002104
6080063894
6080064634
6080065034
6080066484
6080070294
6080078824
6080079484
6080081584
6080084314
6080101314
6080465814
6080797824
6080797964
6080798334
6080801214
6081397694
6081397714
6081398394
6081399544
6081402824
6081404264
6081404504
6081404844
6081406944
6081413434
6081413474
6081414584
6081415114
6081416884
6081417904
6081419004
6081423004
6081436824
6081437594
6081492614
6081492654
6082230164
6082406744
6082406764
6082408544
6082411454
6082412954
6082418484
6082420034
6082426944
6082428614
6082432914
6082433804
6082433874
6082441044
6082666834
6082666954
6082666964
6082676824
6082677134
6082677264
6083148434
6083432054
6083440304
6083770764
6084446394
6084447584
6084447724
6084456944
6084457284
6084458204
6084459354
6084459904
6084467394
6084468594
6084478184
6085433904
6085435974
6085437214
6085438444
6085439054
6085439064
6085440194
6085442184
6085442574
6085442674
6085442824
6085443024
6085443604
6085443754
6085443844
6085443904
6085443924
6085443954
6085444004
6085444014
6085444144
6085444204
6085444264
6085444274
6085444314
6085444364
6085444384
6085444414
6085444444
6085444464
6085444484
6085444544
6085444654
6085444664
6085444684
6085444694
6085444964
6085444974
6085445014
6085445024
6085445064
6085445084
6085445164
6085445234
6085445354
6085445374
6085445464
6085447634
6085447934
6085448714
6085449984
6085450754
6085451634
6085451874
6085452324
6085452894
6085453404
6085454014
6085455964
6085457204
6085465134
6085465394
6085465454
6086179274
6086179304
6086179334
6086179364
6086179374
6086179404
6086179414
6086179434
6086179484
6086179494
6086179514
6086179634
6086179684
6086179724
6086179744
6086179754
6086179784
6086179794
6086584204
6086619154
6086664664
6086694034
6086695914
6086703594
6086719694
6086741064
6086741404
6086741604
6086792844
6086794884
6086960224
6087039864
6087164984
6087267664
6087268204
6087599424
6087601884
6087601914
6088383934
6088384024
6088397224
6088397274
6088400424
6088402054
6088408974
6088416044
6088416644
6088418964
6088422284
6088422384
6088453844
6088482134
6088550154
6088555214
6088556194
6088556924
6088681374
6088682524
6088684614
6088686274
6088687474
6088687484
6088687724
6088688154
6088888834
6088916744
6088936014
6088936814
6089027994
6089059384
6089094824
6089106964
6089187624
6089213184
6089274614
6089296024
6089313274
6089319984
6089328004
6089329284
6089329304
6089331374
6089334054
6089338544
6089338874
6089339154
6089341024
6089341174
6089344804
6089355774
6089396884
6089404954
6089411194
6089788644
6089965674
6089965954
6090010204
6090011084
6090061274
6090316554
6090339064
6090345894
6090348834
6090349504
6090502894
6090503834
6090549044
6090921734
6090958454
6090962484
6091048384
6091182754
6091239584
6091258544
6091285144
6091288644
6091298564
6091298604
6091304504
6091304644
6091305184
6091307074
6091310584
6091314234
6091320714
6091324204
6091335384
6091339564
6091499154
6091504404
6091505734
6091550214
6091772824
6092412414
6092474014
6092516294
6092529014
6092531134
6092532064
6092533404
6092536824
6092537264
6092548554
6092548784
6092558214
6092560044
6092560334
6092560804
6092561954
6092565074
6092567904
6092569954
6092570064
6092572464
6092573284
6092755054
6092921344
6092953084
6092973954
6093342654
6093342984
6093343994
6093345654
6093346244
6093348254
6093348884
6093348894
6093349464
6093350004
6093350044
6093350074
6093350114
6093350174
6093350194
6093350414
6093350534
6093350554
6093350684
6093350894
6093350904
6093350934
6093351224
6093351714
6093351894
6093352024
6093352344
6093352384
6093352454
6093353224
6093353874
6093354284
6093355244
6093355254
6093356004
6093356074
6093357414
6093357424
6093357714
6093357804
6093357944
6093358474
6093358664
6093359424
6093359444
6093360344
6093361054
6093361804
6093362984
6093363174
6093363724
6093364224
6093365224
6093365364
6093365564
6093366534
6093369254
6093370544
6093371744
6093371754
6093372614
6093372844
6093373034
6093373944
6093374554
6093374584
6093375944
6093376134
6093376824
6093376904
6093378314
6093378974
6093379814
6093379904
6093379974
6093380434
6093380634
6093380884
6093381104
6093381924
6093381954
6093382874
6093383474
6093383804
6093383904
6093384554
6093384934
6093384974
6093385044
6093385054
6093385394
6093385444
6093385494
6093385604
6093385614
6093385694
6093386354
6093386434
6093387144
6093387154
6093387204
6093387464
6093387824
6093434694
6093478194
6093578874
6093600994
6093663844
6093695294
6093698394
6093744574
6093745114
6093745314
6093827934
6093913214
6094164754
6094236004
6094359214
6094361504
6094363444
6094388594
6094391334
6094425174
6094426974
6094431714
6094431874
6094432294
6094432514
6094432574
6094432654
6094432754
6094484944
6094706344
6094768324
6094866094
6095135294
6095336794
6095427394
6095505464
6095505544
6095559784
6095561614
6095566794
6095567164
6095568454
6095568994
6095569094
6095572714
6095573144
6095573714
6095574604
6095574624
6095575044
6095575734
6095579104
6095579414
6095579744
6095579894
6095585854
6095588004
6095592744
6095598234
6095603984
6095720174
6095818944
6095862304
6095928764
6096129414
6096579244
6096713564
6096731114
6096731504
6096731544
6096734124
6096735564
6096735744
6096737214
6096737724
6096738644
6096740434
6096740484
6096743514
6096748754
6096749564
6097199104
6097641204
6097672064
6097672194
6097673264
6097675034
6097675334
6097675534
6097675654
6097677614
6097678464
6097681254
6098043814
6098078364
6098448914
6098540524
6098541024
6098541094
6098541124
6098541194
6098541394
6098541514
6098543174
6098543714
6098544124
6098545284
6098545674
6098545814
6098546824
6098546894
6098547944
6098548284
6098548324
6098548544
6098548644
6098548704
6098548734
6098548974
6098550044
6098550164
6098550694
6098550984
6098551134
6098551614
6098552104
6098552644
6098553654
6098553734
6098555364
6098556024
6098559494
6098561734
6098562684
6098739684
6099368624
6099369564
6099374884
6099376584
6099377144
6099377164
6099378964
6099551114
6099551254
6099552364
6099552484
6099552834
6099553514
6099555864
6099556874
6099557104
6099557744
6099558384
6099559324
6099559684
6099559924
6099563174
6099563484
6099564494
6099566694
6099568584
6099570524
6099574144
6099574304
6099574744
6099585144
6099585274
6099656914
6099657354
6099905804
6100018474
6100231224
6100323324
6100347964
6100405664
6100420824
6100422844
6100424494
6100424824
6100426044
6100426064
6100428574
6100486874
6100757134
6100760244
6100804724
6100806304
6100806314
6100925434
6100938214
6100961894
6100967404
6100978884
6101137404
6101138104
6101139404
6101139564
6101177534
6101195454
6101195964
6101196944
6101197604
6101197894
6101201904
6101201994
6101204664
6101207354
6101211174
6101211304
6101213774
6101215224
6101216644
6101217334
6101220064
6101223354
6101228064
6101230384
6101230974
6101232334
6101437264
6101572414
6101844304
6101844684
6101899764
6101899954
6101947564
6102306234
6102459334
6102459424
6102486144
6102490134
6102491644
6102502514
6102544994
6102565684
6102566704
6102567074
6102617424
6102617874
6102618544
6102618874
6102622644
6102624814
6102627054
6102628214
6102630614
6102634394
6102634424
6102637864
6102637874
6102640724
6102640824
6102640934
6102643484
6102646164
6102646324
6102647064
6102648324
6102651354
6102655304
6102655344
6102746404
6102881244
6102960504
6103177034
6103219824
6103220584
6103326514
6103768124
6103907484
6103907574
6103916934
6103920164
6103921694
6103921784
6103921834
6103922094
6104026524
6104340414
6104608214
6104755974
6104756144
6104911864
6104951944
6104983164
6104984794
6104984834
6105018894
6105023474
6105701684
6105701774
6105739024
6105749314
6105749454
6105798694
6105798744
6105799224
6105800314
6105800604
6105801204
6105802264
6105802684
6105802904
6105803224
6105803424
6105804064
6105804664
6105806264
6105806274
6105807844
6105810754
6105814344
6105819844
6105820604
6105822494
6105823584
6105825074
6105831734
6105833674
6105833954
6105834974
6106199244
6106200014
6106256194
6106512064
6106577174
6106968184
6106971414
6106973534
6106973574
6106973884
6106974284
6106974404
6106974894
6106975244
6106975854
6106975984
6106978854
6106980294
6106981014
6106981144
6106982494
6106983744
6106983774
6106983844
6106984084
6106984144
6106984464
6106984494
6106985104
6106986174
6106986454
6106987294
6106987334
6106987464
6106988314
6106988804
6106988824
6106989494
6106990844
6106992664
6106993534
6106993564
6106994694
6106996404
6106997184
6106997904
6106998544
6106998864
6106999154
6107069814
6107076904
6107362774
6107363314
6107365174
6107366854
6107542474
6107542954
6107693374
6107829564
6107831714
6107934174
6107948984
6108038554
6108058364
6108070414
6108087264
6108087354
6108099544
6108165074
6108173504
6108175944
6108175954
6108175994
6108178744
6108178994
6108179124
6108180694
6108180744
6108181624
6108181844
6108210864
6108211374
6108212224
6108212614
6108212794
6108223904
6108225884
6108226804
6108226834
6108226874
6108227084
6108227994
6108358244
6108520404
6108620584
6108693854
6108819054
6109089094
6109240964
6109241924
6109242164
6109274104
6109279694
6109483684
6109483904
6109484474
6109589554
6109589674
6109590844
6109625454
6109626994
6109627954
6109970694
6110017464
6110045424
6110098204
6110105494
6110107814
6110107974
6110108094
6110169554
6110196774
6110197454
6110198134
6110198754
6110199434
6110199654
6110200244
6110201304
6110201544
6110202104
6110202524
6110202774
6110205194
6110205304
6110206404
6110208004
6110208104
6110208704
6110209084
6110209104
6110209194
6110210454
6110210494
6110210904
6110211664
6110211754
6110212844
6110212884
6110217914
6110218394
6110218514
6110531704
6110645224
6110693644
6110695844
6110888934
6111067644
6111076794
6111086404
6111146364
6111148134
6111149054
6111149524
6111153144
6111153154
6111153544
6111157384
6111157674
6111157764
6111157864
6111158014
6111158744
6111158814
6111159024
6111164804
6111164814
6111164834
6111164844
6111164864
6111164874
6111164884
6111164894
6111164954
6111164974
6111164994
6111165014
6111165054
6111165094
6111165114
6111165194
6111165254
6111165274
6111165354
6111165394
6111165474
6111165514
6111165614
6111165634
6111165654
6111165674
6111165694
6111165814
6111165874
6111165894
6111165994
6111166074
6111166094
6111166154
6111166214
6111166234
6111166254
6111166274
6111166294
6111166374
6111166394
6111166414
6111166514
6111166534
6111166554
6111166594
6111166614
6111166634
6111166654
6111166694
6111166794
6111166854
6111166894
6111166974
6111166994
6111167034
6111167054
6111167074
6111167094
6111167114
6111167154
6111167174
6111167194
6111167374
6111167454
6111173044
6111174464
6111174704
6111176644
6111177044
6111735574
6111810054
6111814924
6111822414
6111841534
6111842034
6111843754
6112196324
6112267804
6112269034
6112269444
6112269574
6112269954
6112270214
6112272004
6112272994
6112274034
6112274294
6112274974
6112275024
6112275204
6112275214
6112275544
6112275874
6112276294
6112886424
6113049014
6113049404
6113068794
6113370224
6113370434
6113370744
6113372134
6113372184
6113372634
6113373464
6113374914
6113375294
6113378514
6113378574
6113381044
6113381074
6113382604
6113384694
6113385274
6113385564
6113386014
6113386124
6113386154
6113386224
6113386944
6113387574
6113387594
6113389864
6113391204
6113391944
6113393614
6113394434
6113396354
6113396764
6113398984
6113399544
6113400214
6113724174
6113762324
6113773374
6114161154
6114161374
6114165454
6114425844
6114460494
6114461514
6114474394
6114474404
6114474434
6114474964
6114476154
6114476874
6114476944
6114477094
6114477204
6114478494
6114479134
6114479684
6114479954
6114480604
6114480714
6114480874
6114481284
6114481914
6114483114
6114485894
6114485944
6114486514
6114488554
6114488794
6114491234
6114491874
6114492154
6114492844
6114493304
6114493904
6114493914
6114494234
6114494784
6114494844
6114495244
6114495604
6114495904
6114497124
6114497744
6114499374
6114499384
6114499844
6114501004
6114501464
6114501634
6114503984
6114507254
6114508804
6114684234
6115139664
6115462254
6115473754
6115516324
6115575894
6115604164
6115607654
6115632504
6115632724
6115632814
6115632884
6115633724
6115634994
6115635234
6115635704
6115635834
6115636334
6115637574
6115639484
6115640534
6115640614
6115643774
6115645724
6115646454
6115646614
6115647624
6116542164
6116542214
6116698694
6116738544
6116774174
6116774514
6116788664
6116806094
6116858834
6116884454
6116884624
6116884874
6116884904
6116885544
6116885954
6116886314
6116886864
6116887844
6116887994
6116888364
6116888964
6116889044
6116889354
6116890144
6116890174
6116890404
6116890424
6116890434
6116890914
6116891654
6116891764
6116891774
6116891994
6116892684
6116893354
6116894554
6116895864
6116897244
6116898074
6116899524
6116900134
6116900304
6116900844
6116904134
6116905114
6116905464
6116905504
6116907264
6116907554
6116907894
6116908324
6116908654
6116909344
6116910334
6116911494
6116912044
6116912804
6116912854
6116913204
6116913254
6116913364
6116914664
6116919754
6116920484
6116920684
6116920694
6116921344
6116921944
6116922084
6116923074
6116923124
6116923144
6116923584
6116924114
6116924224
6116924724
6116924904
6116925154
6116925184
6116925834
6116925994
6116926474
6116926604
6116927584
6116927894
6116928244
6116928584
6116928844
6116929274
6116929394
6116929434
6116929554
6116929614
6116929624
6116929664
6116930044
6116930164
6116930224
6116930364
6116930454
6116930734
6116931404
6116931524
6116931754
6116932394
6116932424
6116932464
6116932484
6116932564
6116932594
6116932724
6116932924
6116933054
6116933514
6116933554
6116933664
6116933814
6116933854
6116934354
6116934544
6116935154
6116935184
6116935424
6116935454
6116935684
6116937674
6116937704
6116937934
6116938174
6116938194
6116938284
6116938474
6116938534
6116938884
6116940284
6116940294
6116940524
6116940544
6116940584
6116940594
6116940974
6116941054
6116941264
6116941514
6116941894
6116942044
6116942054
6116942804
6116943144
6116943274
6116943394
6116943574
6116943644
6116943674
6116943944
6116944024
6116944054
6116944304
6116944494
6116944724
6116944754
6116944834
6116945264
6116946164
6116946424
6116946524
6116946644
6116946664
6116946734
6116946794
6116946974
6116947064
6116947364
6116947644
6116948224
6116948314
6116948334
6116948524
6116948624
6116948704
6116948854
6116948914
6116948954
6116949034
6116949054
6116949464
6116949484
6116949604
6116949674
6116949824
6117149574
6117149704
6117304144
6117419144
6117419154
6117523664
6117661074
6117816764
6117817234
6117818014
6117818214
6118032974
6118034174
6118049764
6118083684
6118083834
6118084104
6118084414
6118085404
6118086624
6118087074
6118087684
6118088184
6118088494
6118089034
6118089324
6118089364
6118089574
6118089594
6118089614
6118090064
6118090074
6118090254
6118090394
6118090754
6118090904
6118091224
6118091664
6118091894
6118093304
6118093764
6118093804
6118093904
6118093964
6118093984
6118094034
6118094054
6118094334
6118094384
6118094434
6118094534
6118094744
6118094804
6118096474
6118096574
6118096664
6118097274
6118097894
6118099534
6118099664
6118100774
6118100844
6118100894
6118101604
6118101774
6118101994
6118102144
6118102944
6118102954
6118102974
6118103154
6118103574
6118103724
6118104294
6118104794
6118105974
6118106124
6118106654
6118107084
6118107114
6118108104
6118108284
6118108384
6118108444
6118109234
6118109334
6118109384
6118109554
6118110444
6118112474
6118112654
6118283384
6118315014
6118493154
6118625634
6118626734
6118669464
6118812894
6118846094
6118955864
6118955904
6118956084
6118956354
6118956484
6118957364
6118957724
6118958644
6118958724
6118959294
6118959324
6118959364
6118960214
6118961934
6118962674
6118963564
6118964174
6118964254
6118964774
6118967864
6118972234
6118973414
6118973984
6118976164
6118976204
6118978414
6118979004
6118979254
6118979524
6118981794
6118982654
6118983824
6118984204
6118984694
6118985294
6118985314
6118986564
6118987104
6118987684
6118987854
6118987934
6118988554
6118989314
6118989324
6118990104
6118991124
6118991744
6118992064
6118995204
6118998444
6119001504
6119001874
6119002044
6119002154
6119002654
6119005444
6119006304
6119018514
6119018834
6119019134
6119080924
6119144834
6119317284
6119338184
6119455334
6119910494
6119956744
6119956794
6119957154
6119959464
6119959504
6119959894
6119960794
6119961894
6119962264
6119962754
6119963204
6119963274
6119963364
6119963604
6119964574
6119964724
6119964734
6120208274
6120294484
6120427254
6120689814
6120730844
6120773794
6120886104
6120978434
6121062574
6121063084
6121063294
6121063384
6121067474
6121068054
6121068104
6121068114
6121068444
6121068454
6121068784
6121068944
6121070584
6121070844
6121071594
6121071844
6121072164
6121072234
6121075654
6121075774
6121076424
6121076454
6121077154
6121079124
6121080194
6121084274
6121087324
6121097414
6121097684
6121098274
6121099074
6121100254
6121100404
6121100514
6121100654
6121101134
6121103094
6121103694
6121104164
6121104484
6121104594
6121105204
6121105674
6121105764
6121105854
6121106484
6121106694
6121106924
6121107594
6121108004
6121111744
6121112264
6121112924
6121114424
6121115264
6121115964
6121117054
6121117344
6121117794
6121118574
6121119804
6121120064
6121120914
6121121684
6121123694
6121131774
6121259914
6121372754
6121425304
6121431574
6121518514
6121697294
6121767264
6122053054
6122132904
6122133244
6122209054
6122279594
6122279984
6122280334
6122280924
6122283414
6122285084
6122285974
6122286494
6122289414
6122290534
6122290844
6122291934
6122291954
6122292544
6122294334
6122294394
6122294404
6122294594
6122294784
6122295354
6122295464
6122295874
6122295884
6122298164
6122299474
6122299814
6122300624
6122302824
6122303074
6122303574
6122304354
6122304954
6122305544
6122305614
6122305964
6122306114
6122307794
6122308374
6122308444
6122309114
6122309284
6122309644
6122309774
6122309794
6122310484
6122311484
6122312154
6122312234
6122312324
6122312674
6122316374
6122566264
6122940374
6122966164
6122967474
6122970634
6123056714
6123148814
6123152624
6123381194
6123382814
6123387154
6123439724
6123445044
6123447614
6123447804
6123447874
6123872174
6124249184
6124250364
6124494504
6124619874
6124655304
6124656084
6124656264
6124656454
6124657144
6124658054
6124658344
6124658364
6124658404
6124658904
6124660074
6124660344
6124660364
6124660934
6124661074
6124661704
6124661744
6124661764
6124661784
6124662274
6124662524
6124663034
6124663924
6124664024
6124664264
6124664454
6124664574
6124664914
6124665244
6124666004
6124666694
6124666784
6124666824
6124667124
6124667474
6124667824
6124668054
6124668204
6124668454
6124669124
6124669454
6124671064
6124672134
6124672574
6124672674
6124672744
6124673654
6124674234
6124674734
6124675064
6124676134
6124676244
6124676634
6124676924
6124677104
6124677114
6124677124
6124677144
6124677174
6124677184
6124677204
6124677214
6124677234
6124677304
6124677354
6124677364
6124677374
6124677534
6124677704
6124677824
6124678824
6124679944
6124680784
6124682114
6124682194
6124684254
6124684404
6124684454
6124684924
6124685084
6124686384
6124688174
6124958204
6125003084
6125059174
6125432324
6125432564
6125633594
6125670334
6125776994
6125777384
6125777424
6125777444
6125778764
6125779044
6125779364
6125779414
6125779914
6125780204
6125780804
6125781004
6125782104
6125782174
6125782914
6125782924
6125784884
6125785374
6125785424
6125785454
6125785624
6125786984
6125787134
6125787214
6125787264
6125787314
6125787474
6125787504
6125788044
6125788334
6125788404
6125788434
6125788554
6125788894
6125789374
6125789814
6125790474
6125790494
6125790504
6125790514
6125790634
6125790774
6125791004
6125791064
6125791634
6125792404
6125792454
6125792714
6125794044
6125794494
6125794624
6125794724
6125795244
6125795444
6125795734
6125796044
6125796144
6125796204
6125796674
6125796694
6125796904
6125796934
6125797004
6125797074
6125797134
6125797234
6125797874
6125798254
6125798474
6125798574
6125798614
6125798654
6125798824
6125798864
6125798924
6125799654
6125800334
6125800354
6125800614
6125800654
6125801254
6125801294
6125802064
6125802724
6125802874
6125804334
6125805814
6125808504
6125809634
6125809954
6125814204
6125814544
6125976444
6125976554
6125976654
6125976804
6125976994
6125977264
6126206754
6126384564
6126506854
6126516404
6126584594
6126626884
6126888574
6126888734
6126888874
6126889034
6126889134
6126890274
6126890344
6126890354
6126891114
6126891164
6126892124
6126892664
6126893154
6126893184
6126893194
6126893724
6126893894
6126893954
6126894084
6126894744
6126894774
6126894794
6126894864
6126897074
6126899124
6126899304
6126899444
6126899764
6126899844
6126900684
6126901914
6126902714
6126902774
6126903424
6126903484
6126904444
6126904504
6126904914
6126904964
6126905994
6126906764
6126906934
6126907064
6126907074
6126910004
6126910674
6126910974
6126915484
6126916424
6126916684
6126916994
6126919014
6126921434
6127045014
6127152824
6127152884
6127235494
6127236184
6127252344
6127252364
6127252584
6127883604
6127884664
6127885564
6127890944
6127894124
6127898894
6127909834
6128184654
6128565914
6128612704
6128721364
6128844694
6128918584
6128920384
6128938744
6128995524
6128995994
6128996224
6128996394
6128997514
6128997724
6128997854
6128998384
6128999344
6128999824
6128999844
6129000524
6129001674
6129002044
6129002154
6129002554
6129002564
6129002734
6129002754
6129002764
6129003214
6129003714
6129003844
6129004514
6129004944
6129004984
6129005174
6129005394
6129005574
6129006014
6129006464
6129006994
6129007394
6129007404
6129007514
6129007594
6129007604
6129007654
6129007984
6129008094
6129010344
6129011464
6129011704
6129011764
6129012424
6129013624
6129013754
6129014144
6129015274
6129015544
6129015714
6129016474
6129016994
6129017214
6129019174
6129019424
6129019454
6129020834
6129020844
6129020914
6129020984
6129021154
6129021294
6129021534
6129022954
6129023114
6129023134
6129023804
6129023874
6129027814
6129027884
6129028204
6129032084
6129033624
6129034684
6129034704
6129035014
6129036934
6129036994
6129038044
6129039934
6129040234
6129040414
6129041234
6129041834
6129042204
6129043044
6129047384
6129451794
6129528994
6129737794
6129850854
6130002384
6130009444
6130092814
6130123974
6130130804
6130137324
6130142494
6130153884
6130155834
6130174514
6130174624
6130185034
6130205854
6130206044
6130206494
6130206774
6130206884
6130206894
6130209654
6130210404
6130212214
6130215454
6130216354
6130216674
6130217534
6130218084
6130218984
6130219194
6130219224
6130219364
6130219384
6130219494
6130219534
6130220104
6130220384
6130220414
6130220844
6130221854
6130221934
6130222184
6130222224
6130222244
6130222664
6130223544
6130223644
6130224064
6130224214
6130224594
6130228014
6130228834
6130229314
6130229374
6130229434
6130229624
6130230594
6130231884
6130236184
6130239294
6130273094
6130651054
6130732504
6130916014
6131090344
6131163104
6131174174
6131234224
6131260824
6131282194
6131302864
6131311094
6131314334
6131352654
6131352914
6131354704
6131354864
6131355324
6131355374
6131355384
6131355394
6131355424
6131355444
6131355484
6131355504
6131355554
6131355564
6131355624
6131357124
6131357644
6131358294
6131359394
6131361504
6131361684
6131362274
6131363184
6131364454
6131365464
6131367444
6131367834
6131367904
6131368154
6131368174
6131368444
6131368824
6131369194
6131748734
6131841674
6131843094
6132000344
6132120144
6132175314
6132250074
6132339074
6132359194
6132359934
6132360394
6132360684
6132360854
6132361014
6132361114
6132361754
6132362284
6132362664
6132362704
6132362744
6132362874
6132362924
6132364474
6132364844
6132365484
6132365834
6132366384
6132366694
6132367484
6132367544
6132367784
6132367964
6132368004
6132368024
6132368284
6132368724
6132368934
6132369054
6132369524
6132369824
6132370064
6132370614
6132371704
6132371734
6132371754
6132371794
6132371874
6132371904
6132372474
6132372844
6132373564
6132374224
6132374454
6132374984
6132375694
6132375774
6132376114
6132376134
6132376254
6132376614
6132376794
6132377094
6132377104
6132377264
6132377474
6132377884
6132377894
6132378014
6132378414
6132379414
6132379554
6132379594
6132381424
6132381464
6132381524
6132382144
6132382344
6132382564
6132383034
6132383094
6132383684
6132384944
6132385454
6132385584
6132385894
6132387084
6132387204
6132470984
6132518644
6132532024
6132715214
6133129014
6133197664
6133224724
6133259254
6133275494
6133280484
6133304514
6133339914
6133373104
6133446824
6133447834
6133448124
6133449704
6133458844
6133466034
6133502564
6133547414
6133547784
6133547844
6133548374
6133548434
6133548564
6133548924
6133548944
6133549024
6133552734
6133553254
6133553284
6133553724
6133553924
6133554274
6133554394
6133554584
6133555254
6133555964
6133556044
6133556764
6133557554
6133558034
6133558304
6133558674
6133558844
6133559004
6133559614
6133559624
6133559674
6133560584
6133560904
6133561074
6133561264
6133561344
6133561584
6133561674
6133561784
6133563444
6133565094
6133565204
6133566134
6133566844
6133566914
6133567084
6133567244
6133567784
6133568384
6133568864
6133569594
6133569764
6133569944
6133572014
6133573734
6133574654
6133575344
6133576024
6133576684
6133577334
6133577634
6133578084
6133578094
6133578154
6133578624
6133579074
6133579114
6133579124
6133579654
6133579964
6133580304
6133581114
6133583004
6133584944
6133586104
6133591664
6133592074
6133592734
6133593504
6133593534
6133597894
6133597964
6133639854
6133782844
6133838204
6133853514
6134004954
6134073564
6134451184
6134626764
6134760044
6134851554
6134851644
6134903264
6134915994
6134942994
6134943004
6134965424
6134991334
6134991824
6134992054
6134993784
6134993964
6134994124
6134994274
6134994884
6134995884
6134996054
6134997674
6134997724
6134998704
6134998944
6134999094
6134999454
6134999854
6135000494
6135002404
6135002894
6135003294
6135003334
6135004264
6135004784
6135004894
6135005304
6135006264
6135007234
6135007244
6135008384
6135008434
6135008544
6135008894
6135009114
6135009794
6135010064
6135010134
6135010174
6135010684
6135011754
6135013104
6135013294
6135013334
6135014584
6135014724
6135016484
6135017634
6135019434
6135020654
6135023704
6135024654
6135025714
6135026964
6135028444
6135028534
6135029184
6135032244
6135032374
6135032384
6135032394
6135032424
6135264374
6135288084
6135399144
6135550514
6135562474
6135562834
6135745394
6135848454
6136023974
6136041994
6136071984
6136082234
6136083174
6136101444
6136103084
6136137644
6136161274
6136176824
6136181894
6136213364
6136267204
6136304194
6136304244
6136313474
6136316134
6136316694
6136318614
6136318684
6136321054
6136321744
6136322264
6136322704
6136323084
6136323124
6136323674
6136324714
6136325134
6136325504
6136326914
6136327354
6136327484
6136327594
6136327804
6136327954
6136328504
6136328894
6136329314
6136329624
6136330914
6136414384
6136438424
6136444554
6136451314
6136451324
6136451344
6136461484
6136501264
6136580614
6136593564
6136627924
6136628134
6136805754
6136812984
6136893784
6136954784
6136982584
6136990164
6137001034
6137001504
6137229864
6137310314
6137352994
6137378384
6137386524
6137391554
6137408874
6137410054
6137411734
6137412294
6137412524
6137412544
6137412604
6137414134
6137414184
6137415394
6137416324
6137417084
6137417574
6137418584
6137420314
6137420474
6137420604
6137420934
6137423244
6137423834
6137424664
6137424964
6137425424
6137425594
6137425694
6137426004
6137426664
6137426994
6137428114
6137428524
6137428744
6137428834
6137428984
6137429424
6137429454
6137429484
6137430044
6137430484
6137430514
6137430764
6137430824
6137431014
6137431024
6137431634
6137431654
6137431954
6137432404
6137432434
6137432534
6137432574
6137432964
6137433144
6137433154
6137433644
6137433974
6137435334
6137435704
6137435714
6137435904
6137435944
6137436284
6137436584
6137437844
6137438414
6137438764
6137439254
6137440074
6137440254
6137440764
6137443844
6137446194
6137446574
6137449254
6137451094
6137454594
6137454914
6137455024
6137455284
6137455954
6137523714
6137538244
6137596254
6138086044
6138105024
6138106534
6138123294
6138202124
6138328104
6138332294
6138344914
6138389754
6138413154
6138415824
6138415864
6138417814
6138418134
6138425024
6138428794
6138431944
6138470854
6138472774
6138473104
6138473184
6138473194
6138473204
6138473224
6138473354
6138473364
6138473414
6138473504
6138473584
6138473974
6138474024
6138474244
6138474824
6138475064
6138475694
6138475834
6138475854
6138476094
6138478464
6138478514
6138478744
6138478914
6138478974
6138479104
6138479654
6138479804
6138479924
6138479994
6138480574
6138480834
6138481384
6138481424
6138481524
6138483534
6138483774
6138484634
6138485414
6138485514
6138485764
6138485954
6138486004
6138486074
6138486924
6138487774
6138488214
6138488234
6138488244
6138488294
6138488494
6138488744
6138488754
6138489264
6138490414
6138490544
6138490594
6138490624
6138493184
6138494794
6138495764
6138496504
6138496664
6138497194
6138497504
6138498104
6138498134
6138498384
6138500634
6138501764
6138502384
6138503574
6138505014
6138505174
6138506474
6138506494
6138506504
6138506544
6138506574
6138506784
6138506834
6138506924
6138507214
6138559964
6138682054
6138777774
6138977824
6139033434
6139087804
6139094284
6139151554
6139171904
6139287074
6139287734
6139355154
6139362334
6139401974
6139403164
6139407744
6139409834
6139423304
6139424834
6139447854
6139447894
6139456924
6139458264
6139459364
6139479034
6139479144
6139479374
6139479574
6139479604
6139479784
6139479924
6139480024
6139480834
6139481094
6139481184
6139481424
6139481884
6139482004
6139482534
6139485214
6139485344
6139486074
6139540694
6139574614
6139620504
6139639054
6139663584
6139684214
6139781244
6139824514
6139826304
6139838284
6139853164
6139853344
6139854634
6139855524
6139864304
6139866964
6139943414
6139952914
6140004754
6140048194
6140093614
6140103364
6140175394
6140212934
6140219344
6140263684
6140265234
6140275404
6140275594
6140308444
6140323304
6140323704
6140337324
6140340944
6140343474
6140343684
6140343944
6140344754
6140345024
6140345174
6140345234
6140345324
6140345474
6140345824
6140346144
6140346274
6140346404
6140346494
6140346704
6140346924
6140347424
6140347654
6140348024
6140348044
6140348084
6140348624
6140348814
6140348894
6140348994
6140349154
6140349214
6140349244
6140349364
6140349694
6140349874
6140349894
6140349994
6140350014
6140350034
6140350184
6140350434
6140350444
6140350474
6140350554
6140350564
6140350584
6140350594
6140350774
6140351734
6140351784
6140351934
6140351964
6140351984
6140352094
6140352214
6140352264
6140352304
6140352314
6140352604
6140352654
6140352944
6140353084
6140353384
6140353534
6140353614
6140353684
6140354064
6140354084
6140354204
6140354274
6140354394
6140354474
6140354554
6140354664
6140354704
6140354804
6140354894
6140354944
6140354954
6140354964
6140354974
6140355004
6140355224
6140355274
6140355574
6140355744
6140355814
6140356024
6140356144
6140356174
6140356564
6140357184
6140357654
6140357714
6140357744
6140357924
6140359514
6140359984
6140360904
6140361904
6140362134
6140362464
6140363134
6140363214
6140364054
6140364444
6140364504
6140364684
6140364764
6140364844
6140365054
6140365204
6140365274
6140365594
6140365664
6140368334
6140368384
6140405424
6140418644
6140418654
6140450554
6140673704
6140772394
6140772404
6140772414
6140820334
6140820544
6140820554
6140857654
6140917604
6140930894
6140962594
6141020134
6141085424
6141088384
6141103934
6141104214
6141122784
6141140244
6141146274
6141184954
6141198804
6141204844
6141224414
6141225844
6141226354
6141226974
6141227264
6141227634
6141227964
6141227984
6141228174
6141228584
6141228714
6141229174
6141229394
6141229504
6141229994
6141230164
6141230284
6141230304
6141230814
6141230874
6141231044
6141231134
6141231634
6141231914
6141232054
6141232274
6141232434
6141232534
6141232584
6141232834
6141233554
6141233584
6141234254
6141234514
6141234674
6141235044
6141235154
6141235264
6141235374
6141235674
6141235714
6141235954
6141236094
6141236684
6141236704
6141237314
6141237324
6141237434
6141237524
6141238114
6141238454
6141239164
6141239244
6141239264
6141239324
6141239424
6141239564
6141240494
6141240834
6141240864
6141241244
6141241354
6141241424
6141241684
6141241734
6141242194
6141242724
6141244644
6141246244
6141253994
6141254554
6141254994
6141255034
6141255054
6141256084
6141256154
6141257184
6141257564
6141257574
6141257624
6141257824
6141258374
6141258434
6141262774
6141298444
6141333634
6141333644
6141356254
6141378524
6141470904
6141484534
6141484764
6141504664
6141509254
6141523604
6141678284
6141713894
6141783474
6141783574
6141815244
6141877794
6141893904
6141909334
6141920664
6141927014
6141927344
6142031654
6142068174
6142081634
6142088354
6142088764
6142101454
6142103014
6142117264
6142136924
6142149474
6142164454
6142164574
6142164714
6142165044
6142165184
6142165414
6142165514
6142165524
6142165584
6142165654
6142165734
6142166004
6142166204
6142166404
6142166464
6142166814
6142166824
6142167264
6142167314
6142167464
6142167584
6142167594
6142167824
6142167904
6142167994
6142168224
6142168274
6142168484
6142168574
6142168584
6142168704
6142168834
6142169034
6142169374
6142169454
6142169514
6142169534
6142169784
6142169914
6142169974
6142170234
6142170254
6142170324
6142170334
6142170934
6142170954
6142170974
6142171004
6142171024
6142171204
6142171264
6142171404
6142171484
6142171494
6142171504
6142171834
6142171844
6142172054
6142172244
6142172754
6142173004
6142176084
6142176094
6142176104
6142176144
6142176164
6142176174
6142176194
6142176214
6142176224
6142176234
6142176254
6142176314
6142185944
6142190844
6142197924
6142246684
6142271664
6142274384
6142293554
6142300204
6142316364
6142392724
6142412574
6142430534
6142446354
6142516374
6142530214
6142583224
6142644494
6142650154
6142652914
6142664434
6142673864
6142707604
6142715914
6142728754
6142749304
6142777164
6142784874
6142805064
6142817044
6142823004
6142824194
6142835914
6142857874
6142859344
6142892714
6142900084
6142901274
6142916314
6142954894
6142956264
6142962904
6142963244
6142965344
6142974394
6142974424
6142974434
6142974474
6142974634
6142974644
6142974714
6142974734
6142974784
6142975584
6142975704
6142975714
6142975804
6142975984
6142976244
6142976264
6142976514
6142976524
6142976924
6142977694
6142977714
6142977754
6142978864
6142978954
6142979024
6142979084
6142979304
6142979404
6142979454
6142979684
6142979704
6142980274
6142980664
6142981254
6142981304
6142981324
6142981354
6142981374
6142981414
6142981714
6142982194
6142982864
6142983514
6142983664
6142993274
6143092724
6143161164
6143215194
6143215954
6143231184
6143290814
6143294294
6143294504
6143306604
6143309134
6143333894
6143341674
6143349714
6143357874
6143358984
6143393384
6143409554
6143417554
6143417854
6143423934
6143424814
6143429824
6143430344
6143498954
6143500364
6143501874
6143511154
6143540934
6143579554
6143620744
6143633764
6143640324
6143654684
6143668174
6143670794
6143695024
6143696834
6143719804
6143720124
6143720564
6143742614
6143753564
6143756214
6143773624
6143773744
6143773844
6143773904
6143774034
6143774104
6143774114
6143774244
6143774294
6143774404
6143774604
6143774614
6143774894
6143775044
6143775164
6143775244
6143775464
6143775674
6143775924
6143776724
6143776894
6143777254
6143777374
6143777984
6143778514
6143778534
6143778654
6143778754
6143778844
6143778944
6143779194
6143779494
6143779734
6143779784
6143779864
6143779874
6143780234
6143780724
6143780824
6143781114
6143781304
6143781404
6143781664
6143782364
6143782484
6143782544
6143782674
6143782884
6143782954
6143783184
6143783214
6143783374
6143783384
6143783544
6143783844
6143783884
6143783894
6143783974
6143784114
6143784214
6143784384
6143784454
6143784624
6143784844
6143784964
6143784974
6143785004
6143785124
6143785714
6143786194
6143786834
6143786864
6143787664
6143787714
6143788294
6143790564
6143790604
6143790954
6143792844
6143793264
6143793664
6143793914
6143794054
6143794314
6143795804
6143796494
6143796504
6143801124
6143822064
6143828014
6143828024
6144001474
6144042794
6144044394
6144044664
6144058634
6144063194
6144065814
6144080224
6144080534
6144098054
6144098904
6144105554
6144112104
6144120594
6144149544
6144154704
6144161044
6144227394
6144245374
6144246804
6144271884
6144314374
6144327104
6144333634
6144367634
6144372514
6144374574
6144380864
6144384384
6144386224
6144392734
6144395084
6144395184
6144414554
6144414564
6144418074
6144421534
6144424524
6144425724
6144426194
6144427214
6144427374
6144428584
6144429494
6144429824
6144430404
6144431454
6144431464
6144432864
6144434654
6144434824
6144435234
6144435394
6144435754
6144441444
6144447624
6144472454
6144494244
6144494254
6144505364
6144516034
6144520514
6144533824
6144565164
6144591614
6144685984
6144710034
6144731724
6144748114
6144823424
6144845984
6144878034
6144893054
6144944784
6144948114
6144955614
6144960404
6144964534
6144967774
6144969774
6144976074
6144976384
6144982404
6144985864
6144987554
6144989174
6145013294
6145013514
6145013544
6145013564
6145013594
6145014254
6145017164
6145026464
6145028314
6145029224
6145034974
6145040294
6145040324
6145041944
6145042504
6145042874
6145043514
6145050014
6145050704
6145053804
6145055044
6145055984
6145056054
6145056064
6145056214
6145056474
6145056504
6145056564
6145056574
6145056594
6145056694
6145056734
6145056804
6145056844
6145057144
6145057574
6145057604
6145057644
6145057654
6145057694
6145057724
6145057754
6145057784
6145057864
6145058524
6145062884
6145063164
6145070294
6145070304
6145070354
6145070514
6145070554
6145070574
6145070604
6145070634
6145070644
6145070664
6145070674
6145070704
6145070794
6145070884
6145070934
6145070964
6145070984
6145071014
6145071034
6145071054
6145071124
6145071144
6145071164
6145071174
6145071184
6145071234
6145071244
6145071254
6145071274
6145071284
6145071294
6145071534
6145071824
6145071884
6145072064
6145072244
6145072344
6145072364
6145072384
6145073264
6145074534
6145074664
6145074694
6145074874
6145075404
6145075494
6145075514
6145075734
6145075904
6145076164
6145076204
6145076474
6145076684
6145076864
6145077114
6145077174
6145077974
6145078384
6145078454
6145078504
6145078634
6145078694
6145094364
6145096674
6145123414
6145218164
6145292394
6145317754
6145331104
6145379454
6145401214
6145415224
6145419794
6145462744
6145462784
6145493154
6145498194
6145501214
6145521114
6145523134
6145523774
6145527964
6145545804
6145577814
6145592734
6145599174
6145604354
6145618894
6145624534
6145635314
6145635674
6145645284
6145645994
6145647964
6145651814
6145660734
6145662374
6145663784
6145673124
6145680774
6145685564
6145687114
6145688184
6145695304
6145700014
6145702044
6145704774
6145712124
6145712204
6145712604
6145712654
6145716864
6145716994
6145718214
6145718454
6145718594
6145718634
6145719324
6145719504
6145720764
6145721074
6145721344
6145721784
6145722444
6145722464
6145722474
6145722484
6145722664
6145722904
6145723704
6145723884
6145725224
6145726054
6145726224
6145726524
6145728044
6145728704
6145729334
6145729794
6145730814
6145733224
6145734064
6145734194
6145734594
6145734624
6145734724
6145734734
6145734744
6145734774
6145734784
6145734854
6145734864
6145734904
6145734924
6145734954
6145734974
6145734984
6145734994
6145735014
6145735094
6145735114
6145735134
6145735154
6145735184
6145735194
6145735214
6145735364
6145735384
6145735414
6145735444
6145735464
6145735474
6145735484
6145735494
6145735514
6145735564
6145735584
6145735594
6145735614
6145735624
6145735654
6145735664
6145735714
6145735764
6145735884
6145735894
6145735964
6145735984
6145736034
6145736154
6145736164
6145736234
6145736254
6145736304
6145736314
6145736404
6145736424
6145736434
6145736454
6145736474
6145736484
6145736524
6145736534
6145736554
6145736624
6145736634
6145736654
6145736694
6145736724
6145736774
6145736794
6145736804
6145736824
6145736844
6145736854
6145736904
6145736974
6145736984
6145737084
6145737104
6145737154
6145737334
6145737514
6145737624
6145737634
6145737644
6145737654
6145737704
6145737754
6145737944
6145737994
6145738084
6145738474
6145738674
6145738814
6145739144
6145739174
6145739224
6145739304
6145739444
6145739514
6145739534
6145739584
6145739684
6145739784
6145740104
6145740154
6145740194
6145740234
6145740314
6145740424
6145740454
6145740844
6145740974
6145740984
6145741024
6145741074
6145741164
6145741344
6145741534
6145741544
6145741564
6145741654
6145742004
6145742234
6145742244
6145742374
6145742424
6145742494
6145743134
6145743154
6145743544
6145743684
6145743814
6145743884
6145743954
6145744964
6145744974
6145744994
6145745024
6145745104
6145745114
6145745304
6145745314
6145745344
6145745414
6145745464
6145745474
6145745514
6145745614
6145745784
6145745804
6145746114
6145746174
6145746254
6145746524
6145746724
6145747094
6145747124
6145747744
6145748434
6145748654
6145748694
6145748994
6145749404
6145749454
6145749724
6145749764
6145749874
6145749904
6145749974
6145750284
6145750324
6145750574
6145750614
6145750934
6145750994
6145751004
6145751494
6145751694
6145751714
6145751774
6145751804
6145751814
6145751854
6145751864
6145751904
6145751934
6145752404
6145752534
6145752684
6145752944
6145753364
6145753534
6145753654
6145754124
6145754474
6145754584
6145754844
6145755104
6145755324
6145755424
6145755834
6145756204
6145756704
6145756774
6145757014
6145757104
6145757174
6145757254
6145757524
6145757754
6145757784
6145757884
6145758064
6145758424
6145758534
6145758764
6145758834
6145759334
6145760234
6145760354
6145760794
6145765534
6145765564
6145765574
6145765584
6145765594
6145765604
6145765904
6145765994
6145766004
6145766014
6145766034
6145766204
6145766274
6145766424
6145766484
6145766494
6145768824
6145770524
6145773574
6145778464
6145779954
6145780144
6145780174
6145780214
6145781364
6145786694
6145794154
6145794494
6145795084
6145810494
6146030924
6146087764
6146134494
6146141254
6146156824
6146157544
6146168954
6146188574
6146239804
6146288344
6146365744
6146415964
6146428934
6146470054
6146489474
6146494874
6146496114
6146499654
6146509214
6146516744
6146517784
6146519264
6146520864
6146524134
6146525764
6146525954
6146530204
6146536074
6146539194
6146539414
6146549604
6146549944
6146551694
6146553564
6146555024
6146561144
6146563814
6146564054
6146564574
6146564824
6146565184
6146566964
6146567944
6146569654
6146571034
6146571044
6146571094
6146571184
6146571234
6146571304
6146573464
6146573494
6146575124
6146575524
6146576504
6146576944
6146578004
6146578194
6146578264
6146578284
6146578824
6146578864
6146579334
6146579564
6146581724
6146581934
6146582794
6146582824
6146583034
6146583354
6146583464
6146583854
6146584064
6146584334
6146584394
6146584564
6146585054
6146585064
6146585104
6146585124
6146585144
6146585154
6146585164
6146585194
6146585204
6146585244
6146585264
6146585304
6146585324
6146585334
6146585354
6146585364
6146585374
6146585404
6146585414
6146585454
6146585464
6146585474
6146585484
6146585494
6146585514
6146585544
6146585574
6146585584
6146585604
6146585614
6146585634
6146585644
6146585674
6146585694
6146585704
6146585724
6146585744
6146585764
6146585774
6146585784
6146585814
6146585834
6146585844
6146585864
6146585904
6146585914
6146585924
6146585934
6146585974
6146585994
6146586004
6146586014
6146586034
6146586044
6146586064
6146586074
6146586094
6146586104
6146586124
6146586144
6146586154
6146586184
6146586194
6146586204
6146586214
6146586224
6146586244
6146586264
6146586284
6146586294
6146586324
6146586354
6146586364
6146586374
6146586384
6146586394
6146586404
6146586434
6146586444
6146586464
6146586484
6146586494
6146586534
6146586544
6146586554
6146586564
6146586584
6146586594
6146586604
6146586614
6146586634
6146586654
6146586684
6146586694
6146586704
6146586724
6146586734
6146586744
6146586764
6146586794
6146586834
6146586854
6146586864
6146586874
6146586884
6146586894
6146586904
6146586914
6146586924
6146586934
6146586944
6146586964
6146586974
6146587004
6146587014
6146587024
6146587034
6146587074
6146587094
6146587104
6146587114
6146587124
6146587134
6146587144
6146587154
6146587164
6146587184
6146587214
6146587234
6146587244
6146587274
6146587284
6146587294
6146587314
6146587324
6146587344
6146587354
6146587364
6146587374
6146587384
6146587394
6146587404
6146587424
6146587434
6146587464
6146587474
6146587494
6146587504
6146587514
6146587524
6146587544
6146587554
6146587574
6146587584
6146587604
6146587614
6146587644
6146587654
6146587664
6146587674
6146587684
6146587694
6146587704
6146587714
6146587724
6146587744
6146587764
6146587774
6146587794
6146587804
6146587834
6146587844
6146587874
6146587904
6146587924
6146587944
6146587954
6146587974
6146588004
6146588024
6146588034
6146588064
6146588094
6146588104
6146588114
6146588134
6146588154
6146588164
6146588174
6146588204
6146588214
6146588224
6146588234
6146588274
6146588284
6146588294
6146588314
6146588344
6146588354
6146588364
6146588374
6146588384
6146588404
6146588454
6146588494
6146588524
6146588534
6146588554
6146588564
6146588574
6146588594
6146588614
6146588634
6146588654
6146588664
6146588674
6146588684
6146588714
6146588734
6146588754
6146588764
6146588774
6146588784
6146588804
6146588814
6146588824
6146588834
6146588854
6146588884
6146588894
6146588934
6146588954
6146588964
6146588974
6146588984
6146588994
6146589024
6146589034
6146589044
6146589054
6146589084
6146589104
6146589114
6146589124
6146589134
6146589154
6146589174
6146589194
6146589214
6146589224
6146589244
6146589254
6146589264
6146589274
6146589284
6146589294
6146589334
6146589354
6146589374
6146589384
6146589394
6146589414
6146589424
6146589434
6146589444
6146589464
6146589474
6146589494
6146589504
6146589514
6146589534
6146589544
6146589564
6146589574
6146589584
6146589594
6146589624
6146589654
6146589664
6146589674
6146589684
6146589694
6146589714
6146589724
6146589734
6146589744
6146589754
6146589764
6146589774
6146589784
6146589814
6146589834
6146589854
6146589864
6146589874
6146589884
6146589894
6146589904
6146589944
6146589954
6146589964
6146589994
6146590014
6146590024
6146590044
6146590054
6146590064
6146590074
6146590084
6146590114
6146590124
6146590134
6146590144
6146590154
6146590174
6146590184
6146590204
6146590214
6146590224
6146590244
6146590254
6146590274
6146590284
6146590294
6146590304
6146590324
6146590334
6146590344
6146590354
6146590364
6146590374
6146590384
6146590394
6146590404
6146590414
6146590424
6146590434
6146590444
6146590454
6146590494
6146590514
6146590524
6146590544
6146590554
6146590564
6146590574
6146590594
6146590624
6146590644
6146590654
6146590674
6146590684
6146590694
6146590714
6146590754
6146590764
6146590774
6146590784
6146590794
6146590804
6146590824
6146590834
6146590844
6146590854
6146590864
6146590874
6146590894
6146590904
6146590914
6146590944
6146590954
6146590984
6146590994
6146591004
6146591014
6146591024
6146591054
6146591064
6146591084
6146591094
6146591104
6146591114
6146591124
6146591134
6146591144
6146591194
6146591204
6146591214
6146591224
6146591234
6146591244
6146591254
6146591264
6146591274
6146591304
6146591314
6146591324
6146591344
6146591354
6146591374
6146591384
6146591404
6146591414
6146591424
6146591444
6146591454
6146591464
6146591474
6146591504
6146591524
6146591534
6146591554
6146591564
6146591594
6146591614
6146591624
6146591644
6146591654
6146591664
6146591684
6146591694
6146591714
6146591724
6146591754
6146591764
6146591774
6146591784
6146591814
6146591824
6146591834
6146591854
6146591864
6146591874
6146591904
6146591914
6146591924
6146591934
6146591944
6146591954
6146591974
6146591994
6146592014
6146592024
6146592034
6146592044
6146592054
6146592064
6146592074
6146592094
6146592124
6146592134
6146592154
6146592164
6146592174
6146592184
6146592204
6146592214
6146592224
6146592234
6146592244
6146592254
6146592274
6146592284
6146592294
6146592304
6146592334
6146592344
6146592354
6146592394
6146592404
6146592414
6146592434
6146592454
6146592464
6146592474
6146592484
6146592494
6146592534
6146592544
6146592554
6146592564
6146592594
6146592604
6146592624
6146592634
6146592644
6146592654
6146592674
6146592694
6146592704
6146592714
6146592724
6146592744
6146592764
6146592774
6146592794
6146592814
6146592824
6146592834
6146592854
6146592864
6146592874
6146592884
6146592904
6146592914
6146592924
6146592944
6146592954
6146592974
6146592994
6146593014
6146593024
6146593054
6146593064
6146593084
6146593094
6146593104
6146593124
6146593134
6146593144
6146593154
6146593174
6146593194
6146593204
6146593224
6146593234
6146593244
6146593254
6146593284
6146593294
6146593304
6146593314
6146593324
6146593334
6146593344
6146593354
6146593364
6146593374
6146593384
6146593394
6146593414
6146593434
6146593454
6146593464
6146593484
6146593494
6146593504
6146593514
6146593524
6146593554
6146593574
6146593584
6146593604
6146593614
6146593624
6146593634
6146593654
6146593674
6146593684
6146593694
6146593704
6146593724
6146593754
6146593764
6146593774
6146593794
6146593824
6146593834
6146593844
6146593854
6146593864
6146593874
6146593894
6146593904
6146593914
6146593924
6146593944
6146593954
6146593974
6146593994
6146594004
6146594014
6146594024
6146594044
6146594054
6146594064
6146594074
6146594084
6146594094
6146594124
6146594134
6146594144
6146594164
6146594174
6146594194
6146594204
6146594214
6146594224
6146594234
6146594244
6146594254
6146594264
6146594274
6146594284
6146594294
6146594304
6146594314
6146594324
6146594344
6146594354
6146594374
6146594384
6146594394
6146594404
6146594414
6146594434
6146594444
6146594454
6146594464
6146594474
6146594484
6146594494
6146594504
6146594524
6146594544
6146594554
6146594564
6146594574
6146594594
6146594604
6146594624
6146594654
6146594664
6146594684
6146594694
6146594734
6146594744
6146594754
6146594764
6146594774
6146594804
6146594814
6146594824
6146594834
6146594844
6146594854
6146594864
6146594874
6146594884
6146594904
6146594914
6146594944
6146594964
6146594974
6146594984
6146594994
6146595004
6146595024
6146595064
6146595074
6146595084
6146595094
6146595104
6146595114
6146595144
6146595154
6146595164
6146595194
6146595204
6146595224
6146595234
6146595244
6146595254
6146595264
6146595274
6146595294
6146595304
6146595314
6146595324
6146595334
6146595344
6146595354
6146595364
6146595374
6146595394
6146595404
6146595424
6146595434
6146595444
6146595464
6146595474
6146595494
6146595504
6146595524
6146595534
6146595544
6146595554
6146595574
6146595594
6146595604
6146595614
6146595624
6146595634
6146595644
6146595674
6146595694
6146595704
6146595724
6146595734
6146595744
6146595754
6146595784
6146595794
6146595814
6146595824
6146595864
6146595874
6146595894
6146595904
6146595914
6146595924
6146595934
6146595944
6146595954
6146595964
6146595994
6146596014
6146596024
6146596034
6146596044
6146596074
6146596104
6146596124
6146596134
6146596174
6146596194
6146596204
6146596234
6146596244
6146596284
6146596294
6146596304
6146596334
6146596354
6146596364
6146596374
6146596414
6146596434
6146596454
6146596464
6146596474
6146596494
6146596504
6146596554
6146596584
6146596614
6146596624
6146596674
6146596714
6146596724
6146596734
6146596744
6146596754
6146596774
6146596784
6146596794
6146596804
6146596814
6146596824
6146596834
6146596854
6146596864
6146596874
6146596904
6146596914
6146596934
6146596964
6146596974
6146596984
6146597004
6146597054
6146597064
6146597094
6146597104
6146597114
6146597134
6146597144
6146597174
6146597194
6146597204
6146597214
6146597244
6146597254
6146597304
6146597334
6146597344
6146597404
6146597474
6146597484
6146597504
6146597524
6146597624
6146597654
6146597674
6146597694
6146597714
6146597734
6146597744
6146597754
6146597764
6146597774
6146597784
6146597804
6146597834
6146597854
6146597874
6146597914
6146597934
6146597994
6146598014
6146598034
6146598044
6146598054
6146598074
6146598104
6146598134
6146598144
6146598164
6146598234
6146598254
6146598264
6146598274
6146598284
6146598374
6146598394
6146598424
6146598494
6146598514
6146598534
6146598554
6146598574
6146598594
6146598604
6146598614
6146598634
6146598664
6146598684
6146598714
6146598764
6146598774
6146598814
6146598834
6146598874
6146598894
6146598924
6146598964
6146598974
6146599024
6146599044
6146599134
6146599194
6146599244
6146599294
6146599304
6146599314
6146599374
6146599404
6146599424
6146599434
6146599464
6146599474
6146599484
6146599494
6146599504
6146599554
6146599594
6146599634
6146599674
6146599684
6146599694
6146599704
6146599734
6146599774
6146599804
6146599824
6146599844
6146599854
6146599864
6146599894
6146599904
6146599934
6146599944
6146599994
6146600004
6146600014
6146600024
6146600054
6146600064
6146600084
6146600104
6146600114
6146600134
6146600154
6146600164
6146600174
6146600194
6146600204
6146600214
6146600224
6146600254
6146600274
6146600284
6146600324
6146600344
6146600364
6146600394
6146600414
6146600444
6146600474
6146600494
6146600504
6146600524
6146600534
6146600554
6146600584
6146600604
6146600614
6146600624
6146600634
6146600654
6146600664
6146600684
6146600744
6146600774
6146600784
6146600794
6146600814
6146600844
6146600884
6146600904
6146600914
6146600934
6146600954
6146600964
6146600974
6146601014
6146601034
6146601044
6146601064
6146601094
6146601104
6146601134
6146601144
6146601184
6146601204
6146601214
6146601224
6146601244
6146601254
6146601264
6146601274
6146601284
6146601294
6146601304
6146601314
6146601324
6146601364
6146601374
6146601384
6146601394
6146601404
6146601414
6146601424
6146601444
6146601464
6146601474
6146601494
6146601524
6146601544
6146601564
6146601594
6146601614
6146601634
6146601664
6146601714
6146601724
6146601734
6146601744
6146601754
6146601774
6146601794
6146601844
6146601874
6146601894
6146601914
6146601924
6146601964
6146601974
6146602004
6146602014
6146602024
6146602034
6146602064
6146602074
6146602094
6146602104
6146602114
6146602134
6146602164
6146602214
6146602224
6146602234
6146602244
6146602254
6146602264
6146602274
6146602294
6146602314
6146602334
6146602344
6146602354
6146602394
6146602404
6146602444
6146602474
6146602514
6146602524
6146602554
6146602574
6146602604
6146602614
6146602644
6146602654
6146602664
6146602694
6146602704
6146602714
6146602724
6146602754
6146602764
6146602774
6146602784
6146602814
6146602834
6146602844
6146602894
6146602904
6146602934
6146602944
6146602954
6146602964
6146602994
6146603004
6146603014
6146603034
6146603054
6146603084
6146603094
6146603104
6146603114
6146603134
6146603144
6146603154
6146603174
6146603184
6146603204
6146603224
6146603234
6146603244
6146603254
6146603264
6146603274
6146603284
6146603314
6146603324
6146603344
6146603374
6146603384
6146603404
6146603424
6146603444
6146603464
6146603484
6146603494
6146603524
6146603544
6146603554
6146603584
6146603594
6146603624
6146603634
6146603644
6146603654
6146603674
6146603684
6146603704
6146603724
6146603764
6146603784
6146603804
6146603814
6146603824
6146603834
6146603864
6146603874
6146603894
6146603924
6146603934
6146603944
6146603954
6146603984
6146603994
6146604014
6146604034
6146604054
6146604064
6146604114
6146604134
6146604154
6146604184
6146604194
6146604204
6146604224
6146604244
6146604314
6146604324
6146604334
6146604364
6146604374
6146604454
6146604464
6146604474
6146604534
6146604584
6146604594
6146604614
6146604644
6146604674
6146604704
6146604714
6146604724
6146604754
6146604824
6146604864
6146604874
6146604894
6146604924
6146604934
6146604944
6146604954
6146604964
6146605024
6146605034
6146605054
6146605074
6146605084
6146605114
6146605134
6146605144
6146605164
6146605184
6146605194
6146605204
6146605234
6146605354
6146605384
6146605394
6146605404
6146605414
6146605454
6146605484
6146605494
6146605514
6146605524
6146605544
6146605564
6146605584
6146605594
6146605664
6146605724
6146605744
6146605754
6146605774
6146605794
6146605844
6146605934
6146605984
6146606024
6146606094
6146606154
6146606184
6146606244
6146606254
6146606264
6146606274
6146606284
6146606324
6146606384
6146606404
6146606434
6146606444
6146606524
6146606534
6146606554
6146606624
6146606744
6146606784
6146606814
6146606834
6146607044
6146607144
6146607174
6146607194
6146607214
6146607264
6146607384
6146607434
6146607594
6146607604
6146607624
6146607704
6146607714
6146607734
6146607774
6146607784
6146607834
6146607894
6146608004
6146608024
6146608044
6146608054
6146608064
6146608074
6146608084
6146608094
6146608104
6146608114
6146608124
6146608134
6146608144
6146608154
6146608164
6146608174
6146608194
6146608334
6146608354
6146608364
6146608544
6146608584
6146608594
6146608614
6146608634
6146608654
6146608714
6146608754
6146608764
6146608784
6146608794
6146608874
6146608894
6146608904
6146608924
6146608934
6146608944
6146608954
6146608964
6146608974
6146608984
6146609004
6146609024
6146609044
6146609054
6146609084
6146609094
6146609104
6146609114
6146609124
6146609134
6146609154
6146609164
6146609174
6146609184
6146609204
6146609214
6146609224
6146609244
6146609254
6146609264
6146609274
6146609294
6146609304
6146609314
6146609324
6146609334
6146609344
6146609354
6146609374
6146609384
6146609394
6146609404
6146609414
6146609434
6050105784
6053287654
6053287764
6053484724
6056113284
6057450654
6058107264
6059808544
6059982804
6064921334
6064921354
6064921414
6064922434
6065488434
6065537524
6067950054
6069008844
6072070824
6072684014
6073092284
6073147544
6073396144
6073396164
6073446324
6073446544
6073576004
6073585644
6073586864
6073645134
6073649214
6073649834
6073649914
6073649924
6073650454
6073651654
6073652224
6073652524
6074275724
6074320534
6074795114
6074824754
6074836604
6074838484
6074839574
6074868264
6074903564
6074939494
6074966984
6075040114
6075844834
6076492684
6076492704
6076492944
6076493094
6076493304
6076493324
6076493334
6076493444
6076493784
6076493864
6076493944
6076494384
6076494534
6076494614
6076494634
6076494774
6077421474
6078015924
6078168564
6078618344
6079114214
6079167164
6079167174
6079168054
6079170234
6079170474
6079179124
6079179154
6079179734
6079179994
6079227804
6079254144
6079337244
6079342064
6079395544
6079517404
6079547394
6079547874
6079548094
6079549124
6079549194
6079549264
6079551324
6079579914
6079582494
6079650974
6079725624
6079852374
6080089634
6080196814
6080219854
6080291184
6080310854
6080315124
6080567024
6080772194
6080778794
6080794744
6080800704
6080801244
6080804044
6080897534
6080933004
6080973694
6080974424
6080974814
6080974974
6081135774
6081137704
6081151244
6081238394
6081346474
6081347544
6081348084
6081383584
6081467974
6081561394
6081642834
6081730244
6081799014
6081851984
6081871004
6082112554
6082113594
6082143904
6082174914
6082502254
6082990984
6082991394
6083010824
6083456794
6084542554
6084631334
6084633324
6085067824
6085555914
6085588394
6085595464
6086176404
6086582934
6086630054
6086630184
6086673934
6086716674
6086738034
6086843594
6087082794
6087268394
6087383654
6087486684
6087661774
6087662614
6087886164
6087886684
6088266344
6089069944
6089350674
6089731674
6091230034
6091351724
6091769434
6092721714
6092973554
6093395384
6094363884
6094767714
6095614934
6096756394
6098715934
6099031564
6099080984
6099083204
6099086864
6099126474
6099779594
6100431284
6100445494
6100542354
6101250714
6101251924
6101252064
6101252384
6101252634
6101361404
6101876934
6102698254
6102699044
6102739104
6103833504
6103872264
6103890634
6104077604
6104723924
6104767434
6104767784
6104768454
6104768474
6104768484
6104768554
6104768584
6104768984
6104777114
6104779274
6104782464
6104783754
6104784424
6104784824
6104787014
6104787624
6104788074
6104788204
6104788554
6104830394
6104830434
6104830534
6104830744
6104830804
6104830904
6104830974
6104831014
6104924064
6105840524
6106388164
6106389464
6106563894
6107006134
6107006254
6107006594
6107545104
6108079924
6108084884
6108230934
6108410364
6108411304
6108774184
6108809644
6108828444
6108978704
6109335134
6109601494
6109624474
6109625504
6109626024
6110207534
6110220514
6110221224
6111164914
6111164934
6111164964
6111165004
6111165044
6111165064
6111165084
6111165104
6111165124
6111165144
6111165164
6111165224
6111165244
6111165264
6111165324
6111165334
6111165364
6111165404
6111165424
6111165444
6111165484
6111165504
6111165584
6111165644
6111165664
6111165704
6111165744
6111165864
6111165884
6111165924
6111165964
6111166024
6111166044
6111166084
6111166104
6111166144
6111166184
6111166244
6111166304
6111166364
6111166404
6111166444
6111166474
6111166484
6111166504
6111166544
6111166584
6111166624
6111166644
6111166664
6111166824
6111166844
6111166864
6111166884
6111166904
6111166924
6111166954
6111166964
6111167004
6111167014
6111167044
6111167084
6111167124
6111167134
6111167144
6111167164
6111167204
6111167214
6111167244
6111167274
6111167444
6111167484
6111167504
6111167524
6111167544
6111167554
6111167564
6111167584
6111167594
6111167604
6111167624
6111167644
6111167654
6111167664
6111167684
6111167694
6111167754
6111167764
6111167804
6111167814
6111167824
6111167844
6111167854
6111167904
6111167944
6111167994
6111168024
6111168034
6111168044
6111168054
6111168094
6111168114
6111168124
6111168144
6111168174
6111168214
6111168224
6111168234
6111168244
6111168254
6111168264
6111168274
6111168284
6111168304
6111168314
6111168334
6111168364
6111168384
6111168414
6111168424
6111168434
6111168514
6111168524
6111168544
6111168564
6111168584
6111168594
6111168644
6111168774
6111168784
6111168804
6111168814
6111168824
6111168834
6111168874
6111168894
6111168924
6111168954
6111168964
6111168974
6111168984
6111168994
6111169024
6111169034
6111169084
6111169124
6111169144
6111169154
6111169164
6111169204
6111169224
6111169244
6111169254
6111169264
6111169284
6111169314
6111169334
6111169344
6111169364
6111169374
6111169384
6111169394
6111169404
6111169434
6111169444
6111169454
6111169464
6111169474
6111169484
6111169514
6111169524
6111169534
6111169614
6111169624
6111169634
6111169664
6111169674
6111169684
6111169694
6111169704
6111169714
6111169724
6111169744
6111169754
6111169774
6111169784
6111169804
6111169814
6111169824
6111169834
6111169844
6111169874
6111169884
6111169894
6111169914
6111169924
6111169934
6111169954
6111169964
6111169984
6111170004
6111170014
6111170024
6111170044
6111170054
6111170084
6111170094
6111170104
6111170114
6111170124
6111170134
6111170144
6111170154
6111170164
6111170174
6111170184
6111170194
6111170214
6111170224
6111170234
6111170264
6111170274
6111170294
6111170304
6111170314
6111170324
6111170334
6111170364
6111170394
6111170404
6111170424
6111170434
6111170444
6111170454
6111170464
6111170484
6111170494
6111170504
6111170514
6111170524
6111170554
6111170604
6111170614
6111170634
6111170654
6111170684
6111170704
6111170744
6111170764
6111170794
6111170804
6111170834
6111170844
6111170864
6111170894
6111170924
6111170944
6111170984
6111171024
6111171064
6111171074
6111171084
6111171094
6111171134
6111171144
6111171154
6111171174
6111171204
6111171214
6111171244
6111171264
6111171284
6111171304
6111171314
6111171324
6111171334
6111171344
6111171384
6111171394
6111171414
6111171424
6111171434
6111171444
6111171464
6111171484
6111171514
6111171524
6111171534
6111171634
6111171674
6111171684
6111171694
6111171704
6111171724
6111171734
6111171744
6111171774
6111171814
6111171854
6111171904
6111171944
6111171954
6111171964
6111171974
6111171984
6111171994
6111172004
6111172014
6111172044
6111172054
6111172074
6111172114
6111172124
6111172134
6111172154
6111172184
6111172194
6111172204
6111172224
6111172234
6111172244
6111172264
6111172274
6111172294
6111172304
6111172324
6111172344
6111172354
6111172364
6111172374
6111172384
6111172414
6111172424
6111172454
6111172484
6111172584
6111172594
6111172644
6111172724
6111172744
6111172804
6111172824
6111172854
6111172884
6111172894
6111172904
6111172914
6111172934
6111172944
6111172964
6111172994
6111173004
6111173014
6111173034
6111173054
6111173074
6111173134
6111173154
6111173184
6111173234
6111173244
6111173264
6111173274
6111173304
6111173314
6111173334
6111173364
6111173374
6111173384
6111173394
6111173404
6111173414
6111173444
6111173454
6111173474
6111173514
6111173524
6111173554
6111173564
6111173574
6111173614
6111173624
6111173634
6111173644
6111173654
6111173664
6111173674
6111173714
6111173724
6111173734
6111173744
6111173754
6111173814
6111173844
6111173854
6111173864
6111173884
6111173904
6111173914
6111173964
6111174004
6111174024
6111174044
6111174054
6111174094
6111174114
6111174124
6111174144
6111174154
6111174164
6111174184
6111174214
6111174224
6111174234
6111174264
6111174294
6111174334
6111174344
6111174354
6111174374
6111174384
6111174394
6111174414
6111174434
6111174444
6111174474
6111174484
6111174494
6111174504
6111174524
6111174544
6111174564
6111174574
6111174604
6111174614
6111174624
6111174634
6111174654
6111174664
6111174674
6111174694
6111174714
6111174724
6111174734
6111174744
6111174754
6111174764
6111174784
6111174844
6111174854
6111174874
6111174884
6111174894
6111174904
6111174914
6111174964
6111174974
6111174994
6111175004
6111175044
6111175064
6111175074
6111175094
6111175114
6111175134
6111175164
6111175184
6111175194
6111175224
6111175234
6111175254
6111175264
6111175294
6111175344
6111175364
6111175384
6111175394
6111175404
6111175454
6111175464
6111175474
6111175514
6111175524
6111175544
6111175594
6111175604
6111175614
6111175624
6111175634
6111175644
6111175654
6111175664
6111175674
6111175694
6111175704
6111175714
6111175734
6111175744
6111175754
6111175764
6111175774
6111175784
6111175794
6111175804
6111175814
6111175834
6111175844
6111175854
6111175864
6111175884
6111175934
6111175944
6111175954
6111175964
6111176014
6111176054
6111176084
6111176094
6111176114
6111176144
6111176154
6111176174
6111176184
6111176204
6111176224
6111176234
6111176254
6111176264
6111176274
6111176314
6111176324
6111176394
6111176444
6111176464
6111176514
6111176524
6111176534
6111176544
6111176554
6111176614
6111176624
6111176634
6111176654
6111176664
6111176674
6111176684
6111176704
6111176714
6111176734
6111176764
6111176774
6111176784
6111176794
6111176814
6111176824
6111176834
6111176844
6111176854
6111176864
6111176874
6111176904
6111176914
6111176924
6111176944
6111176964
6111176984
6111176994
6111177004
6111177014
6111177034
6111177074
6111177094
6111177104
6111177114
6111177124
6111177144
6111177154
6111177164
6111177174
6111177184
6111177264
6111177354
6111177934
6111705824
6111769694
6111926564
6112105724
6112277954
6112278174
6112310484
6112584324
6112697104
6112712244
6112942244
6113093524
6113392614
6113403154
6113403444
6113404124
6113405834
6114090924
6114216474
6114514404
6114515864
6114515974
6114517974
6114518184
6115077604
6115407504
6115845974
6115891084
6115974574
6116076924
6116237184
6116954504
6116956274
6116956304
6116957884
6116958634
6116958714
6116959474
6116959744
6116959824
6116960114
6116962134
6116963284
6116964284
6117384864
6117489264
6117886294
6118113384
6118114404
6118114714
6118114824
6118114894
6118114904
6118114914
6118115244
6118115284
6118115674
6118117414
6118118624
6118380384
6118544974
6119012774
6119013794
6119142784
6119268144
6119268254
6119407284
6119695134
6119942184
6119968134
6119969104
6119969274
6119969534
6119970454
6119970574
6119971014
6119971814
6120866154
6121132104
6121132454
6121132674
6121132744
6121132924
6121133034
6121133664
6121134384
6121134714
6121138794
6121141514
6121151974
6121343444
6121367734
6121368454
6121523564
6121852994
6122151544
6122238374
6122310964
6122317044
6122317084
6122317094
6122317124
6122317154
6122317174
6122317214
6122317244
6122318664
6122318904
6122318944
6122319184
6122319254
6122319344
6122319384
6122319534
6122319624
6122319644
6122319714
6122319724
6122319764
6122319814
6122319834
6122319854
6122319874
6122319924
6122319934
6122319944
6122319964
6122320074
6122320104
6122320264
6122320384
6122320404
6122320494
6122320624
6122320664
6122320704
6122320734
6122320764
6122320824
6122320864
6122320944
6122321044
6122321204
6122321274
6122321344
6122321384
6122321564
6122321774
6122321934
6122322044
6122322064
6122324184
6122324254
6122324404
6122324464
6122324484
6122324514
6122324524
6122324584
6122324784
6122324794
6122324804
6122324834
6122324914
6122324984
6122325434
6122325444
6122325474
6122325504
6122325574
6122325664
6122325684
6122325844
6122325874
6122325964
6122326154
6122326224
6122326274
6122898594
6122903134
6123079404
6123684094
6124496644
6124562754
6124610504
6124662184
6124689664
6124690014
6124690294
6124691914
6124692404
6124693954
6124694564
6125018494
6125676634
6125754274
6125776624
6125800254
6125814774
6125814814
6125815024
6125815234
6125815374
6125815494
6125815614
6125815694
6125815724
6125816084
6125816094
6125816134
6125816474
6125817384
6125818234
6125818334
6125818484
6125819204
6125819484
6125840964
6125869044
6125962184
6126068874
6126187574
6126314464
6126426434
6126924034
6127091644
6127229054
6127425064
6127903774
6127904824
6127905024
6127905504
6127905574
6127905644
6127906314
6127908984
6128077924
6128157064
6128334244
6128368174
6128395584
6128796724
6128978294
6129047604
6129048134
6129048744
6129048944
6129048994
6129050314
6129050534
6129050544
6129050684
6129050704
6129050714
6129051514
6129051914
6129052034
6129053694
6129054074
6129054264
6129055074
6129055284
6129265454
6129590934
6129630664
6129916514
6130091674
6130173254
6130241234
6130243404
6130625464
6130778604
6130877574
6131077154
6131077294
6131077614
6131079284
6131161604
6131255134
6131370144
6131371484
6131371754
6131596354
6131701234
6131959634
6132109334
6132121054
6132126464
6132195914
6132260554
6132281884
6132282094
6132318984
6132387544
6132387704
6132387924
6132388004
6132388044
6132388334
6132388344
6132388354
6132388464
6132388624
6132388684
6132388994
6132389014
6132389324
6132389434
6132389794
6132390204
6132390354
6132391054
6132391124
6132391614
6132391894
6132392044
6132392154
6132392484
6132392544
6132392774
6132393104
6132393234
6132393304
6132393324
6132393504
6132425634
6132471464
6132548594
6132678214
6132681304
6132979374
6133039634
6133127904
6133227744
6133503614
6133529684
6133575214
6133598414
6133598724
6133599134
6133599854
6133599864
6133599944
6133600074
6133600114
6133600214
6133601284
6133601854
6133602254
6133602264
6133602614
6133602734
6133602874
6133602964
6133603204
6133603234
6133603474
6133603664
6133603774
6133604014
6133604284
6133604734
6133605354
6133605654
6133605954
6133606154
6133606694
6133607444
6133607744
6133608534
6133897454
6134228334
6134229974
6134310264
6134362764
6134368734
6134368854
6134379624
6134380374
6134382694
6134382704
6134382934
6134383044
6134383054
6134383084
6134384254
6134384274
6134384294
6134384314
6134384324
6134386374
6134386394
6134386934
6134387044
6134387054
6134387404
6134387864
6134387874
6134388224
6134388614
6134391004
6134391664
6134392724
6134415804
6134428284
6134428304
6134430474
6134449924
6134452024
6134453834
6134455444
6134455654
6134485034
6134488274
6134488534
6134490124
6134490134
6134492094
6134493584
6134493794
6134493804
6134493834
6134493894
6134495384
6134495634
6134496974
6134497204
6134497284
6134497554
6134498754
6134499004
6134499064
6134501094
6134501114
6134501134
6134502224
6134502454
6134502484
6134502564
6134503804
6134504044
6134504074
6134505504
6134505744
6134505774
6134635964
6134712364
6134713404
6134749084
6134770864
6134830014
6134881194
6134884874
6134892714
6134966054
6134966304
6134966684
6134967934
6134968044
6134969164
6135032844
6135032904
6135032994
6135033064
6135033074
6135033124
6135033154
6135033314
6135033344
6135033604
6135033984
6135034144
6135034384
6135034464
6135034994
6135035134
6135035984
6135036184
6135036424
6135036534
6135036724
6135036734
6135036774
6135036934
6135533464
6135564864
6135564894
6135705114
6135748164
6135896304
6135896364
6135896404
6135896414
6135896524
6135934884
6136020944
6136021554
6136098234
6136111824
6136112344
6136114324
6136179524
6136267364
6136275954
6136331304
6136331334
6136332024
6136332474
6136333394
6136333524
6136334374
6136334984
6136335674
6136337434
6136337874
6136337974
6136338054
6136338734
6136339634
6136339654
6136339734
6136339894
6136340214
6136340534
6136340934
6136342284
6136342914
6136343034
6136343614
6136343654
6136343964
6136344114
6136344224
6136344284
6136344614
6136344724
6136344924
6136345364
6136345794
6136345934
6136350314
6136739024
6136912174
6137086474
6137108514
6137200844
6137219744
6137299664
6137381344
6137425584
6137430214
6137433004
6137435094
6137437834
6137439834
6137459334
6137459614
6137459774
6137459884
6137459994
6137460014
6137460154
6137460444
6137460584
6137461034
6137461704
6137462224
6137462404
6137462414
6137462424
6137462614
6137462934
6137463034
6137463434
6137464004
6137464274
6137464484
6137465384
6137465684
6137465704
6137465724
6137465734
6137465754
6137465784
6137466034
6137466574
6137466814
6137466894
6137467024
6137467064
6137467094
6137467104
6137467114
6137467654
6137467754
6137468354
6137468694
6138010864
6138033674
6138048014
6138048224
6138094694
6138125274
6138153034
6138153094
6138169554
6138169684
6138169764
6138170004
6138170904
6138175554
6138175954
6138197644
6138200924
6138201854
6138207064
6138208004
6138208384
6138210604
6138210854
6138211584
6138214844
6138226894
6138229374
6138229964
6138230014
6138230534
6138230714
6138232024
6138232324
6138235704
6138243894
6138245604
6138249284
6138252734
6138321014
6138328634
6138328674
6138328774
6138328904
6138329064
6138329084
6138330314
6138332984
6138333694
6138333894
6138334744
6138334854
6138336314
6138336824
6138336964
6138339294
6138339944
6138340274
6138342684
6138343264
6138345294
6138350184
6138350814
6138375554
6138377214
6138379004
6138380194
6138380354
6138380814
6138380934
6138383024
6138383394
6138384604
6138387284
6138387734
6138387834
6138387864
6138387914
6138390194
6138391104
6138391554
6138399014
6138407414
6138407634
6138407784
6138408784
6138409294
6138410994
6138411184
6138412164
6138413174
6138413394
6138414264
6138414564
6138414854
6138415144
6138418744
6138422654
6138424944
6138426004
6138426124
6138426254
6138427414
6138428684
6138439564
6138440144
6138440794
6138469104
6138471374
6138471694
6138474004
6138474904
6138476154
6138479124
6138481024
6138481884
6138482144
6138482694
6138482764
6138482834
6138484614
6138487084
6138490794
6138520624
6138520904
6138521344
6138521354
6138521434
6138521494
6138522374
6138523314
6138523624
6138524284
6138524324
6138525174
6138525614
6138525744
6138525894
6138526174
6138526374
6138526514
6138526534
6138526644
6138526814
6138527424
6138527574
6138527934
6138527994
6138528404
6138528544
6138528714
6138528984
6138529464
6138529474
6138529984
6138530054
6138530164
6138530674
6138530864
6138531524
6138531814
6138532424
6138532764
6138533634
6138533944
6138534144
6138534214
6138534274
6138534964
6138535434
6138535794
6138535884
6138536264
6138536614
6138539244
6138539444
6138540244
6138540764
6138542624
6138545444
6138582994
6138660024
6138660594
6138660644
6138660854
6138661104
6138662044
6138662664
6138663234
6138663714
6138663784
6138664634
6138665054
6138665224
6138669304
6138674544
6138674744
6138675324
6138889674
6138943444
6139115334
6139176344
6139186924
6139356224
6139376894
6139378954
6139386134
6139386314
6139427894
6139430164
6139450664
6139465514
6139470504
6139471244
6139488674
6139489104
6139489274
6139489884
6139502944
6139534364
6139570284
6139701014
6139805604
6139957484
6140004284
6140025254
6140061884
6140165784
6140168904
6140184094
6140289194
6140291234
6140296484
6140343514
6140344424
6140347604
6140352754
6140365824
6140366104
6140366114
6140366144
6140366624
6140366644
6140366814
6140366954
6140367174
6140367364
6140367454
6140367494
6140367534
6140367554
6140367784
6140367854
6140367874
6140368134
6140368174
6140368234
6140368254
6140368294
6140368404
6140368594
6140368664
6140368764
6140368844
6140369044
6140369074
6140369284
6140369574
6140369644
6140369774
6140369914
6140370074
6140370194
6140370204
6140370224
6140370264
6140370294
6140370384
6140370994
6140371134
6140371144
6140371384
6140371434
6140371564
6140371744
6140371784
6140371804
6140371824
6140372194
6140372344
6140372464
6140372484
6140372524
6140372634
6140372644
6140372814
6140372864
6140372924
6140372934
6140373024
6140373054
6140373084
6140373184
6140373294
6140373514
6140373554
6140373564
6140373624
6140388594
6140412384
6140412464
6140414354
6140503644
6140641464
6140648564
6140731094
6140744824
6140773044
6140781974
6140862204
6141063874
6141073254
6141073744
6141108604
6141118254
6141121134
6141190664
6141252364
6141258954
6141259104
6141259224
6141259294
6141259324
6141259344
6141259454
6141259754
6141260164
6141260254
6141260394
6141260694
6141260754
6141261034
6141261284
6141261414
6141261574
6141261704
6141261734
6141261844
6141262014
6141262134
6141262164
6141262234
6141262584
6141262674
6141262724
6141262734
6141262924
6141263204
6141263224
6141263264
6141263664
6141263884
6141263904
6141263994
6141264134
6141264224
6141264264
6141264314
6141264424
6141264914
6141264944
6141265004
6141265094
6141265424
6141265484
6141265584
6141266034
6141266534
6141266684
6141266734
6141267034
6141267684
6141268394
6141268534
6141268564
6141268584
6141268614
6141268664
6141268884
6141269034
6141269264
6141460014
6141462504
6141495774
6141503844
6141543584
6141550424
6141675924
6141704184
6141707164
6141743404
6141943754
6142009714
6142026424
6142058684
6142114694
6142126164
6142141454
6142171814
6142172234
6142179874
6142179974
6142180334
6142180774
6142180834
6142180964
6142181064
6142181364
6142182104
6142182304
6142182314
6142184224
6142184384
6142184654
6142184844
6142185064
6142185364
6142185384
6142185874
6142185884
6142185984
6142254014
6142348944
6142481854
6142486814
6142491484
6142542614
6142588934
6142661514
6142721164
6142752444
6142753414
6142807834
6142834434
6142910164
6142983924
6142984194
6142984204
6142984354
6142984404
6142984644
6142984904
6142984934
6142984944
6142985044
6142985074
6142985204
6142985254
6142985284
6142985304
6142985314
6142985414
6142985554
6142985654
6142985664
6142985734
6142985964
6142985994
6142986004
6142986204
6142986364
6142986484
6142986574
6142986614
6142986654
6142986744
6142986924
6142986934
6142986944
6142987254
6142987324
6142987514
6142987754
6142987794
6142987914
6142987934
6142988424
6142988574
6142988624
6142988714
6142988784
6142989014
6142989064
6142989094
6142989104
6142989444
6142989474
6142989634
6142990004
6142990074
6142990084
6142990374
6142990794
6142990974
6142991164
6142991284
6142992204
6142992404
6142992794
6142992914
6142993164
6142993424
6142993554
6142993894
6142994054
6142994164
6142994274
6142994404
6142994504
6142994544
6142994584
6142994894
6142995224
6142995534
6142995614
6143003224
6143120814
6143122924
6143253204
6143261394
6143278124
6143282224
6143314874
6143332734
6143404204
6143414654
6143526884
6143527304
6143598624
6143617664
6143645844
6143686564
6143705394
6143709964
6143713534
6143716434
6143716554
6143733614
6143737134
6143738164
6143746924
6143762954
6143784174
6143801334
6143801424
6143801534
6143801684
6143801744
6143801754
6143801774
6143801854
6143802144
6143802414
6143802524
6143802594
6143802624
6143802774
6143802934
6143803204
6143803304
6143803514
6143803524
6143804444
6143804484
6143804514
6143804554
6143804594
6143804744
6143804874
6143804924
6143804944
6143805214
6143805334
6143805384
6143805454
6143805694
6143805754
6143805924
6143805984
6143806014
6143806134
6143806644
6143806674
6143806974
6143807074
6143807344
6143807424
6143807434
6143807504
6143807514
6143807724
6143807764
6143807784
6143808134
6143808154
6143808184
6143808214
6143808224
6143808264
6143808294
6143808394
6143808464
6143808564
6143808584
6143808594
6143809044
6143809154
6143809554
6143809834
6143810924
6143817804
6143851494
6143873954
6143984964
6144024654
6144056834
6144105994
6144136844
6144149524
6144158294
6144216134
6144243504
6144247744
6144288284
6144316184
6144331994
6144355334
6144366244
6144373874
6144374874
6144374894
6144379914
6144402104
6144402194
6144402524
6144402604
6144402684
6144402734
6144433644
6144434894
6144434904
6144436344
6144437034
6144437144
6144437394
6144437404
6144437534
6144437614
6144442124
6144444784
6144444814
6144485444
6144498694
6144568514
6144588474
6144591894
6144608744
6144626264
6144702224
6144744654
6144754324
6144800384
6144899134
6144899194
6144957244
6144972124
6144975414
6144981044
6144981084
6144984304
6144984344
6144986104
6144990084
6144990424
6145026964
6145036134
6145036684
6145038094
6145054224
6145057494
6145068814
6145069224
6145076854
6145078164
6145080364
6145080774
6145080864
6145080954
6145080984
6145081114
6145081184
6145083484
6145083724
6145084154
6145091814
6145095084
6145101714
6145167004
6145227914
6145244104
6145272014
6145277634
6145390034
6145431554
6145478454
6145501474
6145565484
6145614054
6145614204
6145614714
6145625084
6145637534
6145641654
6145680734
6145694894
6145695144
6145695464
6145700774
6145701124
6145705624
6145707094
6145707174
6145709984
6145710414
6145714984
6145717404
6145717594
6145719514
6145719954
6145720144
6145722284
6145722634
6145724834
6145726984
6145729844
6145732674
6145736684
6145737134
6145740534
6145743404
6145743584
6145744464
6145747594
6145748964
6145749014
6145749994
6145752484
6145757394
6145759774
6145766184
6145766674
6145766684
6145766694
6145766724
6145766734
6145766744
6145766764
6145766804
6145766824
6145766854
6145767004
6145767044
6145767064
6145767204
6145767224
6145767284
6145767344
6145767404
6145767594
6145767684
6145767744
6145767774
6145767794
6145767834
6145767844
6145767874
6145767914
6145767954
6145768144
6145768154
6145768174
6145768204
6145768224
6145768244
6145768254
6145768264
6145768284
6145768294
6145768304
6145768324
6145768374
6145768394
6145768424
6145768454
6145768474
6145768544
6145768554
6145768674
6145768704
6145768774
6145768794
6145768864
6145768894
6145768914
6145768974
6145769024
6145769064
6145769094
6145769134
6145769314
6145769374
6145769514
6145769634
6145769684
6145769824
6145769834
6145769854
6145769864
6145769894
6145770004
6145770084
6145770114
6145770154
6145770184
6145770284
6145770314
6145770324
6145770414
6145770444
6145770454
6145770474
6145770534
6145770594
6145770614
6145770654
6145770764
6145770774
6145770944
6145770954
6145771014
6145771024
6145771104
6145771244
6145771264
6145771284
6145771354
6145771384
6145771474
6145771484
6145771634
6145771654
6145771794
6145771814
6145771874
6145772134
6145772404
6145772704
6145772754
6145772774
6145772784
6145773034
6145773064
6145773114
6145773244
6145773304
6145773384
6145773464
6145773514
6145773554
6145773614
6145773674
6145773724
6145773734
6145773744
6145774024
6145774064
6145774074
6145774124
6145774254
6145774274
6145774324
6145774404
6145774414
6145774474
6145774484
6145774504
6145774554
6145774754
6145774764
6145774834
6145774964
6145775394
6145775474
6145775584
6145775614
6145775624
6145775724
6145775754
6145775854
6145775924
6145775944
6145776134
6145776224
6145776274
6145776284
6145776324
6145776344
6145776384
6145776474
6145776524
6145776584
6145776664
6145776694
6145776724
6145776734
6145776744
6145776854
6145779474
6145782074
6145782124
6145782654
6145787854
6145788614
6145790014
6145790194
6145793544
6145800604
6145815914
6145825714
6145988304
6145988384
6145988444
6145988484
6145988634
6145988654
6145988854
6145988924
6145988944
6145989054
6145989074
6145989154
6145989184
6145989244
6145989344
6145989484
6146080644
6146113324
6146138294
6146233404
6146307544
6146328604
6146338754
6146392754
6146455144
6146462154
6146477324
6146510694
6146512834
6146513044
6146513794
6146513824
6146518084
6146523894
6146534054
6146545264
6146562004
6146566864
6146566884
6146569384
6146574774
6146577014
6146577124
6146577454
6146578294
6146586624
6146587894
6146594674
6146598064
6146598304
6146598344
6146599064
6146599154
6146600244
6146601994
6146602484
6146603574
6146604174
6146604274
6146604484
6146604564
6146606014
6146607184
6146608554
6146608724
6146608804
6146609014
6146609424
6146609454
6146609474
6146609484
6146609494
6146609504
6146609514
6146609524
6146609534
6146609554
6146609564
6146609574
6146609594
6146609604
6146609614
6146609624
6146609644
6146609654
6146609664
6146609674
6146609684
6146609694
6146609704
6146609714
6146609724
6146609734
6146609744
6146609754
6146609764
6146609774
6146609784
6146609794
6146609804
6146609814
6146609824
6146609834
6146609844
6146609854
6146609864
6146609874
6146609884
6146609894
6146609924
6146609944
6146609954
6146609964
6146609974
6146609984
6146609994
6146610004
6146610014
6146610024
6146610034
6146610044
6146610064
6146610074
6146610084
6146610094
6146610104
6146610114
6146610124
6146610134
6146610144
6146610154
6146610164
6146610174
6146610194
6146610204
6146610224
6146610234
6146610254
6146610264
6146610274
6146610284
6146610294
6146610324
6146610334
6146610344
6146610354
6146610384
6146610394
6146610434
6146610454
6146610474
6146610484
6146610504
6146610514
6146610524
6146610554
6146610564
6146610584
6146610594
6146610604
6146610614
6146610634
6146610644
6146610654
6146610664
6146610684
6146610714
6146610724
6146610734
6146610774
6146610784
6146610794
6146610814
6146610824
6146610834
6146610844
6146610864
6146610874
6146610884
6146610894
6146610904
6146610914
6146610944
6146610954
6146610964
6146610984
6146611004
6146611034
6146611044
6146611084
6146611094
6146611104
6146611114
6146611124
6146611134
6146611164
6146611174
6146611184
6146611194
6146611214
6146611224
6146611234
6146611244
6146611254
6146611264
6146611284
6146611294
6146611324
6146611354
6146611364
6146611374
6146611394
6146611414
6146611424
6146611434
6146611454
6146611464
6146611484
6146611504
6146611514
6146611534
6146611574
6146611584
6146611604
6146611624
6146611634
6146611644
6146611654
6146611674
6146611704
6146611734
6146611744
6146611784
6146611814
6146611824
6146611844
6146611854
6146611864
6146611874
6146611884
6146611904
6146611924
6146611944
6146611954
6146611974
6146612004
6146612014
6146612024
6146612054
6146612074
6146612084
6146612104
6146612114
6146612124
6146612144
6146612154
6146612164
6146612194
6146612204
6146612214
6146612234
6146612274
6146612314
6146612354
6146612364
6146612374
6146612384
6146612414
6146612444
6146612464
6146612484
6146612524
6146612534
6146612564
6146612574
6146612584
6146612594
6146612634
6146612644
6146612694
6146612714
6146612744
6146612764
6146612774
6146612784
6146612794
6146612814
6146612834
6146612844
6146612874
6146612884
6146612914
6146612924
6146612934
6146612944
6146612954
6146612964
6146612974
6146612984
6146612994
6146613004
6146613014
6146613034
6146613054
6146613134
6146613164
6146613184
6146613234
6146613274
6146613294
6146613324
6146613334
6146613364
6146613374
6146613394
6146613404
6146613434
6146613444
6146613454
6146613464
6146613494
6146613524
6146613534
6146613554
6146613564
6146613574
6146613594
6146613614
6146613624
6146613634
6146613654
6146613664
6146613684
6146613714
6146613724
6146613734
6146613744
6146613764
6146613774
6146613784
6146613794
6146613824
6146613834
6146613844
6146613854
6146613864
6146613874
6146613884
6146613894
6146613914
6146613924
6146613934
6146613954
6146613964
6146613994
6146614034
6146614054
6146614064
6146614074
6146614084
6146614114
6146614124
6146614134
6146614144
6146614154
6146614174
6146614184
6146614194
6146614204
6146614214
6146614224
6146614234
6146614244
6146614254
6146614274
6146614294
6146614304
6146614314
6146614324
6146614344
6146614354
6146614364
6146614374
6146614384
6146614394
6146614414
6146614424
6146614434
6146614444
6146614464
6146614474
6146614484
6146614494
6146614504
6146614514
6146614524
6146614534
6146614544
6146614554
6146614574
6146614584
6146614604
6146614614
6146614624
6146614634
6146614644
6146614654
6146614664
6146614684
6146614714
6146614724
6146614744
6146614754
6146614764
6146614774
6146614794
6146614804
6146614814
6146614834
6146614844
6146614854
6146614864
6146614874
6146614884
6146614904
6146614914
6146614924
6146614934
6146614944
6146614964
6146614974
6146614984
6146614994
6146615004
6146615014
6146615024
6146615034
6146615044
6146615054
6146615064
6146615074
6146615094
6146615104
6146615134
6146615144
6146615154
6146615164
6146615174
6146615184
6146615194
6146615204
6146615214
6146615224
6146615234
6146615244
6146615254
6146615264
6146615274
6146615284
6146615294
6146615304
6146615314
6146615324
6146615334
6146615344
6146615354
6146615364
6146615374
6146615384
6146615394
6146615404
6146615414
6146615424
6146615434
6146615444
6146615474
6146615484
6146615514
6146615524
6146615534
6146615544
6146615554
6146615564
6146615574
6146615584
6146615594
6146615604
6146615614
6146615634
6146615644
6146615654
6146615674
6146615684
6146615694
6146615704
6146615714
6146615724
6146615744
6146615754
6146615764
6146615784
6146615794
6146615804
6146615814
6146615824
6146615834
6146615844
6146615854
6146615864
6146615874
6146615884
6146615894
6146615904
6146615924
6146615934
6146615944
6146615954
6146615964
6146615974
6146615984
6146615994
6146616004
6146616014
6146616024
6146616034
6146616044
6146616054
6146616064
6146616074
6146616084
6146616094
6146616104
6146616114
6146616134
6146616144
6146616154
6146616164
6146616244
6146616254
6146616304
6146616314
6146616324
6146616344
6146616354
6146616394
6146616404
6146616424
6146616434
6146616474
6146616504
6146616514
6146616524
6146616574
6146616584
6146616604
6146616614
6146616624
6146616634
6146616644
6146616674
6146616704
6146616714
6146616724
6146616734
6146616744
6146616754
6146616764
6146616774
6146616814
6146616844
6146616854
6146616864
6146616874
6146616884
6146616914
6146616924
6146616934
6146616964
6146616984
6146616994
6146617004
6146617014
6146617034
6146617044
6146617064
6146617134
6146617144
6146617154
6146617164
6146617194
6146617244
6146617254
6146617294
6146617344
6146617364
6146617384
6146617404
6146617414
6146617424
6146617444
6146617474
6146617514
6146617534
6146617554
6146617574
6146617584
6146617594
6146617634
6146617644
6146617674
6146617694
6146617704
6146617714
6146617734
6146617744
6146617754
6146617804
6146617844
6146617854
6146617864
6146617874
6146617884
6146617924
6146617944
6146617964
6146617974
6146618004
6146618014
6146618024
6146618034
6146618044
6146618074
6146618084
6146618094
6146618104
6146618124
6146618134
6146618154
6146618174
6146618184
6146618194
6146618204
6146618214
6146618234
6146618244
6146618254
6146618264
6146618284
6146618294
6146618304
6146618314
6146618324
6146618344
6146618354
6146618384
6146618394
6146618404
6146618414
6146618434
6146618444
6146618454
6146618494
6146618504
6146618514
6146618524
6146618534
6146618544
6146618554
6146618564
6146618574
6146618584
6146618594
6146618604
6146618614
6146618624
6146618634
6146618644
6146618664
6146618674
6146618704
6146618714
6146618724
6146618734
6146618754
