7053762632
7054995472
7055949452
7055949822
7055949842
7055949952
7055950202
7056893442
7057957702
7059076032
7059790232
7059790252
7059790292
7059076062
7059790262
7056933812
7055949142
7057263162
7060049042
7056467732
7058534672
7059790332
7060049082
7060049062
7060049092
7054992782
7055950262
7055950492
7055950342
7055950632
7055950652
7055950562
7055950752
7055950602
7055950682
7056224142
7055951112
7057263912
7058256162
7057959112
7058256192
7058534742
7060046782
7050750832
7054701632
7050750742
7060049132
7060049152
7060049162
7053391772
7051267522
7054995662
7055950822
7055950902
7059076172
7059790412
7055951162
7059790432
7055951182
7057959272
7059562902
7060049202
7057959302
7058534802
7059076182
7055951352
7057959292
7059076232
7055951192
7055951212
7055951232
7060049222
7060049232
7053762682
7053967452
7058534872
7054177302
7055951482
7055951502
7059076222
7059790502
7059790522
7060049242
7060049262
7060049272
7059199512
7060049282
7059556002
7051780772
7056894022
7053967572
7055951512
7055951532
7055951552
7059558342
7055951572
7056224412
7058256352
7059076312
7059076352
7059076372
7059076392
7059076452
7056224382
7060048602
7059076432
7055951522
7059558352
7057958722
7057959582
7059076382
7059076402
7059076422
7059076442
7059790562
7059790602
7055951642
7059076322
7058783692
7059348352
7053202162
7052857272
7053202322
7053202312
7053202492
7053392732
7053393672
7053915652
7054177492
7055951592
7055951802
7055951632
7055951692
7056467842
7055951862
7055951832
7059558382
7058535172
7059790622
7059558372
7053202382
7053202462
7055951652
7055951852
7060049342
7060049362
7051969362
7052560602
7055951842
7055951872
7055951892
7056224612
7059076512
7059790652
7059790642
7054701912
7060049372
7059515752
7060049392
7058256492
7058785392
7054995882
7059076552
7059076572
7056023162
7059076592
7059076542
7059558452
7059076562
7059790672
7059558442
7059790722
7060049412
7059343302
7060049382
7060049402
7051267772
7051986852
7051987532
7052560672
7052560702
7052560712
7052560732
7052560752
7052560762
7052560782
7052560822
7052560832
7052560862
7052560872
7053202722
7054702032
7053202612
7056224682
7058256512
7055951952
7057264402
7056224712
7059076612
7058535332
7059076682
7059076652
7059076692
7059790742
7059790762
7059790752
7052560692
7052560722
7056023172
7057959922
7058535322
7059278852
7059556842
7059781092
7060049442
7060049452
7058717972
7057570282
7058535342
7059558492
7052561112
7060049462
7059790782
7057961032
7060049482
7052560922
7052560942
7052560962
7052560982
7054702112
7054996192
7052561082
7052561102
7059076732
7059076752
7059076772
7059076762
7059076782
7059076802
7059076842
7059076862
7058488652
7059076812
7060049492
7059104742
7059729332
7059874292
7057960172
7058535442
7059076872
7059076932
7060049512
7060049502
7060049522
7058256742
7059558542
7057960292
7059077062
7059556712
7059790872
7060049552
7060049582
7059349262
7060049542
7060049572
7060049592
7057524892
7057960432
7057960462
7058530522
7057960492
7060049562
7060049602
7059777062
7050208392
7050751732
7059791172
7050208442
7051987632
7052857672
7053203092
7051987882
7053203112
7052561462
7053203132
7053203102
7053763232
7053203122
7053968112
7053203242
7053203222
7053968072
7053763292
7053968042
7053968832
7053968062
7054996502
7053967942
7054996742
7054996732
7055952152
7054996862
7056894682
7056894712
7056894902
7057264752
7057960532
7057960572
7057264562
7057545222
7057264662
7057960562
7059558592
7057960502
7057960552
7057960602
7057960542
7058535742
7058535752
7058535712
7058535682
7059077142
7059558622
7052751572
7053968712
7055952442
7058535722
7060049652
7058864642
7060049692
7058448242
7060049702
7058535762
7058535802
7058535822
7059790992
7059790932
7059558652
7055333852
7049699172
7050671912
7050751972
7054996902
7059558702
7059791052
7059512952
7060049732
7060049712
7060042112
7057905402
7060018752
7050752022
7051782462
7052858062
7053203982
7050752012
7053398562
7053398582
7054996982
7054997022
7050752092
7056895102
7050752132
7050752172
7056895122
7056895162
7057265202
7053203952
7053203992
7053204052
7053204072
7053398592
7058535962
7056225292
7056895112
7056895152
7056895232
7057472072
7058535952
7058535972
7053204122
7060049772
7059342372
7060016992
7046834862
7054375492
7055952912
7053398622
7059791132
7056895222
7056895242
7057227142
7059324122
7060049802
7060049812
7060049822
7060049832
7060049842
7048028092
7049482872
7058490302
7059343072
7060016472
7053204452
7054997122
7055952992
7057265312
7057265342
7057265332
7059558792
7053969652
7055952982
7059105422
7060049882
7060049892
7060049902
7059275292
7060049922
7060049872
7042590512
7054375562
7057265362
7057265382
7057265352
7057265412
7057265432
7060015982
7060049942
7060049952
7060049972
7059507882
7060049962
7060049982
7057265472
7050752082
7050752122
7050752102
7059558832
7050752162
7050752182
7050752202
7050752262
7050752482
7051269262
7054994002
7057265462
7057265482
7057265502
7059077382
7059558862
7060049992
7060050062
7060050072
7059791212
7057265572
7059558872
7059558882
7059791232
7059062382
7060050102
7060050112
7042378912
7051990742
7052561722
7047331812
7053399322
7048028332
7053970002
7048028352
7056225602
7057265602
7057961642
7051043372
7054997372
7054997432
7059558462
7056225132
7054702992
7057961682
7056224952
7059791262
7057265612
7057265632
7057744242
7060050122
7050208892
7045341802
7059558902
7051991392
7051991432
7059791302
7053970192
7058272892
7059298202
7058748722
7059296902
7047331622
7047827762
7048028342
7048193722
7048679002
7049300722
7053970172
7050208902
7050209002
7050208922
7057961712
7052752902
7057961792
7057961772
7054703222
7059060312
7059059812
7057961762
7059060412
7059062772
7053205102
7059062842
7053970162
7059062892
7057961702
7059062792
7059061652
7059061692
7059061392
7059061722
7059062592
7059559002
7059060082
7059558942
7059065242
7059558962
7057961722
7059558982
7060050152
7060049722
7060050162
7048028362
7056895802
7059558972
7059558992
7056895782
7056895822
7059559012
7060050182
7060050192
7053405942
7053970382
7059559022
7056895832
7059559032
7059559062
7059559052
7059559072
7059559112
7060049932
7059559102
7060050202
7059297122
7060050212
7060050222
7042379012
7054703422
7043025472
7054703442
7043717912
7054703462
7056895922
7059559142
7047217532
7059559122
7049302092
7049702432
7059559182
7052753012
7052753032
7054178392
7053400292
7056895992
7054703452
7056895932
7054178372
7056896012
7059559172
7059559132
7059559152
7059559232
7059559252
7059559272
7059559292
7059789412
7042590532
7060050232
7060050242
7053762992
7053763092
7042590542
7043897382
7053970552
7044997962
7059559212
7049702422
7060050262
7052753042
7056896022
7056896082
7056896062
7059559202
7059559262
7059559282
7059559242
7043717902
7060047902
7056225962
7056896072
7059791592
7060050282
7060050292
7043718112
7045867552
7045867792
7048680272
7050209872
7050209952
7050209992
7053400712
7055953732
7056896092
7058536352
7045867392
7060050332
7045867402
7045867522
7045867802
7050209862
7050209882
7050209902
7050209962
7051272162
7051991642
7051991722
7054375742
7055953722
7055953782
7058536322
7058536342
7058536362
7058498222
7060050352
7058257402
7058257412
7058536392
7055953902
7055954002
7055953962
7060050362
7060050372
7059063492
7059077732
7060050382
7059077702
7059077722
7060050392
7045867612
7045867632
7042379102
7045867752
7045867872
7049483522
7051045182
7059077742
7050753452
7051045212
7051272212
7051991852
7059077752
7045867712
7047612782
7042430022
7045867762
7045867882
7045867902
7046939682
7045867922
7046939982
7055954192
7051045122
7055954082
7055954102
7045868262
7046942102
7055415282
7055954122
7055954162
7055954182
7048681962
7050027262
7050210382
7049704602
7042805892
7055954212
7043236892
7050210662
7055954232
7055954252
7050210582
7050210642
7050211122
7050210782
7059077812
7052753322
7053380922
7053380962
7053381002
7053381022
7053381082
7055954202
7055954222
7055954302
7055954322
7055954342
7055954362
7055954382
7055954402
7056226162
7058792182
7059077822
7052753392
7053971292
7055954292
7055954312
7044999192
7045868272
7046943472
7047613172
7047829932
7048029032
7048467212
7049305092
7049483732
7050210612
7050210672
7050210712
7055954392
7055954452
7058792192
7059077832
7050210692
7050210752
7055954482
7055954502
7056468722
7050210812
7059077842
7050753572
7050211112
7053380932
7051501292
7053380952
7059077852
7055954652
7059077862
7060050422
7055954682
7055954732
7055954742
7055954802
7055954882
7055954712
7055954832
7055954992
7055955192
7045347062
7045868402
7046944992
7045868662
7055954972
7048682122
7055954922
7059559462
7045868432
7049305642
7043719942
7055955002
7055955022
7044999972
7043921952
7045568602
7049483992
7045868762
7053078192
7049306742
7055955512
7055955442
7055955452
7055955462
7052753502
7043720092
7052753522
7053764182
7045869922
7057266312
7057266292
7057266282
7057266332
7057266352
7057266302
7057266322
7057266342
7045869932
7055955552
7055955542
7044732882
7044732922
7055955632
7055955672
7044733122
7045869982
7055955652
7048683662
7044733142
7045870962
7045870882
7055955682
7055955582
7045870982
7045871082
7055955862
7057266382
7049162502
7055955702
7045871142
7045871282
7049162492
7049163102
7045871002
7055955732
7055955792
7055955812
7057266372
7044733092
7055955742
7055955782
7045347452
7044733112
7055955722
7045870992
7045871312
7053403832
7055955772
7049163132
7055955832
7042379452
7042695992
7042428082
7044733362
7044733382
7051047152
7044733132
7044733252
7044733462
7045347542
7045347602
7049163072
7044733582
7045347582
7055955912
7055955972
7055956012
7045347642
7045871322
7051047192
7055955822
7045347622
7055955982
7055955942
7055955892
7055955922
7055955952
7055955992
7055956002
7055956022
7042696012
7045871152
7045871362
7044733342
7045871112
7045871542
7045871582
7045871642
7055956052
7051047202
7053971882
7044733272
7044733282
7044733242
7042428122
7042695972
7055956092
7055956082
7055956162
7055956112
7055956182
7055956222
7057266412
7055956202
7055956192
7055956172
7055956242
7055956212
7055956272
7055956292
7043247242
7044733592
7045347572
7045347612
7045347712
7045871392
7045871572
7045871632
7045871672
7047933092
7049118372
7053971912
7055956232
7044733392
7045871412
7043721782
7043721812
7043721822
7043721872
7043721882
7058496492
7060050612
7054705022
7055956552
7055956612
7054704992
7054704962
7055956522
7055956582
7054705012
7055956572
7051047372
7051047392
7054704952
7060050632
7060050642
7056814592
7059061872
7060050762
7059344842
7056697162
7056683552
7048242372
7048275062
7056707862
7056691412
7056707292
7060050782
7057023942
7058342662
7059077962
7060050812
7060050822
7047218842
7047218812
7047218892
7051047362
7047218942
7047218952
7053406062
7047218832
7047219012
7047219032
7053406022
7047218992
7047219112
7053406002
7053764462
7047219092
7047219172
7058792402
7053406032
7053406072
7058602112
7059791832
7060050842
7058545302
7058795452
7060050852
7047219302
7056699312
7047219162
7048272702
7056680722
7056706862
7056696952
7060050862
7047219332
7047219372
7053764502
7056676822
7053764492
7053764512
7058792422
7056697372
7056697412
7059791892
7059559772
7060050882
7060050892
7060050902
7047218982
7047219362
7047219482
7047219502
7047219522
7047219312
7047219352
7056681702
7053764532
7059791732
7056684392
7056692632
7056688432
7058792572
7057963492
7059791902
7059791912
7060048582
7056895002
7056895012
7056895022
7060050922
7060050912
7059512842
7058615772
7048256482
7048270422
7060050952
7060050962
7059348772
7059498872
7060050982
7048281092
7055956802
7056702712
7058792612
7055956842
7055956902
7056678622
7056686722
7057963662
7059791982
7059792002
7060050992
7060016922
7056820262
7060018642
7060051012
7060051022
7055864482
7059015702
7053764582
7055956922
7055956942
7058185162
7058536622
7048247012
7059559562
7053764552
7053764572
7054376412
7054376432
7054376452
7055956932
7056692952
7057963732
7059078292
7059792052
7060051002
7060051042
7060051052
7060051062
7060018832
7047219602
7047219642
7044505032
7044505052
7047219532
7048276582
7050757842
7047219632
7055956962
7047219652
7047219672
7059075762
7048276512
7048276552
7048276572
7059078382
7058536632
7055985572
7059078452
7059078472
7059078432
7060051072
7047219472
7047219492
7059496672
7060051082
7060051092
7060051102
7057267632
7057963882
7058261412
7058792692
7058792682
7059078442
7059078462
7059738772
7058536662
7060051122
7059587002
7057281502
7057281442
7059974062
7059793492
7060051142
7053157572
7047066092
7048267672
7048295932
7048252742
7053763332
7048277782
7055957052
7055957072
7048295922
7053763322
7056702652
7058536732
7056227102
7058536702
7059792202
7048246602
7053763312
7051009022
7055956982
7060051152
7060050492
7060051162
7060051172
7060051192
7052562682
7056227122
7056896742
7057717392
7059792212
7059792222
7059792232
7060051232
7060051242
7060049352
7059792152
7059791952
7056227192
7057268552
7053197142
7060051262
7058536772
7058536812
7059079092
7059079192
7056227182
7056227202
7056468942
7057964262
7058792802
7059792242
7060051272
7060051182
7059350372
7060051282
7060051292
7060051302
7050028202
7053077022
7055957352
7055957372
7056896872
7059079462
7059079802
7052149182
7052164482
7043715022
7054376462
7058447842
7060012852
7058794862
7060051312
7060051332
7047216412
7050028222
7057269592
7054705562
7058792872
7055958122
7055958162
7059792312
7059792322
7056896922
7060051352
7058785052
7060051372
7058288962
7055958412
7055958512
7058792892
7059792332
7059792362
7059340232
7060051402
7050028212
7055958542
7055958682
7056227232
7057965522
7059081062
7059081122
7059081282
7059081152
7059081252
7060051412
7059081292
7059081352
7059081432
7059792372
7059792442
7059792392
7059792402
7059792412
7059792462
7059792422
7059792472
7059792482
7059792432
7059792452
7059792492
7059792502
7059792512
7060051422
7060051362
7060051432
7050664812
7053972202
7050664832
7056227262
7055959032
7056227252
7058536942
7055959192
7056227272
7058793002
7056897032
7059792282
7059792522
7058536952
7059792582
7059792532
7059792552
7059792572
7060051442
7050664822
7060051202
7049097022
7060051462
7060051482
7048641192
7049124052
7052911962
7055959512
7054706042
7054179082
7055952822
7059792592
7057982402
7059792612
7059792632
7058793062
7059792652
7059792642
7059792622
7060051492
7054706062
7059792602
7059792662
7060051502
7060051532
7055960162
7054179072
7056227372
7059700862
7059792682
7059740012
7059792702
7059709572
7059792672
7059792712
7059792732
7060051512
7042674832
7044926402
7048537282
7050160342
7052842082
7057965572
7056469802
7058793132
7057271962
7059792742
7057965802
7060051562
7060051582
7060051592
7055960822
7057272032
7059083352
7057272042
7059083452
7059083592
7057965822
7059083652
7059083672
7059792792
7059083402
7059792832
7059083702
7059792822
7055045122
7055961012
7057453432
7060051622
7059791542
7055961442
7054706352
7055961172
7055961212
7055961492
7055961552
7055961272
7056227472
7055961612
7059083852
7059792902
7059792882
7059792872
7059083752
7059792852
7059792892
7059792912
7060051642
7053972332
7060051652
7060051662
7060051672
7054209962
7060051682
7043525992
7043526012
7055961822
7053764712
7055961982
7055986262
7056897222
7058777582
7058793222
7059084252
7059084262
7059792952
7059792922
7059792972
7059792942
7059792962
7059792982
7060051702
7059557132
7056086622
7060051712
7060051722
7060051732
7042258982
7042596972
7042953002
7043715502
7044286432
7044286712
7044287292
7044732242
7044630932
7044304512
7044946322
7045197792
7045287812
7051793622
7045462462
7045350962
7045457142
7054179212
7055962252
7056470592
7055962452
7056582242
7056582762
7058265192
7056584422
7058793262
7058265202
7058777122
7058777202
7058793252
7059084722
7060051742
7053972452
7058793242
7046550872
7046975972
7047212012
7045970662
7047161882
7047201402
7047283982
7048127632
7048475252
7049258352
7049257912
7049260422
7049598952
7049434562
7050082392
7049419742
7049959892
7049822102
7050610742
7050695352
7050695672
7050713992
7051310662
7051267872
7051972432
7050599332
7051255792
7052640842
7051255352
7051945592
7052327642
7051943962
7052562922
7052681292
7052219602
7052681282
7052383992
7052465562
7052643112
7052678662
7052210472
7052681332
7052681312
7052752942
7052755332
7052681322
7053058692
7053564722
7052681342
7053385962
7055566542
7053210742
7052684752
7053287952
7053969182
7053972482
7052858092
7053722122
7058265222
7053024252
7055566552
7053972472
7053317272
7057966332
7054004962
7057966222
7058265242
7053972492
7053972512
7057966202
7058793382
7057966212
7058265312
7058265362
7058265232
7058265322
7058265282
7058793392
7058265392
7058265352
7058793342
7059793082
7058265402
7058793352
7058265382
7058793322
7058793372
7059700312
7053191892
7060051772
7060051782
7059530922
7060051812
7051992902
7052681302
7059793132
7060051822
