7050750708
7050750718
7050750828
7050750738
7054995478
7055949248
7055949318
7055949808
7055950058
7055950008
7055950178
7057262998
7059558268
7058534648
7058256128
7059790248
7058256098
7058256138
7059790258
7059790278
7054701538
7055949188
7057263548
7060048978
7060048988
7059515708
7059790318
7059790338
7060049048
7060049058
7060049038
7054995588
7054992418
7055950568
7055950458
7055950828
7055951048
7057263868
7057263888
7057263928
7059076118
7053762638
7054993178
7055950528
7055950848
7060049098
7060049108
7055951168
7055950918
7055951078
7055951178
7055951198
7059103188
7053963958
7057748938
7054995708
7055951248
7059076198
7057263968
7057959288
7058534848
7059790468
7060049228
7057959298
7058713208
7060049238
7053762678
7053967478
7053967498
7058256268
7053967518
7053967538
7053967618
7059790508
7054701798
7054995778
7055951498
7057263998
7053967698
7056834458
7060049278
7051267588
7053967578
7052857268
7053967548
7053967568
7053967608
7059076318
7055951548
7055951568
7059076308
7059076328
7059076348
7059076368
7059076408
7059076428
7059076448
7060049298
7059599818
7060049268
7060049308
7055951518
7055951558
7057959638
7059076378
7059076398
7059076418
7059076438
7053202148
7059553288
7060049328
7060049338
7053202178
7052560668
7053202258
7053202248
7053202288
7054177498
7053202488
7054177458
7055951598
7055951618
7055951638
7055951678
7055951608
7055951838
7055951828
7058535148
7055951788
7055951848
7059558398
7059076478
7059558388
7059558408
7059790628
7053202218
7053202188
7053762718
7054701918
7055951628
7056224488
7058535068
7060049358
7052560598
7053967888
7053202298
7055951868
7055951888
7058785788
7059790638
7052560658
7060049388
7060047598
7058535188
7051380138
7054177478
7059076548
7059076568
7055951898
7056894238
7059076588
7059558448
7059076558
7059076578
7059558438
7059790698
7059790718
7059076538
7060049018
7060049418
7060049378
7059704618
7052560678
7052560698
7052560768
7052560778
7052560828
7052560878
7052560928
7052561008
7052750568
7053202718
7053762778
7052857328
7053762768
7056224688
7053202768
7053968238
7056224718
7057959918
7058535318
7056224708
7056467888
7058535298
7058535308
7058535328
7058535338
7058535388
7059076658
7059076668
7059790738
7059790758
7059790748
7059558158
7059986528
7052560688
7058535278
7056224678
7060049438
7059745458
7060049448
7060049458
7057959958
7052561088
7052561268
7059558478
7059790558
7052561108
7060049468
7059554198
7060049478
7052857508
7052857528
7054996188
7054996208
7052561138
7056894388
7058535428
7059076728
7059076768
7053968278
7059076828
7059076788
7059076808
7056894418
7059558508
7059076758
7059076738
7059076778
7059076798
7059076818
7059076838
7059076858
7052560938
7060049488
7059058808
7060049348
7060049508
7059076868
7060049518
7060049528
7059786268
7060049538
7059077028
7059556688
7058535498
7060049548
7057960288
7059790898
7059789468
7059556658
7059349258
7059349268
7060049598
7057960458
7057960468
7059077078
7060049628
7050208488
7050751508
7060049618
7051267848
7043561338
7043565318
7051043068
7051987668
7051987708
7051043018
7052857548
7051268218
7051781358
7053203088
7051989098
7053203228
7053203548
7053398348
7053203158
7053395958
7053763288
7053763268
7053203278
7053397778
7053968068
7053967938
7053968428
7053968108
7053969188
7053968058
7053763338
7054177688
7054996498
7055952288
7053968938
7054996818
7055952168
7053968118
7057264768
7053968678
7057264548
7055952388
7059558368
7056894498
7056894898
7057960508
7057960748
7058535728
7058535708
7057960518
7057667158
7057960498
7059558588
7057960488
7058535688
7057960558
7058535758
7058535738
7057264658
7057960538
7058535698
7060049668
7045101718
7043755708
7059558328
7049459088
7054702478
7056894908
7056894958
7056894978
7056895028
7056895048
7059558688
7058535768
7058535778
7058535798
7059077208
7059558668
7058535788
7059558658
7059791048
7060049708
7048455388
7050751988
7054996898
7058535918
7059558698
7059791068
7059791088
7060049648
7060038428
7060042108
7060018748
7048677218
7050751978
7052871658
7052872038
7053203978
7050752008
7053969398
7050752068
7054996978
7054997018
7050752088
7050752128
7051989488
7053204068
7057472078
7053204128
7053398628
7053969508
7055952708
7055952808
7056225288
7056225348
7056468088
7060018918
7056895148
7056895188
7057472068
7058535968
7059791108
7050752108
7060018638
7060049768
7060049758
7060049778
7060016928
7060049798
7053398658
7055411018
7056895238
7059558738
7060049828
7060016478
7057227138
7056895388
7056895348
7060049848
7060015988
7060049858
7060049868
7056895398
7056895448
7057265318
7057961188
7060049898
7060049908
7060049918
7060049928
7042378908
7049557968
7050752188
7051269108
7054178128
7057265378
7057265388
7057265428
7057265438
7060015978
7047827438
7057265418
7060049948
7060049968
7060049888
7060049938
7060049978
7053763548
7053969948
7054702848
7049700138
7049700178
7055953088
7057265468
7057265448
7050752098
7050752138
7059059608
7050752158
7050752178
7050752198
7053763538
7057265478
7057265498
7059061398
7059077378
7050752078
7060050018
7060049958
7057265568
7060049988
7051990858
7042378928
7042803168
7043717768
7044997648
7053204978
7053399178
7053969998
7054997438
7048028348
7049701088
7057961638
7057961678
7050752848
7054702988
7054997408
7057265608
7057265628
7059558888
7042429948
7059791278
7060050108
7060049588
7045342138
7050208908
7050208928
7050208948
7050209048
7059558918
7059322238
7048028338
7048679288
7051782988
7049701078
7053399588
7049701278
7050208898
7053399608
7050208918
7049942038
7057961708
7053970268
7057961748
7057961788
7051991418
7057961718
7059060408
7059061648
7059060088
7059068488
7059061688
7059061728
7059062838
7059059818
7059069648
7059065248
7059068628
7059558978
7059060318
7059558938
7059062878
7059068498
7048028358
7050209058
7059062588
7059558998
7060050158
7053205778
7059558968
7056895798
7056895818
7059559008
7059558958
7059558988
7060050178
7053970368
7059559018
7056895828
7059559038
7059559028
7059559058
7059559098
7059559068
7059559118
7059559108
7060050188
7060050208
7060050218
7059789418
7042378958
7042590588
7043236288
7054703438
7056895918
7059559178
7059791538
7052753028
7053400048
7049702428
7052753088
7048459868
7053400128
7059559198
7050753188
7054178388
7054997888
7056895928
7052752988
7056896008
7054178428
7059559168
7059559128
7059559148
7059559188
7059559228
7059559248
7059559268
7059559288
7059791508
7047827808
7053400248
7060050128
7059554728
7060050238
7053763108
7053763128
7053763768
7053970548
7059559208
7048028518
7060050258
7051991578
7052753038
7053762998
7053763098
7056895998
7056896058
7058791998
7059559238
7059559258
7059559218
7059559278
7042590558
7060050278
7042379028
7056896028
7056896068
7059077558
7043718048
7043920928
7045344008
7056896118
7045867408
7045867528
7045867628
7045867788
7045867808
7048028528
7048028548
7050209868
7050209988
7050209968
7052753168
7055953708
7055953788
7055953748
7056896088
7059729708
7060050328
7044731438
7045867398
7045867458
7045867518
7045867558
7045867798
7050209858
7050209958
7050209978
7058536338
7058536398
7059343198
7060050338
7055414658
7058257408
7058536388
7059559348
7059780138
7060050358
7059791318
7054375818
7058792068
7055953928
7055953898
7055953978
7055953998
7059077738
7055953918
7057266018
7059077698
7060050368
7055415128
7055415188
7059077718
7055953988
7055953968
7042379078
7047828878
7047217648
7051045198
7051045328
7059077748
7042379108
7060049258
7045867758
7045867658
7045867898
7055954068
7055954088
7055954098
7045867638
7060050398
7059715368
7043718278
7043718878
7045868278
7046944358
7055954158
7055954178
7060050408
7049305518
7049483878
7049704318
7050210398
7050210578
7044999088
7049483698
7050210678
7050210718
7050210638
7050472458
7053380958
7053380998
7053381078
7055954238
7055954278
7055954298
7055954318
7055954378
7059077818
7050210798
7056226168
7050210428
7055954288
7055954328
7055954368
7042590808
7045868288
7049705088
7050210628
7055954388
7055954408
7055954448
7058792188
7059077828
7050210728
7060050418
7043718958
7055954498
7050210748
7050210808
7050210788
7059077838
7050211108
7053380948
7050753608
7051501288
7053381008
7053381028
7059077848
7055954538
7055954598
7059791698
7057918168
7055954878
7055954678
7055954738
7057962878
7059792918
7044732468
7042807448
7044999438
7043719638
7045564738
7045868398
7047830708
7048467558
7048683028
7045868558
7054376008
7055954918
7058792218
7059559458
7055955198
7042810068
7045868708
7055955388
7059790158
7045868678
7045868718
7049306738
7049306678
7052753488
7054376058
7055955438
7045868798
7055955508
7055955468
7042809878
7057266278
7057266318
7057266348
7057266298
7057266338
7057266368
7045869928
7042591278
7043720158
7057266308
7055955538
7057266288
7057266358
7044732958
7055955628
7055955608
7044732918
7044733018
7044733118
7055955648
7055955668
7045871018
7055955688
7044733078
7055955658
7048683638
7055955738
7055955778
7055955838
7057266378
7048683658
7045871298
7055955718
7044732928
7044733058
7055955598
7044733048
7045871038
7045871118
7045871278
7049163138
7048683668
7049162488
7045871138
7055955708
7048029428
7048029408
7055955808
7049162508
7055955788
7055955758
7045871028
7045871068
7045871308
7052753668
7055955828
7060050558
7042377758
7042427958
7042695988
7044733258
7043720788
7044733338
7044733358
7044733208
7045347638
7051047208
7044733578
7051047168
7045347578
7045871148
7055955908
7055955898
7055955948
7045871318
7055955878
7055956008
7055956018
7055955938
7055955958
7055956028
7055956038
7044732988
7044733318
7055955978
7055955988
7055956058
7044733388
7044733348
7045871638
7051047218
7051047178
7053971898
7044733268
7044733278
7045871358
7045871578
7055956088
7042695918
7055956108
7055956118
7055956138
7055956178
7055956128
7057266418
7055956218
7055956238
7055956148
7060050588
7044733248
7044733408
7044733588
7044733568
7045347568
7045347608
7045871488
7045871668
7056870608
7043721778
7043721788
7043721808
7043721818
7043721898
7043721908
7043721918
7043721798
7058497098
7045580828
7054704998
7054705028
7054704958
7054705018
7055956518
7055956548
7059791738
7054705008
7055956538
7060050628
7049308248
7055956578
7059791748
7060046048
7060050758
7060050768
7056707678
7048259728
7059791768
7059792798
7059790348
7059342468
7059791808
7060050808
7060050818
7047218818
7047218898
7047218838
7047219298
7047218958
7047218868
7047218938
7051047398
7047218928
7053405998
7053406018
7047218988
7047219008
7051047378
7053764538
7053764498
7047218948
7047219168
7047219448
7053406008
7053406048
7053406068
7060050648
7056680738
7056705248
7059791858
7058790178
7047219158
7060007858
7057333548
7059060038
7047219328
7047219368
7048251618
7056678918
7053764528
7053764548
7056676588
7058792478
7060050878
7059789928
7060050888
7060050908
7043655318
7047219198
7047219358
7047219378
7047219518
7047219308
7053764458
7047219468
7056681818
7056681978
7056895008
7056895018
7060050928
7060050948
7047219478
7056707018
7059791928
7059272458
7059324098
7060050978
7048265198
7053764518
7054376458
7054665978
7055956798
7055956818
7055956858
7056591658
7060050968
7060050998
7060016998
7060051008
7060018628
7059322568
7060051018
7060051028
7047219538
7047219338
7047219558
7048242018
7053764558
7053764578
7054376418
7055956938
7056706658
7058536618
7058792638
7047219488
7048253348
7059792038
7054376408
7054376448
7056675728
7057009088
7058185148
7058792628
7059792008
7059792028
7059792068
7060051038
7060051048
7060050918
7044505038
7047219598
7047219618
7047219638
7047219658
7048276538
7048276558
7047219568
7047219628
7055985578
7047219648
7058536638
7048270168
7048276708
7048276728
7059078358
7059078378
7059078398
7059078388
7059792098
7059078348
7059792108
7048276258
7047219528
7050757838
7050757848
7060051078
7060051068
7060051088
7060051098
7059976628
7060051108
7055956958
7056896578
7058536668
7058536678
7059078408
7059078438
7059078458
7059078478
7059744318
7055035118
7059703878
7060051128
7060008488
7060049678
7060051138
7060051148
7047552168
7059594458
7047690478
7048250238
7055957048
7056227068
7051009018
7056683268
7056696268
7057963968
7058536688
7055956978
7056693258
7059078488
7056468878
7058536698
7057964018
7058536718
7058536758
7058536738
7060051158
7053763308
7053763318
7059744208
7058827918
7060051188
7059078538
7059078558
7059078658
7057268348
7057268488
7057717388
7059792218
7060051228
7060051208
7060051238
7052647598
7059290488
7050028128
7055957208
7057288228
7055957238
7058536808
7056227198
7058263178
7059790678
7060051258
7060051278
7060051288
7060051298
7060051308
7055957308
7055957648
7055958108
7058792858
7060047048
7060051318
7060051268
7059776948
7059121858
7056896928
7053084578
7054705518
7054998778
7057965168
7056468998
7056896918
7056896938
7058792878
7059558708
7055957578
7060051368
7055957978
7058792908
7058792898
7059792348
7058792918
7059792338
7059503338
7059792048
7059792208
7060051408
7050028228
7055958578
7056227248
7057270448
7059080958
7058792928
7059081038
7059081238
7059081298
7059081398
7059081088
7059081288
7060051418
7059792398
7059792378
7059792418
7059792408
7059792428
7059792478
7059792468
7059792488
7059792498
7059792508
7059081278
7059792438
7059792458
7059793278
7060051428
7059793328
7060051438
7059586698
7048675398
7056227258
7055959288
7056897018
7058244458
7058246038
7058536938
7056227268
7056469208
7058792978
7059081518
7059500198
7058248968
7059792538
7059792558
7059792578
7059792548
7059792568
7059792588
7050664818
7050664808
7058244758
7060051448
7060051468
7048675588
7048176718
7048218918
7050113018
7052465428
7053704298
7053188258
7053972278
7055959688
7055959708
7054706038
7056227298
7059792608
7058264718
7059792628
7059740018
7059740058
7059792598
7059792618
7059792658
7056227288
7060051498
7060051508
7060051528
7055959838
7055960138
7054179068
7054706088
7056227358
7054706108
7055960088
7059734498
7059792678
7059792698
7059700308
7059792668
7059792688
7059792708
7059792728
7059792718
7060051548
7060051558
7049515818
7055960668
7055680318
7057226768
7059792748
7057965658
7059792768
7059082858
7059792778
7060051568
7049647108
7058793138
7054573948
7060051598
7053995898
7054179098
7054999458
7055960818
7055961098
7057272048
7059083428
7058264988
7057272038
7059083418
7059083668
7059083358
7059083478
7059792808
7059792828
7059083738
7059792818
7059083368
7056469878
7059083388
7059792838
7060051388
7060051618
7059179928
7059130268
7060051628
7060051638
7042906838
7054999518
7056897198
7055961508
7056897188
7057272028
7056897208
7059792858
7059792878
7059792868
7059792848
7059792888
7059792908
7060051648
7060051668
7060051688
7054961468
7043525988
7048056628
7049961168
7055961638
7054706488
7055961948
7055961988
7056897258
7056470408
7058793228
7059083688
7059084258
7059792928
7059792948
7059792968
7055961918
7060051728
7042378478
7042954608
7043022028
7043286908
7044050988
7044286388
7044286758
7044286448
7044286488
7044286858
7044287378
7044287388
7044287958
7044304658
7044305038
7044339348
7044732388
7045200408
7045462928
7045358338
7045349298
7053972448
7053972398
7051671818
7055961708
7060051698
7054179218
7055962488
7058265208
7055962318
7056897308
7055962588
7057969228
7058777158
7058776888
7058265198
7058776848
7059793048
7058777258
7058777448
7059699178
7060051738
7058777508
7045986058
7047340068
7047290198
7047736298
7048178738
7048801548
7048494038
7049395268
7049369808
7048181258
7049097098
7049437588
7049959418
7049966738
7049945578
7050265228
7049961548
7050080258
7050738388
7050696028
7051040448
7051323118
7051454058
7051269148
7051310558
7052567038
7052138428
7051224588
7051944138
7051944048
7052566898
7051969618
7052541458
7051956898
7052147708
7051328328
7052465598
7052561708
7052313548
7052832718
7052640998
7052681308
7052312128
7052681318
7052681328
7052706328
7053191498
7053782518
7052642568
7052858938
7053270878
7053719978
7052681288
7053752058
7052772088
7053750158
7052708548
7053205638
7053782218
7052705548
7053380118
7053787798
7053782268
7053994538
7053273848
7055566538
7055566598
7057966208
7053494928
7058265318
7053764808
7053792918
7053266748
7053998538
7057966198
7058265278
7057966228
7058265308
7055566578
7058265268
7058265228
7058265328
7058265378
7058265358
7058265388
7059692988
7058265368
7058265348
7058265258
7059692378
7058793408
7058265288
7052708408
7058793358
7058265408
7060051758
7060051798
7047259848
7049254368
7051992898
7049587368
7052681278
7059607218
7059793138
