7050750741
7051689321
7054995541
7055949321
7055949491
7055950091
7055949421
7055949951
7055949561
7057263131
7055949641
7057263031
7055949881
7058534661
7059790231
7058534681
7059790281
7059790301
7056933811
7060048941
7060049011
7059790331
7059790351
7060023491
7060049081
7060049101
7054995831
7055950271
7055950461
7055950411
7055950481
7057263861
7055950531
7057959041
7059790371
7059790391
7060049061
7054995561
7055950341
7055950391
7055950641
7060048611
7060049131
7060049161
7052853941
7055950781
7048417691
7055950821
7055950751
7055951081
7055951011
7055951131
7055951151
7055951241
7055951261
7055951231
7056224181
7055951251
7059076141
7059790411
7059790431
7050750831
7055950901
7060048661
7060049221
7043138021
7057263931
7057959301
7059790461
7057263971
7057748941
7060049231
7056294211
7060049241
7052857271
7053760971
7053762671
7053967651
7053967691
7053967541
7055951431
7054995661
7054995741
7055951381
7053967531
7060049261
7058489461
7060049281
7052560701
7052560721
7059076311
7055951501
7059790551
7059076321
7059790541
7052857281
7059796481
7059517421
7054701831
7055951511
7055951531
7055951551
7059076351
7055951541
7059076371
7059076411
7059076381
7059076401
7059076441
7059790581
7055951561
7059076451
7060049301
7060049321
7060013521
7052560671
7052560691
7052560751
7052560771
7053202461
7053392671
7054995971
7055951591
7055951601
7055951631
7055951621
7055951641
7055951831
7055951861
7055951611
7058535121
7058256391
7059558401
7059076491
7059076511
7059558391
7059790631
7052560711
7052560731
7055951841
7058535151
7060049341
7060046431
7052560601
7052560761
7052560781
7052560821
7054670941
7052560831
7052857291
7058535161
7053202251
7053202331
7053202351
7053202431
7053202491
7059790641
7053202191
7060049391
7054996051
7055951891
7055982131
7057959831
7056224601
7059076571
7059076591
7059558451
7059076541
7060049381
7059076561
7059076581
7059076601
7059558441
7060049411
7059014271
7052560981
7053202731
7053968241
7053762771
7056224641
7057264411
7058535321
7058535331
7059076651
7059790761
7059790751
7060049401
7060049441
7059821991
7050469111
7051042951
7052560911
7052560951
7052560931
7052857451
7054177611
7052560921
7052560961
7054996191
7058535371
7052561101
7052857481
7055951981
7059790771
7059558481
7060049461
7055952071
7056894401
7058535431
7059076731
7059076751
7059076761
7059076771
7059076801
7059076821
7059076831
7059076871
7060049151
7060049491
7059058881
7058782731
7060049451
7059076861
7059077041
7059790811
7059790821
7059077021
7060049511
7058519281
7060049531
7059076901
7058256751
7059505931
7060049561
7060048881
7051143991
7059077051
7059556701
7059790871
7060049091
7059349261
7059349271
7059508431
7060049581
7060049501
7057960451
7057960471
7057960461
7057960491
7060049601
7060049611
7059786891
7059511631
7057121231
7051043031
7051267791
7051781551
7052857551
7053203271
7053203331
7053763171
7053398051
7053398421
7053203281
7053203321
7053968531
7053763271
7053763211
7053763221
7053968111
7053968071
7053968041
7053968791
7055952231
7053968441
7054996671
7053968081
7053968541
7053968601
7053968741
7056225011
7054996651
7056224661
7055952161
7055952271
7060049641
7056224901
7057960511
7057960581
7057960541
7057960601
7058535701
7057960501
7058535731
7058535761
7057960611
7058535721
7058535691
7058535751
7057960531
7058535711
7053397611
7057960571
7060049621
7060049651
7060049681
7058747061
7050026281
7050208481
7051267911
7051989041
7060048981
7060049691
7059780181
7049459091
7053969401
7055952591
7056894951
7054996841
7056895031
7056895051
7054996901
7056894981
7058535771
7059791051
7056894961
7058535821
7059343041
7059558681
7059291841
7060049721
7050751961
7050751981
7050752021
7051782541
7052224001
7052561561
7056225201
7059558701
7059791081
7060049741
7059947291
7050751971
7051268631
7054997021
7054997061
7056225291
7056895091
7056225341
7057472081
7058535961
7057472071
7058535971
7060018751
7055952721
7055952801
7059343451
7056895131
7060018641
7060049771
7060049781
7060049801
7060049811
7052751731
7056895181
7053204491
7053763431
7053969511
7054702631
7056895361
7057265241
7056895211
7057961021
7058536001
7056895251
7059558741
7058257091
7059077191
7053398591
7056895351
7060049841
7060013781
7053398621
7056225371
7056225391
7060049851
7057227131
7060049861
7053969661
7054997121
7056895421
7056895411
7056895431
7057265321
7057265341
7059558801
7059791181
7060049881
7060049891
7060049901
7060049921
7047827391
7048677891
7042802661
7048678211
7049699871
7050752121
7060015981
7060049931
7050752141
7050752181
7050752201
7052858261
7053969761
7054375561
7050752191
7051043331
7057265401
7051990731
7053969731
7054702791
7057961421
7057265411
7057265471
7059558821
7059791201
7059558811
7059791191
7050752051
7060016921
7060049961
7060049941
7060049971
7059288911
7060049951
7060049981
7060049991
7047612081
7046938731
7049909601
7053763551
7048028361
7050208901
7059558851
7050209021
7052561701
7053204641
7053204661
7054994001
7055953141
7059558881
7054702831
7060050071
7060049911
7060049521
7049701071
7049701111
7055953181
7057265581
7058536031
7059077381
7059059611
7059068491
7059069651
7060023561
7045342411
7053204861
7053204921
7050208971
7054178241
7053970091
7056225601
7057265591
7056224911
7057265611
7057961681
7057961641
7059791251
7059791271
7057265631
7057961661
7057334501
7049701271
7050208891
7059791321
7057961631
7057961651
7059343131
7054120681
7058748911
7060050141
7060050151
7042378921
7048028331
7048028351
7049301891
7051783461
7049701181
7053399641
7052858741
7053970171
7053205491
7057961721
7057961701
7053970201
7057961711
7059060321
7059061651
7059061691
7057961761
7057961771
7059059811
7056895791
7059062841
7059060411
7059061391
7059061721
7059070301
7059062771
7059065251
7059062591
7059068501
7059062791
7059065241
7059060311
7059062891
7056895811
7059790261
7059788591
7053970271
7053205821
7055412921
7056895831
7053399801
7054703181
7059558971
7056895801
7056895821
7059558991
7059559011
7059558961
7059558981
7059559001
7053970381
7060050171
7053405941
7059559021
7056896011
7059559041
7059559031
7059559061
7059559051
7059559101
7059559071
7059559091
7059559111
7059791451
7053970331
7060020791
7060050211
7042590561
7042760421
7043863781
7045867361
7053206051
7049702431
7053970461
7050209971
7054703451
7054178391
7056895921
7057265811
7059559161
7059559181
7056895991
7059559151
7053970431
7059559191
7049302091
7054703461
7059325561
7059589961
7060050231
7060050261
7047217461
7050753141
7053400271
7051271721
7053763111
7053763131
7053763021
7053970551
7054178411
7053763101
7054703571
7056896001
7059559211
7056896021
7059559251
7056896061
7056896081
7059559231
7059559271
7059559201
7059559281
7059559291
7059559261
7059559241
7059559221
7047217401
7053400251
7060050271
7060050181
7059083301
7043718001
7045867521
7060050281
7045554501
7045867401
7045867601
7045867641
7045867721
7042430011
7042590571
7043025591
7045867761
7045867311
7045867801
7045867411
7045867881
7045867901
7056896091
7058792031
7050209901
7050209881
7053400261
7055953701
7053400581
7056896121
7044731451
7059791601
7060050331
7055414421
7055953741
7055953761
7055953781
7056468421
7045867291
7045867791
7048028671
7050209851
7051045091
7053400311
7055953711
7058257411
7058536331
7058536351
7058536381
7045867551
7060050351
7048028861
7055953811
7055953831
7058257401
7055953901
7054375831
7055953941
7055953921
7055953931
7055953961
7055953911
7055954001
7055953881
7059077701
7055954011
7055953981
7060050361
7060050371
7060050381
7059077721
7042379131
7055953971
7055953991
7059077711
7059077731
7060050391
7050753331
7051045211
7054375851
7051045321
7055415261
7060002521
7045867751
7055954081
7049483631
7055954071
7055954111
7060050401
7059507261
7055954171
7055954191
7055954211
7055954231
7055954271
7056226151
7055954161
7055954241
7056226161
7045346671
7042430081
7042379181
7045559691
7047829181
7047217791
7048466521
7049483641
7047829651
7047829731
7050210371
7050210421
7052562271
7055954291
7055954301
7055954311
7055954321
7055954341
7055954371
7059077811
7047217911
7049483811
7049483831
7050210701
7058792181
7055954431
7059077821
7058792191
7059077831
7045868261
7044999361
7048467701
7050210781
7049483951
7053380961
7048682451
7050211111
7050211171
7053381001
7050210791
7050210811
7050211101
7055954641
7053381081
7053380931
7053380951
7053380991
7059077841
7059077851
7053381021
7050211121
7058536501
7048682111
7055954831
7055954871
7055954821
7055954901
7055954981
7055954991
7055955171
7059559461
7055955001
7055954931
7053764121
7042331281
7043720091
7044732491
7045566881
7053078161
7055955531
7049306741
7049484071
7049306661
7055955411
7057266291
7055955441
7055955481
7055955501
7057266281
7055955511
7045869931
7045869981
7048683441
7055955491
7055955541
7055955571
7055955631
7055955651
7057266311
7055955691
7048683641
7048683661
7042427651
7044733031
7057266321
7044732991
7055955681
7057266361
7045870251
7057266351
7055955581
7057266341
7057266301
7055955661
7057266331
7055955721
7055955711
7055955771
7055955741
7055955751
7057266381
7055955731
7055955761
7055955781
7055955951
7055955841
7055955851
7055955791
7044733111
7044733061
7044733101
7045870991
7045871001
7045871151
7044733121
7045871131
7055955801
7045871301
7045871121
7051047121
7057266371
7055955881
7055955921
7055955901
7055955911
7055955971
7055955931
7055955941
7045871011
7049163111
7055956001
7045871281
7055956041
7055955991
7055956011
7055956081
7055956131
7055956091
7055956191
7055956151
7055956071
7055956101
7055956211
7053971881
7042379481
7042696011
7044733251
7055956061
7042428111
7042695971
7042428101
7042695991
7042428081
7042696051
7044733271
7044733311
7044733291
7044733351
7055956161
7044733391
7044733571
7045347571
7045347611
7044733591
7057266411
7057266421
7043721781
7043721881
7043721901
7043923761
7043924021
7044733241
7044733321
7044733341
7044733361
7044733381
7045871491
7044733541
7044733561
7045871571
7044733581
7045347541
7045871671
7045347581
7045347601
7050027851
7052753711
7045347621
7045347641
7045871361
7045871421
7045871461
7045871641
7053078321
7055956221
7055956261
7060050591
7053971911
7043721821
7045579451
7054704951
7043721871
7054705001
7054705011
7055956581
7055956571
7055956591
7054704961
7054705021
7055956521
7060050631
7060050641
7059559491
7060050651
7059283491
7059789421
7047218811
7047218831
7047218891
7047218951
7060050761
7048257261
7048246381
7056683541
7056700201
7048256551
7056693421
7056679931
7056689301
7056707391
7047218821
7060010151
7057898931
7057989491
7060045861
7059793591
7047218841
7047218941
7051047361
7060050811
7060050821
7060050831
7053406001
7053406021
7053405991
7059791821
7051047391
7059077991
7051047371
7059363441
7047218991
7047219011
7047219031
7047219171
7048263971
7058792421
7056692191
7056702451
7057963451
7059791861
7059791851
7056696381
7060050861
7047218981
7047219351
7047219491
7060050881
7047219381
7047219441
7047219631
7047219521
7053406051
7053764491
7053764531
7048281621
7053764551
7053764501
7056700111
7059791881
7059588381
7058551421
7057892791
7060050901
7047219311
7047219551
7047219101
7047219161
7053406071
7048245861
7053406061
7053764461
7056687531
7056688351
7056680321
7056689671
7056686281
7056687361
7056690221
7056705401
7058536581
7047219341
7047219361
7058069361
7057963621
7056894991
7056895001
7058792901
7060050911
7059793281
7056895011
7060050941
7060049671
7060050951
7060049351
7052753781
7047219471
7059791921
7059791961
7048279991
7058792611
7058866471
7059791931
7059791951
7059334341
7057327951
7059512811
7060050961
7048253201
7056676401
7056687941
7058259241
7059495651
7059796751
7060016991
7060050991
7060051001
7060051011
7060051021
7057295461
7047219601
7047219561
7048267861
7048292721
7047219651
7055956801
7047219671
7055956821
7048270231
7054376411
7056698941
7054376431
7054376451
7058536621
7058792641
7059078341
7059078361
7059792051
7059553921
7056690031
7060051041
7060050891
7060051051
7058794471
7059075421
7044505041
7048276241
7048276301
7048246231
7048276631
7050757841
7053764561
7058536631
7055956901
7059792091
7059792111
7058536661
7059078441
7048276541
7048276671
7048276711
7048280651
7055956841
7055956881
7059078461
7060051071
7060051081
7059791981
7059374951
7060018891
7060051111
7055956911
7056896591
7058536671
7055957021
7055957041
7056227101
7056295041
7059078431
7059078451
7055956981
7060051121
7049096641
7059047581
7059987981
7060051131
7060051141
7048243761
7053763321
7043714991
7056702601
7048258431
7058262281
7053763311
7053763331
7055957091
7059079161
7059078481
7056701771
7058536711
7058536731
7059744211
7060051101
7048295811
7059787491
7060051151
7060051161
7060051181
7060051171
7049632761
7056468911
7057268361
7051262281
7059180571
7060051231
7059791911
7060051251
7055957251
7056227171
7056227191
7053197141
7058536771
7056227201
7059965181
7060051261
7060051271
7060051281
7043715021
7048404941
7055957351
7053077021
7056468961
7056896851
7057964781
7060051311
7050028111
7050028201
7055957391
7060051211
7059790381
7060051331
7060048631
7043714501
7047216401
7043951411
7054998771
7058787201
7060051341
7059300571
7055958001
7060051291
7057669791
7060051361
7059787421
7055958181
7055958131
7055958271
7055958281
7058792921
7059080291
7059792341
7059792331
7060051371
7060051391
7059790661
7059792151
7060051401
7059337171
7058782131
7060051411
7053972201
7055958541
7056227241
7059081151
7059081331
7059081001
7059285431
7059792371
7059792411
7059081341
7059792451
7059792361
7059792471
7059792511
7059792491
7059792381
7059792441
7059792401
7059792421
7059792461
7059792501
7059081371
7059792481
7060051431
7060048461
7059794351
7060051441
7047251571
7049567951
7056227261
7057965561
7056227251
7056227271
7058244171
7058245901
7058536941
7058793001
7058792971
7059792521
7059081511
7059556801
7059792541
7059792531
7059792561
7059792571
7059792591
7049097021
7060051461
7060051471
7060051481
7043526631
7047216111
7048639621
7048641701
7051793171
7054705981
7055959611
7054998921
7055959771
7056227301
7057982401
7057982411
7057982421
7058264671
7059792601
7059792621
7059792641
7059792631
7059792661
7059792651
7060051501
7060051521
7060051511
7060051531
7052176911
7054179081
7054706091
7055959831
7055952971
7056243471
7054706101
7055960001
7057271861
7059740011
7059792681
7059792711
7059792731
7059792701
7059792721
7054179071
7059792671
7057522521
7060051551
7054999481
7049647111
7049870771
7053078591
7059792741
7051793451
7058264901
7050758531
7051042591
7059792781
7057272051
7057272031
7057965791
7059792751
7060051561
7055960271
7059791901
7060051571
7059100231
7060051421
7056897161
7057272021
7057272041
7059083381
7059083541
7059083681
7059083741
7057965831
7059083721
7059083531
7059083691
7059792791
7059792841
7059792821
7059083611
7060051591
7060051611
7055961061
7059083521
7055857341
7060051631
7053972401
7053972421
7055961021
7055961241
7059792871
7059083801
7059792891
7059792851
7059792911
7059083901
7059792861
7059792901
7060051641
7051793521
7060051651
7060051661
7060051681
7056819951
7043525991
7053972371
7054654791
7054999541
7055961961
7055962021
7055961951
7055962061
7055962091
7056227501
7056470321
7056470251
7056470261
7056897251
7058793221
7059792931
7059792941
7059792961
7059792981
7059792971
7055961711
7060051711
7060051691
7060051721
7060051741
7042352441
7042447321
7042429231
7042632481
7042653211
7042705271
7044216121
7044287871
7044305071
7044996081
7044999301
7045204831
7053764731
7046001481
7060051731
7047221061
7047545501
7055962351
7053972451
7057138491
7055962191
7058776801
7055962421
7055962321
7056897331
7058265191
7055962501
7057966071
7058777491
7058793261
7059084891
7059793061
7058776841
7058265201
7058777081
7045349311
7055961271
7058776931
7058498491
7059846691
7060051751
7060051761
7045290571
7045392711
7048546961
7047214571
7048790281
7048025891
7048069971
7049117221
7048020551
7049601201
7048025711
7050099861
7050362081
7050082881
7050027261
7051043211
7051177541
7051990581
7052759881
7051765941
7052144281
7052681381
7052681641
7052208541
7051310311
7052220381
7053196801
7052681341
7052681421
7053200721
7052678561
7052821561
7052681681
7052755971
7052766111
7053058891
7052771951
7053764741
7052858761
7052822221
7052837611
7053972461
7053083051
7053201111
7053211251
7053269231
7053494861
7053764761
7053764821
7055680441
7053746941
7055566581
7053247231
7053754161
7057966281
7058265261
7053210811
7057966221
7053398551
7058265401
7053771191
7053972491
7058793401
7058265281
7057966191
7058265321
7055566591
7047290241
7053972511
7057966211
7058793301
7058265251
7058265301
7058265231
7057966131
7058793371
7058265311
7058265381
7058793391
7058265331
7049779551
7058793411
7059793111
7058265351
7051992881
7053416511
7053968921
7053564411
7059086381
7053972471
7059793101
7059793091
7060051771
7060051801
7059784121
7045263971
7047259861
7045871051
7051878271
7051943831
7051944281
7059793131
7051990341
