6049986370
6049986530
6050488430
6050771580
6050771700
6051821380
6052245770
6052873100
6053784560
6053787000
6053880770
6053880930
6053888930
6053889030
6053889280
6053889290
6054338940
6054493330
6054735750
6054941050
6055837850
6056459230
6056531800
6056953820
6056954440
6057656040
6058401610
6058691650
6058858230
6059430910
6059479410
6059807120
6059808490
6059832500
6059849490
6064482730
6064922210
6065036620
6065179870
6065488350
6065488400
6065488470
6065526430
6065537870
6065635020
6065963690
6066193790
6066263750
6066342240
6067003250
6067003270
6067003300
6067003310
6067003330
6067003340
6067003350
6067003370
6067003380
6067003410
6067003420
6067003430
6067003440
6067003460
6067003470
6067432770
6067539360
6067540340
6067543040
6067546080
6067748090
6067748560
6067848980
6067963870
6068474720
6068611260
6069503810
6069503820
6069533560
6069533600
6069736790
6069768230
6070844050
6070894400
6070896790
6070897980
6070903480
6072217130
6072217500
6072217510
6072328700
6072483590
6072492220
6072501920
6072502180
6072502300
6072620210
6072660270
6072660670
6072700630
6072726480
6072729260
6072762710
6072765750
6072818580
6072820970
6072826080
6072827110
6072882010
6072882120
6072891370
6072915510
6072959840
6072973040
6072973900
6072973990
6073005790
6073035800
6073134330
6073134390
6073154050
6073299180
6073301540
6073401550
6073450690
6073452250
6073485710
6073493650
6073494050
6073494410
6073496490
6073583180
6073645580
6073650830
6073651550
6073778960
6073872430
6073879760
6073887920
6073888860
6073909980
6073910270
6073911650
6074063580
6074218360
6074248970
6074274460
6074274970
6074274990
6074275020
6074275080
6074413360
6074660470
6074680370
6074693900
6074711390
6074719670
6074722780
6074751740
6074793430
6074794840
6074795020
6074795080
6074824320
6074830220
6074830240
6074830610
6074831210
6074839030
6074840040
6074899850
6074939460
6075034110
6075034130
6075039560
6075040340
6075268700
6075612270
6075613340
6075642540
6075664760
6075921250
6075931920
6075964880
6075967430
6075983560
6076370130
6076421110
6076423160
6076439980
6076492860
6076492910
6076492960
6076493100
6076493210
6076493330
6076493540
6076493630
6076493830
6076493960
6076494180
6076494530
6076494610
6076494660
6076494710
6076494890
6077040450
6077041710
6077190990
6077432880
6078035260
6078061980
6078063380
6078700970
6078706480
6078706700
6078710270
6079155680
6079168420
6079179150
6079179160
6079180930
6079227590
6079245740
6079246380
6079252420
6079252450
6079280880
6079342740
6079354660
6079395290
6079445980
6079485110
6079546750
6079547010
6079547460
6079549150
6079549600
6079581390
6079582480
6079721020
6079883040
6080062820
6080062960
6080063210
6080066710
6080070500
6080074990
6080077300
6080077830
6080078020
6080078070
6080078290
6080079160
6080079640
6080079670
6080194610
6080219760
6080296990
6080299850
6080315660
6080365960
6080365990
6080386520
6080464400
6080467490
6080591470
6080651120
6080794730
6080799890
6080922880
6080974800
6080993110
6080997090
6081137390
6081153320
6081242940
6081377760
6081378890
6081387330
6081395280
6081395750
6081396020
6081396540
6081396840
6081397300
6081398110
6081399190
6081402200
6081404130
6081404870
6081412240
6081413690
6081415930
6081418820
6081422760
6081423450
6081428740
6081429520
6081430340
6081434720
6081436890
6081438020
6081439320
6081441570
6081492490
6081493650
6081544500
6081561370
6081645150
6081849870
6081923900
6082112390
6082113040
6082113140
6082113360
6082113790
6082114610
6082114700
6082177590
6082306180
6082403590
6082407730
6082408170
6082411500
6082416040
6082417600
6082420630
6082425010
6082426250
6082440570
6082441870
6082503050
6082666850
6082666890
6082666950
6082677180
6082791070
6083139650
6083162580
6083345580
6083347950
6083419060
6083588940
6083742570
6083742870
6084037790
6084436070
6084445130
6084445840
6084459480
6084461900
6084462190
6084463460
6084465520
6084477790
6084478290
6084479030
6084542690
6084578790
6084579960
6084603510
6084603660
6084603700
6084627250
6084633220
6084708330
6084803420
6084952340
6084974680
6084975230
6085422000
6085427770
6085435000
6085435290
6085435440
6085435650
6085436240
6085436250
6085436410
6085437920
6085440380
6085440850
6085442220
6085442540
6085442550
6085442600
6085442680
6085442700
6085443480
6085443530
6085443540
6085443660
6085443740
6085443770
6085443780
6085443810
6085443890
6085443990
6085444130
6085444250
6085444290
6085444450
6085444550
6085444670
6085444720
6085444960
6085444980
6085445000
6085445040
6085445050
6085445170
6085445330
6085447140
6085447160
6085447910
6085447950
6085448110
6085452620
6085453100
6085453410
6085453730
6085456770
6085465210
6085482910
6085823620
6085824490
6086175940
6086176080
6086179280
6086179290
6086179380
6086179390
6086179400
6086179410
6086179440
6086179470
6086179490
6086179590
6086179600
6086179610
6086179670
6086179680
6086179710
6086179720
6086179730
6086179750
6086211370
6086307060
6086510120
6086541230
6086629430
6086673840
6086675730
6086676170
6086693740
6086694430
6086696340
6086696580
6086716310
6086721190
6086721220
6086724850
6086789570
6086794910
6086847020
6086855240
6086956700
6086959370
6086959990
6086963840
6086963880
6087002770
6087036880
6087115060
6087160800
6087161540
6087268280
6087269150
6087269720
6087275100
6087399820
6087447830
6087594820
6087595060
6087596600
6087597150
6087599470
6087599790
6087600260
6087601980
6087635250
6087663620
6087974480
6088287370
6088320770
6088321090
6088330110
6088333920
6088345930
6088383930
6088406520
6088411800
6088414540
6088417300
6088418900
6088422780
6088423060
6088424610
6088426180
6088452870
6088480570
6088482010
6088482190
6088549650
6088682530
6088684650
6088687240
6088687290
6088917110
6089022500
6089022560
6089022880
6089106080
6089144960
6089149990
6089155910
6089161370
6089185260
6089213020
6089298800
6089317800
6089320010
6089325930
6089328350
6089330520
6089338950
6089342940
6089344640
6089348190
6089348890
6089398650
6089408790
6089410850
6089411310
6089411500
6089411840
6089412260
6089490790
6089585460
6089586070
6089589060
6089590940
6089635740
6089770890
6089771100
6089992170
6090061660
6090095510
6090122790
6090287960
6090318580
6090325490
6090342470
6090348440
6090348670
6090348810
6090349110
6090349240
6090349250
6090503390
6090509560
6090509910
6090629300
6090629410
6090630820
6090921530
6090960500
6091178960
6091182680
6091189220
6091258820
6091287770
6091294650
6091298520
6091304890
6091306600
6091307230
6091309540
6091311620
6091321230
6091322820
6091323670
6091323790
6091324810
6091327360
6091336290
6091497320
6091498830
6091499170
6091502280
6091505650
6091509160
6091509220
6091550310
6091774460
6092198700
6092201150
6092415810
6092419020
6092529110
6092531620
6092532870
6092532880
6092541520
6092549010
6092549780
6092555410
6092557810
6092560560
6092561380
6092567590
6092570530
6092572620
6092574200
6092575580
6092575960
6092579110
6092758370
6092759080
6092951840
6092953000
6093081240
6093086180
6093340080
6093340440
6093343340
6093344000
6093345970
6093348000
6093348550
6093348890
6093349190
6093349320
6093349620
6093349820
6093350140
6093350350
6093351490
6093351940
6093352330
6093352370
6093352640
6093353130
6093353460
6093353620
6093353660
6093353800
6093354170
6093354190
6093354220
6093354240
6093354970
6093354990
6093355040
6093355220
6093355620
6093358650
6093360330
6093360950
6093361900
6093362100
6093362520
6093364060
6093364520
6093364530
6093364720
6093364930
6093365230
6093365590
6093365670
6093365680
6093365710
6093365890
6093366060
6093368280
6093368290
6093369050
6093369490
6093370460
6093370480
6093370550
6093370860
6093371480
6093371490
6093371710
6093373800
6093373860
6093374530
6093375840
6093376060
6093376090
6093376650
6093376770
6093376800
6093377580
6093377640
6093378810
6093378830
6093378970
6093379030
6093379060
6093379510
6093380110
6093380870
6093380890
6093381960
6093382280
6093382290
6093382440
6093382810
6093382840
6093383710
6093383840
6093384410
6093384420
6093385020
6093385260
6093385310
6093385370
6093385590
6093385860
6093385900
6093386730
6093387150
6093387440
6093387870
6093389110
6093478960
6093664390
6093698370
6093699730
6093743180
6093744530
6093744590
6093744600
6093744890
6093828670
6094164700
6094164850
6094236740
6094363840
6094363950
6094363970
6094392960
6094394460
6094416460
6094424390
6094429570
6094431870
6094433810
6094435570
6094706420
6094806820
6094855860
6094858060
6094866330
6094957640
6095254030
6095383660
6095430840
6095505460
6095559360
6095560030
6095560510
6095561530
6095562660
6095568120
6095568730
6095569890
6095570330
6095571370
6095573640
6095580560
6095581920
6095582990
6095589320
6095589940
6095591840
6095597320
6095598450
6095600210
6095601940
6095603170
6095633430
6095819310
6095822040
6095920540
6096067410
6096129600
6096196610
6096197010
6096608020
6096714650
6096731010
6096731950
6096732050
6096732730
6096736450
6096737240
6096738180
6096739670
6096740310
6096740950
6096741580
6096741900
6096743060
6096744630
6096745660
6096746520
6096749970
6096793260
6096814510
6096816640
6097582620
6097660380
6097667770
6097668050
6097672280
6097672290
6097674240
6097675160
6097680820
6097967100
6098540230
6098540910
6098543060
6098543690
6098543760
6098543890
6098544900
6098545230
6098545980
6098546920
6098547330
6098547560
6098547780
6098548180
6098549070
6098551840
6098552980
6098554170
6098554520
6098559050
6098565480
6098742630
6099084530
6099087410
6099127060
6099377760
6099377830
6099378640
6099378840
6099392400
6099437990
6099456120
6099458000
6099471000
6099515680
6099551160
6099551830
6099551980
6099553810
6099554490
6099562320
6099562480
6099563170
6099563190
6099563620
6099564000
6099564390
6099564550
6099564930
6099565170
6099565250
6099565380
6099566590
6099567130
6099567170
6099569570
6099573710
6099574670
6099576700
6099585370
6099586230
6099588520
6099905540
6099905610
6100006290
6100267150
6100322350
6100420900
6100423310
6100429830
6100431300
6100479950
6100487810
6100607490
6100631370
6100759920
6100759940
6100762130
6100805770
6100806170
6100932500
6100932770
6100936510
6100939170
6100971440
6100978300
6101034930
6101137660
6101138450
6101139380
6101140050
6101192750
6101195820
6101195840
6101196020
6101196120
6101196350
6101196640
6101196940
6101197070
6101197150
6101197680
6101197700
6101197770
6101198030
6101198800
6101200450
6101202920
6101208320
6101209920
6101213350
6101213390
6101219130
6101225620
6101226470
6101227060
6101233430
6101235010
6101235400
6101249770
6101252070
6101252240
6101252780
6101360800
6101401470
6101530270
6101573270
6101677890
6101833510
6101834450
6101844770
6102372050
6102433490
6102454110
6102494050
6102494260
6102494400
6102508750
6102516990
6102566310
6102613420
6102616390
6102618590
6102622030
6102627700
6102628890
6102631240
6102631480
6102634000
6102636520
6102637320
6102637880
6102639960
6102641420
6102642590
6102645290
6102649590
6102698100
6102880900
6102881030
6102955100
6103147940
6103149440
6103222380
6103255910
6103532950
6103625020
6103775530
6103860540
6103915010
6103915640
6103917010
6103917370
6103921000
6103921790
6103921810
6103984060
6104455000
6104723180
6104751290
6104767740
6104768730
6104769430
6104777760
6104779840
6104780800
6104781260
6104782700
6104783530
6104784430
6104784740
6104785180
6104788110
6104822630
6104830360
6104830420
6104830530
6104830620
6104830720
6104830730
6104830800
6104830960
6104909330
6104938700
6104950920
6104977140
6104977170
6104977530
6104980950
6104981090
6104981230
6104982400
6104982500
6104982880
6104985720
6105021950
6105040550
6105240670
6105321770
6105446240
6105453670
6105591810
6105643510
6105701650
6105701660
6105719100
6105745820
6105761120
6105795120
6105795970
6105796820
6105797510
6105797600
6105798180
6105800320
6105800460
6105800530
6105801180
6105801290
6105801400
6105802240
6105802290
6105802540
6105802730
6105802900
6105803920
6105806250
6105807120
6105808550
6105809670
6105811620
6105814190
6105817570
6105818470
6105819970
6105820370
6105820470
6105822410
6105823580
6105826830
6105827350
6105828930
6105835640
6105836120
6105840140
6105841120
6105899850
6106159190
6106201910
6106227910
6106339660
6106408450
6106439980
6106563830
6106972690
6106972980
6106974550
6106974560
6106975490
6106975560
6106976270
6106979170
6106979300
6106983780
6106983980
6106983990
6106984030
6106984060
6106984110
6106984120
6106984210
6106984340
6106984430
6106984470
6106986060
6106987190
6106987610
6106988710
6106991470
6106993660
6106993940
6106994150
6106994670
6106995250
6106996710
6106998440
6106999050
6107001140
6107007050
6107222430
6107576530
6107716880
6107776450
6107869560
6107933770
6108076170
6108078040
6108164760
6108164830
6108166660
6108167190
6108168000
6108173670
6108174750
6108175380
6108175500
6108175950
6108176020
6108178320
6108178860
6108178960
6108178970
6108178980
6108179720
6108180030
6108180230
6108180760
6108180770
6108180950
6108181930
6108181970
6108185290
6108211010
6108211670
6108212350
6108213900
6108435410
6108675750
6108937730
6109113980
6109132710
6109214770
6109235020
6109240540
6109242200
6109274060
6109301100
6109312310
6109451650
6109483780
6109484140
6109554950
6109589890
6109623890
6109625400
6109628000
6109628200
6109884090
6109974450
6110017770
6110097790
6110104990
6110107560
6110119120
6110196040
6110196670
6110197040
6110199300
6110200600
6110200950
6110201070
6110201320
6110201440
6110201960
6110202210
6110203220
6110204640
6110205000
6110206720
6110206870
6110207960
6110208830
6110208890
6110209030
6110209140
6110209210
6110209650
6110209880
6110210070
6110210210
6110210510
6110210880
6110211090
6110211510
6110211740
6110211960
6110212040
6110212630
6110213870
6110217220
6110219990
6110220030
6110220070
6110221020
6110221570
6110222670
6110240580
6110477760
6110611290
6110635040
6110727850
6110936460
6111084150
6111120400
6111145980
6111146620
6111146940
6111148170
6111149250
6111150690
6111151630
6111153830
6111154060
6111154490
6111154920
6111155000
6111157200
6111157330
6111157340
6111157370
6111157690
6111158330
6111159330
6111159440
6111159570
6111164790
6111164810
6111164830
6111164850
6111164860
6111164870
6111164890
6111164910
6111164920
6111164930
6111164940
6111164960
6111164970
6111164980
6111164990
6111165010
6111165020
6111165040
6111165050
6111165100
6111165120
6111165150
6111165160
6111165170
6111165190
6111165200
6111165210
6111165230
6111165240
6111165250
6111165260
6111165270
6111165280
6111165290
6111165320
6111165330
6111165340
6111165350
6111165360
6111165370
6111165380
6111165430
6111165480
6111165490
6111165500
6111165520
6111165550
6111165560
6111165590
6111165630
6111165650
6111165660
6111165670
6111165680
6111165720
6111165740
6111165750
6111165770
6111165780
6111165800
6111165810
6111165830
6111165850
6111165870
6111165890
6111165900
6111165920
6111165940
6111165960
6111165980
6111165990
6111166010
6111166040
6111166060
6111166090
6111166180
6111166200
6111166210
6111166220
6111166230
6111166250
6111166270
6111166300
6111166320
6111166330
6111166340
6111166350
6111166360
6111166400
6111166430
6111166450
6111166480
6111166490
6111166500
6111166530
6111166560
6111166570
6111166580
6111166610
6111166630
6111166640
6111166680
6111166730
6111166810
6111166830
6111166840
6111166850
6111166880
6111166900
6111166910
6111166920
6111166940
6111166960
6111166980
6111167000
6111167010
6111167020
6111167030
6111167040
6111167050
6111167090
6111167100
6111167120
6111167140
6111167150
6111167160
6111167170
6111167180
6111167190
6111167200
6111167210
6111167220
6111167230
6111167240
6111167250
6111167260
6111167310
6111167330
6111167340
6111167370
6111167410
6111167440
6111167450
6111167460
6111167480
6111167500
6111167510
6111167520
6111167530
6111167540
6111167570
6111167580
6111167590
6111167610
6111167620
6111167630
6111167660
6111167690
6111167700
6111167730
6111167740
6111167750
6111167770
6111167780
6111167790
6111167810
6111167820
6111167840
6111167850
6111167880
6111167890
6111167920
6111167930
6111167940
6111167970
6111168030
6111168050
6111168070
6111168100
6111168120
6111168140
6111168170
6111168180
6111168200
6111168220
6111168230
6111168240
6111168260
6111168270
6111168290
6111168300
6111168310
6111168330
6111168340
6111168350
6111168370
6111168380
6111168390
6111168410
6111168430
6111168440
6111168460
6111168500
6111168520
6111168550
6111168580
6111168610
6111168630
6111168640
6111168650
6111168700
6111168710
6111168730
6111168790
6111168810
6111168820
6111168830
6111168840
6111168870
6111168880
6111168890
6111168900
6111168950
6111168960
6111168970
6111169030
6111169130
6111169140
6111169160
6111169210
6111169230
6111169240
6111169260
6111169270
6111169290
6111169310
6111169340
6111169350
6111169370
6111169400
6111169410
6111169420
6111169430
6111169440
6111169450
6111169470
6111169490
6111169500
6111169530
6111169570
6111169580
6111169600
6111169610
6111169620
6111169630
6111169640
6111169650
6111169660
6111169670
6111169680
6111169690
6111169720
6111169760
6111169770
6111169780
6111169790
6111169800
6111169820
6111169830
6111169840
6111169850
6111169860
6111169880
6111169890
6111169900
6111169920
6111169930
6111169940
6111169970
6111169990
6111170020
6111170030
6111170050
6111170060
6111170070
6111170080
6111170090
6111170100
6111170110
6111170130
6111170160
6111170170
6111170190
6111170200
6111170210
6111170230
6111170240
6111170250
6111170260
6111170270
6111170300
6111170310
6111170360
6111170390
6111170400
6111170410
6111170420
6111170480
6111170510
6111170520
6111170540
6111170550
6111170570
6111170590
6111170630
6111170650
6111170700
6111170710
6111170720
6111170760
6111170780
6111170800
6111170830
6111170840
6111170860
6111170870
6111170880
6111170950
6111170960
6111170970
6111170990
6111171010
6111171020
6111171040
6111171080
6111171100
6111171110
6111171150
6111171170
6111171180
6111171220
6111171230
6111171240
6111171250
6111171270
6111171320
6111171330
6111171340
6111171350
6111171360
6111171370
6111171380
6111171430
6111171440
6111171470
6111171480
6111171500
6111171510
6111171530
6111171550
6111171560
6111171570
6111171600
6111171630
6111171650
6111171670
6111171680
6111171690
6111171700
6111171710
6111171720
6111171730
6111171790
6111171860
6111171970
6111171980
6111172010
6111172020
6111172030
6111172040
6111172050
6111172060
6111172070
6111172080
6111172090
6111172130
6111172140
6111172160
6111172170
6111172190
6111172200
6111172210
6111172220
6111172240
6111172250
6111172260
6111172270
6111172280
6111172300
6111172310
6111172340
6111172350
6111172360
6111172390
6111172410
6111172420
6111172520
6111172570
6111172610
6111172630
6111172690
6111172720
6111172740
6111172750
6111172770
6111172780
6111172830
6111172840
6111172880
6111172890
6111172900
6111172910
6111172930
6111172950
6111172960
6111172970
6111172990
6111173010
6111173040
6111173050
6111173070
6111173090
6111173140
6111173150
6111173160
6111173170
6111173180
6111173210
6111173220
6111173270
6111173280
6111173290
6111173330
6111173350
6111173360
6111173370
6111173380
6111173400
6111173410
6111173420
6111173430
6111173450
6111173460
6111173500
6111173510
6111173520
6111173530
6111173540
6111173560
6111173580
6111173600
6111173620
6111173660
6111173670
6111173680
6111173690
6111173700
6111173760
6111173800
6111173810
6111173820
6111173830
6111173870
6111173880
6111173890
6111173920
6111173930
6111173940
6111173960
6111173990
6111174030
6111174090
6111174100
6111174110
6111174120
6111174150
6111174170
6111174190
6111174200
6111174210
6111174220
6111174230
6111174240
6111174300
6111174320
6111174360
6111174370
6111174390
6111174420
6111174430
6111174450
6111174460
6111174470
6111174480
6111174490
6111174510
6111174520
6111174530
6111174550
6111174560
6111174580
6111174590
6111174600
6111174610
6111174620
6111174630
6111174650
6111174660
6111174680
6111174690
6111174710
6111174730
6111174750
6111174770
6111174780
6111174790
6111174800
6111174820
6111174830
6111174840
6111174850
6111174860
6111174890
6111174900
6111174920
6111174930
6111174940
6111174970
6111174990
6111175000
6111175010
6111175030
6111175060
6111175070
6111175080
6111175100
6111175120
6111175150
6111175160
6111175170
6111175200
6111175210
6111175230
6111175250
6111175260
6111175270
6111175290
6111175300
6111175320
6111175340
6111175350
6111175370
6111175380
6111175470
6111175490
6111175500
6111175510
6111175530
6111175540
6111175610
6111175620
6111175640
6111175650
6111175660
6111175680
6111175700
6111175710
6111175740
6111175790
6111175800
6111175830
6111175840
6111175850
6111175860
6111175870
6111175880
6111175890
6111175910
6111175930
6111175940
6111175960
6111175970
6111176040
6111176060
6111176070
6111176090
6111176100
6111176110
6111176120
6111176140
6111176150
6111176170
6111176180
6111176200
6111176210
6111176220
6111176230
6111176240
6111176270
6111176290
6111176310
6111176360
6111176370
6111176420
6111176430
6111176440
6111176450
6111176470
6111176480
6111176490
6111176520
6111176540
6111176550
6111176560
6111176570
6111176580
6111176590
6111176600
6111176620
6111176640
6111176660
6111176670
6111176690
6111176710
6111176720
6111176740
6111176760
6111176770
6111176780
6111176790
6111176810
6111176820
6111176850
6111176860
6111176880
6111176890
6111176900
6111176910
6111176920
6111176930
6111177060
6111177070
6111177080
6111177090
6111177100
6111177110
6111177120
6111177130
6111177150
6111177170
6111303830
6111339840
6111438580
6111536650
6111689780
6111733090
6111832230
6111841670
6111842170
6112007830
6112033050
6112269010
6112269220
6112270600
6112271700
6112272030
6112274270
6112275050
6112275310
6112275350
6112278400
6112278590
6112483550
6112550870
6112801380
6112802900
6112802950
6112840070
6112866110
6112886710
6112891740
6113081190
6113094730
6113251550
6113276920
6113277430
6113370030
6113370160
6113371510
6113371880
6113372040
6113373280
6113374380
6113377250
6113380510
6113381010
6113381040
6113381050
6113382570
6113382650
6113382690
6113382860
6113382890
6113382960
6113382970
6113383240
6113385330
6113385690
6113386080
6113386790
6113387390
6113387470
6113387560
6113387570
6113388040
6113388120
6113388900
6113389160
6113389750
6113390960
6113391930
6113394330
6113396110
6113400520
6113401970
6113404120
6113404150
6113404190
6113406540
6113587370
6113596580
6113614810
6113632550
6113720430
6113731210
6113732940
6113892710
6113892830
6114085870
6114120750
6114161080
6114162010
6114164230
6114205420
6114207410
6114364070
6114364330
6114364610
6114376040
6114404580
6114415740
6114442010
6114442720
6114442950
6114459260
6114474330
6114474520
6114474980
6114475710
6114477010
6114477200
6114477230
6114478870
6114480180
6114480730
6114480850
6114481000
6114481620
6114483690
6114484420
6114487510
6114488030
6114488280
6114489150
6114489330
6114490110
6114492240
6114493370
6114493680
6114494270
6114494940
6114495670
6114495710
6114497890
6114500050
6114500680
6114501200
6114501310
6114501370
6114504030
6114505200
6114505580
6114505840
6114507150
6114507380
6114507500
6114515040
6114515070
6114515200
6114515610
6114515850
6114517880
6114681330
6114791440
6115028560
6115136750
6115227880
6115253550
6115464970
6115487810
6115576120
6115576350
6115577070
6115602800
6115615020
6115632440
6115632670
6115632720
6115632880
6115633360
6115635450
6115635570
6115635800
6115637310
6115637570
6115637770
6115639210
6115639580
6115641090
6115642010
6115642110
6115642350
6115643310
6115645870
6115646060
6115744560
6115824190
6115825230
6115830430
6115932040
6116001720
6116132010
6116218030
6116418040
6116651920
6116717470
6116806240
6116806460
6116858740
6116859230
6116863090
6116884430
6116884830
6116885270
6116885680
6116885690
6116886050
6116886080
6116886580
6116887970
6116889360
6116889780
6116890060
6116890320
6116891640
6116892810
6116893120
6116893660
6116893840
6116895460
6116895480
6116896810
6116898190
6116900290
6116902380
6116902950
6116904300
6116904350
6116905260
6116905320
6116905420
6116906490
6116908450
6116908750
6116909290
6116909670
6116910170
6116910870
6116913050
6116913780
6116919800
6116920820
6116920850
6116921740
6116922360
6116922530
6116922890
6116922980
6116923070
6116923240
6116923490
6116924060
6116925660
6116926130
6116926310
6116926500
6116926630
6116926650
6116927430
6116927720
6116928340
6116928400
6116928630
6116928800
6116928890
6116929140
6116929170
6116929480
6116929630
6116929650
6116929670
6116929780
6116929920
6116929960
6116929980
6116930260
6116930440
6116930880
6116931070
6116931120
6116931530
6116931590
6116931700
6116932080
6116932400
6116932430
6116932450
6116932580
6116932630
6116933500
6116933850
6116933860
6116933960
6116934020
6116934380
6116934620
6116934790
6116935140
6116935510
6116935650
6116935970
6116936240
6116936540
6116936620
6116937070
6116937230
6116937890
6116938330
6116938540
6116939210
6116939820
6116940000
6116940300
6116940610
6116941160
6116941180
6116941200
6116941210
6116941850
6116942000
6116942340
6116942630
6116942860
6116942910
6116943100
6116943160
6116943180
6116943300
6116943660
6116943680
6116943690
6116943810
6116944320
6116944440
6116944500
6116944660
6116945190
6116946220
6116946520
6116946570
6116946620
6116947170
6116947310
6116947410
6116947910
6116948310
6116948350
6116948370
6116948510
6116948660
6116948670
6116948690
6116948780
6116948860
6116949040
6116949140
6116949600
6116949750
6116956760
6116958390
6116959070
6116959780
6116959790
6116960160
6116960240
6116960460
6116960880
6116961740
6116961790
6116963510
6116964450
6116965290
6117149600
6117151410
6117152110
6117152600
6117816130
6117937730
6117953830
6118009030
6118014780
6118014930
6118022430
6118031090
6118033040
6118049400
6118054660
6118064550
6118071170
6118071950
6118082430
6118082440
6118082490
6118082730
6118083260
6118084700
6118085160
6118085340
6118087490
6118087840
6118087930
6118088210
6118088430
6118088440
6118089270
6118090200
6118090210
6118090260
6118090600
6118091080
6118091370
6118091920
6118092140
6118092200
6118092320
6118092350
6118092410
6118092630
6118092730
6118092880
6118092930
6118092940
6118092950
6118093280
6118093390
6118093490
6118093660
6118093730
6118094080
6118094820
6118094920
6118095140
6118096130
6118096400
6118096880
6118097680
6118098320
6118098600
6118099110
6118099670
6118100600
6118101120
6118101150
6118101830
6118102670
6118103180
6118103530
6118103830
6118105210
6118105480
6118106320
6118106430
6118106670
6118107040
6118107830
6118108040
6118109780
6118112500
6118112550
6118113410
6118114130
6118114290
6118114510
6118114570
6118114980
6118115030
6118115200
6118115860
6118115920
6118118140
6118119570
6118142700
6118144260
6118282390
6118286690
6118349970
6118669520
6118795000
6118847780
6118886410
6118936350
6118955840
6118956700
6118957660
6118958310
6118958940
6118959350
6118960860
6118961340
6118962170
6118963940
6118964470
6118964900
6118966000
6118967360
6118967370
6118970270
6118972470
6118976500
6118978480
6118978530
6118978590
6118979390
6118984330
6118984620
6118984920
6118985930
6118986360
6118986490
6118986940
6118987740
6118987900
6118988930
6118991020
6118991130
6118991620
6118993140
6118994190
6118996400
6119001400
6119001870
6119002540
6119003080
6119003260
6119004830
6119005870
6119006240
6119018540
6119018970
6119019040
6119053280
6119139570
6119268050
6119276380
6119455730
6119481010
6119659120
6119788770
6119832240
6119833360
6119885690
6119915630
6119921420
6119942470
6119955110
6119955160
6119956080
6119956190
6119956490
6119956590
6119956750
6119956780
6119957480
6119957790
6119958910
6119959790
6119960130
6119960230
6119960510
6119960950
6119961460
6119961500
6119961720
6119961820
6119961970
6119962020
6119962400
6119963440
6119963890
6119964380
6119964610
6119964680
6119964720
6119965050
6119965320
6119968200
6119969100
6119970840
6119971480
6119977910
6120127170
6120127970
6120191590
6120294020
6120489000
6120512190
6120701380
6120828860
6120978430
6121026530
6121031980
6121037670
6121037740
6121039940
6121063270
6121065040
6121065280
6121067550
6121067920
6121069790
6121069900
6121070560
6121070730
6121071180
6121071300
6121071860
6121071970
6121073190
6121073490
6121075560
6121075750
6121076090
6121080260
6121080760
6121081720
6121082400
6121082970
6121083310
6121083370
6121084100
6121084820
6121088220
6121090450
6121090560
6121091500
6121091570
6121091600
6121096820
6121097300
6121100920
6121101080
6121101110
6121102460
6121103510
6121104290
6121108170
6121109740
6121111980
6121112250
6121112640
6121117520
6121118140
6121119850
6121120150
6121121140
6121121800
6121126400
6121126830
6121127480
6121132250
6121132650
6121133710
6121133960
6121134240
6121134450
6121136820
6121137730
6121138820
6121139010
6121139030
6121384360
6121425770
6121588610
6121685060
6121775870
6121887970
6122130180
6122132520
6122133320
6122182480
6122208890
6122229280
6122232450
6122238330
6122279390
6122279490
6122281020
6122282580
6122283340
6122283750
6122284790
6122284820
6122284830
6122284900
6122285110
6122285980
6122286680
6122288110
6122288310
6122288320
6122291200
6122291600
6122291930
6122292620
6122293950
6122294290
6122294340
6122294720
6122294740
6122294890
6122294920
6122295100
6122295610
6122296640
6122296700
6122296940
6122297290
6122297540
6122298040
6122298070
6122298450
6122300320
6122301640
6122303880
6122304620
6122305210
6122305380
6122305700
6122305740
6122305810
6122306110
6122307280
6122307640
6122308910
6122309030
6122310460
6122312760
6122316840
6122317080
6122317090
6122317150
6122317170
6122317180
6122317230
6122317240
6122317430
6122318900
6122319210
6122319290
6122319340
6122319370
6122319400
6122319610
6122319630
6122319800
6122319820
6122319860
6122319870
6122319880
6122319890
6122319910
6122320030
6122320140
6122320190
6122320290
6122320370
6122320580
6122320590
6122320650
6122320830
6122321020
6122321240
6122321300
6122321510
6122321520
6122321610
6122321650
6122321820
6122322080
6122322130
6122322170
6122323920
6122324260
6122324290
6122324550
6122324640
6122324660
6122324720
6122325400
6122325420
6122325560
6122325670
6122325800
6122325820
6122325830
6122325850
6122325890
6122326020
6122326310
6122326340
6122484820
6122492030
6122765370
6122867600
6122940640
6123072340
6123148560
6123289950
6123381600
6123387140
6123387970
6123388020
6123388400
6123439260
6123447350
6123559830
6123589630
6123821470
6123985790
6124087360
6124250600
6124253420
6124253640
6124392490
6124457760
6124495470
6124527890
6124529330
6124656380
6124656600
6124657230
6124657310
6124657470
6124657900
6124658200
6124658970
6124659000
6124660330
6124661100
6124661950
6124662580
6124663010
6124664830
6124665770
6124665910
6124665970
6124666010
6124666200
6124666460
6124666730
6124667520
6124667560
6124668840
6124670580
6124672170
6124672430
6124672620
6124672660
6124673520
6124674020
6124674160
6124674170
6124674380
6124675340
6124675430
6124675470
6124675510
6124675750
6124676030
6124676410
6124676710
6124677100
6124677140
6124677150
6124677280
6124677340
6124677360
6124677390
6124677400
6124677430
6124677500
6124677810
6124677960
6124681490
6124681540
6124682010
6124682130
6124684000
6124684490
6124686330
6124686720
6124688560
6124688980
6124689670
6124689730
6124689910
6124690010
6124690570
6124691100
6124691340
6124691510
6124692170
6124693110
6124693330
6124693620
6124694750
6124694770
6124743470
6124900590
6124967050
6125017810
6125018430
6125058380
6125058910
6125069170
6125339520
6125343560
6125343890
6125383490
6125482540
6125499330
6125536780
6125670670
6125754620
6125777050
6125777270
6125777530
6125777650
6125777680
6125777920
6125778620
6125778690
6125778700
6125778950
6125779120
6125779680
6125779950
6125780020
6125780450
6125783380
6125783400
6125784670
6125785030
6125785110
6125785780
6125785960
6125787360
6125787620
6125787820
6125788450
6125788570
6125788620
6125788890
6125788980
6125789440
6125790380
6125790890
6125790960
6125791210
6125791370
6125791860
6125792670
6125793040
6125793300
6125793660
6125793690
6125794050
6125794540
6125794770
6125794980
6125795020
6125795040
6125795480
6125795940
6125796020
6125797470
6125797960
6125798000
6125798030
6125798580
6125798590
6125798650
6125798660
6125798670
6125798730
6125798780
6125798840
6125798960
6125799040
6125799120
6125799200
6125799890
6125800100
6125800280
6125800350
6125800370
6125800690
6125801120
6125801200
6125801210
6125801640
6125802290
6125804590
6125804720
6125805630
6125805720
6125806330
6125810380
6125811110
6125813960
6125814060
6125814590
6125814600
6125814680
6125815400
6125815640
6125817370
6125817720
6125817790
6125818900
6125819230
6125820190
6125820390
6125820650
6125821040
6125821330
6125822210
6125822400
6125927780
6125976820
6125977050
6125977280
6125977470
6126118630
6126218450
6126251080
6126456840
6126506540
6126515270
6126529600
6126538600
6126576730
6126820030
6126824990
6126840740
6126842570
6126855290
6126865220
6126883280
6126883350
6126885090
6126888840
6126888910
6126889090
6126889640
6126889780
6126889790
6126889840
6126889960
6126890060
6126890280
6126890390
6126890630
6126890870
6126890930
6126891240
6126891350
6126891580
6126892190
6126892330
6126892450
6126892640
6126892930
6126893250
6126893610
6126893680
6126894090
6126894190
6126894700
6126894960
6126896120
6126896340
6126896700
6126896790
6126897070
6126897110
6126897660
6126898090
6126898590
6126899330
6126899410
6126899530
6126900000
6126901230
6126901370
6126901500
6126903740
6126905360
6126906220
6126907080
6126907440
6126908090
6126908110
6126914250
6126914480
6126914700
6126915400
6126916590
6126916630
6126916710
6126917270
6126920120
6126921300
6126923790
6127014380
6127045020
6127051380
6127065070
6127236380
6127432070
6127439400
6127492540
6127688190
6127842770
6127878470
6127878590
6127879300
6127882870
6127883530
6127884130
6127884200
6127891520
6127891610
6127904680
6127904850
6127905180
6127906090
6127906550
6127907020
6127907890
6128012770
6128034830
6128299960
6128300240
6128308340
6128364140
6128395970
6128418610
6128428820
6128513490
6128561640
6128563490
6128619490
6128622690
6128943120
6128983500
6128995440
6128995630
6128995790
6128995870
6128996150
6128996640
6128996990
6128997040
6128997730
6128998100
6128999000
6128999560
6128999670
6128999680
6129000110
6129000120
6129000670
6129000830
6129001040
6129001100
6129001580
6129001620
6129001660
6129002050
6129002180
6129002780
6129002810
6129003270
6129003340
6129003420
6129003530
6129003680
6129003890
6129004490
6129004790
6129005170
6129005270
6129006820
6129007510
6129007560
6129007600
6129008470
6129008780
6129009610
6129010290
6129011090
6129011150
6129011170
6129011250
6129012500
6129012770
6129013640
6129013990
6129014160
6129014630
6129017230
6129019840
6129020220
6129020530
6129020780
6129020960
6129021320
6129021520
6129022340
6129023660
6129025610
6129025780
6129027300
6129030530
6129033850
6129033990
6129039860
6129040320
6129040570
6129040800
6129041780
6129047430
6129047460
6129047480
6129047550
6129048010
6129048080
6129048120
6129048170
6129048190
6129048440
6129048590
6129049580
6129050000
6129050320
6129050520
6129050680
6129050780
6129050840
6129050850
6129050880
6129051500
6129051730
6129051840
6129051880
6129052020
6129052250
6129053140
6129054000
6129054050
6129054090
6129054110
6129054140
6129054250
6129179010
6129179810
6129180030
6129184570
6129233310
6129460400
6129461360
6129480070
6129664260
6129675400
6129774680
6129777330
6129847230
6129877400
6129941930
6129982070
6129993770
6130007940
6130122890
6130131820
6130134680
6130142120
6130155940
6130172480
6130174170
6130184740
6130205760
6130206160
6130206460
6130206910
6130206920
6130206950
6130207170
6130207260
6130207740
6130207780
6130209460
6130211550
6130212100
6130212540
6130214260
6130215420
6130216160
6130216840
6130217150
6130217530
6130218230
6130219080
6130219600
6130219740
6130220210
6130220280
6130220290
6130220480
6130220710
6130220850
6130220990
6130221020
6130222170
6130222360
6130222400
6130223760
6130224070
6130224430
6130224940
6130225780
6130226590
6130227010
6130228190
6130228320
6130229480
6130229610
6130229620
6130231310
6130231640
6130232720
6130235100
6130237300
6130237420
6130241250
6130242130
6130242450
6130242840
6130244720
6130272470
6130327680
6130386000
6130432140
6130432520
6130729040
6130780220
6130788530
6130856860
6130864270
6131058510
6131076690
6131084440
6131133540
6131178370
6131208830
6131248390
6131261200
6131264140
6131281260
6131281360
6131282670
6131282780
6131314950
6131353480
6131354890
6131355060
6131355190
6131355340
6131355360
6131355370
6131355410
6131355430
6131355440
6131355500
6131355520
6131355540
6131355550
6131355560
6131355580
6131355600
6131356340
6131356710
6131356740
6131357410
6131357450
6131358490
6131358500
6131359350
6131364750
6131365000
6131365800
6131366020
6131366120
6131366260
6131367920
6131368040
6131370150
6131370950
6131371310
6131371400
6131371430
6131371520
6131371670
6131427170
6131449700
6131468890
6131492540
6131592860
6131704360
6131766120
6131842980
6131847190
6131933590
6131960260
6131960520
6131981620
6132084190
6132101010
6132127830
6132195360
6132195840
6132260940
6132266670
6132267920
6132347810
6132360390
6132360530
6132360540
6132361380
6132361710
6132361780
6132362000
6132362490
6132362670
6132362730
6132363020
6132363190
6132363540
6132363670
6132363730
6132363740
6132364500
6132364590
6132364630
6132365060
6132365630
6132366510
6132366950
6132367390
6132367520
6132367540
6132367600
6132367770
6132368250
6132368530
6132368750
6132369260
6132369270
6132369520
6132369600
6132369740
6132369830
6132372430
6132372610
6132372830
6132373030
6132373400
6132373970
6132374010
6132374550
6132375590
6132375690
6132375800
6132376160
6132376320
6132376400
6132377160
6132377210
6132377220
6132377770
6132378140
6132378340
6132379920
6132380120
6132380410
6132381750
6132382030
6132384190
6132384510
6132384820
6132384830
6132385520
6132386720
6132387100
6132387690
6132387730
6132387750
6132387810
6132387970
6132387990
6132388020
6132388180
6132388230
6132388370
6132388410
6132388430
6132388690
6132388850
6132388980
6132389030
6132389490
6132390330
6132390640
6132391650
6132391820
6132391860
6132391920
6132392160
6132392180
6132392230
6132392280
6132392310
6132392540
6132392710
6132392770
6132392860
6132392930
6132392990
6132393200
6132393400
6132393580
6132470260
6132579340
6132632200
6132714960
6132715170
6132715410
6132979030
6133053860
6133094740
6133127910
6133221720
6133228330
6133228520
6133235680
6133272230
6133388340
6133397780
6133439540
6133445950
6133446640
6133447500
6133460170
6133489850
6133493220
6133494220
6133498940
6133500030
6133502140
6133547520
6133547600
6133547690
6133547700
6133548230
6133548400
6133549060
6133552560
6133553180
6133554120
6133554340
6133554750
6133556810
6133557150
6133557830
6133557880
6133557950
6133558300
6133558360
6133558710
6133558730
6133558960
6133559800
6133560100
6133562640
6133566240
6133568160
6133568350
6133568450
6133568870
6133568890
6133568970
6133569040
6133569580
6133570220
6133571310
6133573180
6133573270
6133574590
6133574620
6133575000
6133575360
6133575460
6133575900
6133576010
6133576030
6133576370
6133576660
6133576840
6133577100
6133577790
6133579340
6133579910
6133580040
6133580060
6133580100
6133580470
6133581510
6133581710
6133582410
6133585240
6133588010
6133591540
6133597930
6133599800
6133599930
6133599980
6133602650
6133602840
6133603530
6133603620
6133603710
6133604300
6133605050
6133606200
6133606410
6133606520
6133606880
6133606950
6133607260
6133626680
6133652360
6133891980
6133940680
6133956800
6133957220
6134005170
6134014860
6134081030
6134118140
6134126470
6134276240
6134347330
6134347590
6134347900
6134352800
6134367990
6134382840
6134382850
6134382880
6134382890
6134382940
6134383010
6134383060
6134383070
6134383090
6134383460
6134384270
6134384310
6134384330
6134384340
6134384830
6134384950
6134386280
6134386380
6134386400
6134387040
6134387070
6134387400
6134387850
6134387870
6134387880
6134388220
6134388620
6134390850
6134392700
6134392730
6134392980
6134403740
6134410310
6134425250
6134425260
6134428270
6134428310
6134430460
6134451990
6134452000
6134452040
6134457020
6134488580
6134490360
6134490370
6134493570
6134493850
6134495610
6134497230
6134497250
6134497260
6134497540
6134498760
6134498800
6134499030
6134502230
6134502510
6134502560
6134503810
6134503830
6134504020
6134504070
6134504090
6134504100
6134505520
6134505560
6134505750
6134506950
6134552590
6134553840
6134642050
6134720540
6134755250
6134760030
6134760040
6134795960
6134797270
6134804400
6134845030
6134851530
6134851610
6134869660
6134875810
6134942960
6134943000
6134943010
6134943030
6134947450
6134947690
6134947850
6134965450
6134966140
6134967900
6134968240
6134983940
6134991220
6134991800
6134993300
6134993520
6134993560
6134993580
6134993630
6134994790
6134994980
6134995780
6134997380
6134997860
6134997890
6134998390
6134998430
6134999850
6135000010
6135000770
6135000950
6135001950
6135002080
6135003170
6135003350
6135003520
6135003630
6135004160
6135004650
6135004920
6135005030
6135005280
6135005400
6135006220
6135006880
6135007160
6135007260
6135007520
6135008430
6135008700
6135008790
6135008840
6135009210
6135009460
6135009640
6135011010
6135011070
6135012310
6135013040
6135013250
6135013310
6135013360
6135013780
6135013900
6135014280
6135014420
6135014780
6135017480
6135017820
6135018480
6135020690
6135020710
6135020940
6135023210
6135023370
6135024510
6135025310
6135025950
6135027960
6135028770
6135030250
6135032100
6135032350
6135032370
6135032390
6135032430
6135032880
6135032930
6135033030
6135033040
6135033190
6135033320
6135033370
6135033630
6135033850
6135033890
6135033990
6135034220
6135034280
6135034380
6135036320
6135036490
6135036590
6135036720
6135036940
6135037010
6135037060
6135037390
6135055220
6135124820
6135395940
6135422790
6135525980
6135536530
6135537620
6135614590
6135614940
6135654160
6135654660
6135669760
6135694760
6135729630
6135757940
6135781040
6135827000
6135844920
6135878720
6135896140
6135896220
6135896310
6135896480
6135912170
6135912190
6135923890
6135990580
6136072200
6136082050
6136082330
6136115290
6136117940
6136155040
6136191630
6136194540
6136197930
6136214010
6136254470
6136269770
6136304210
6136317110
6136317280
6136317350
6136317390
6136317590
6136317680
6136317760
6136317880
6136318470
6136318720
6136319220
6136320870
6136321180
6136322350
6136322650
6136325370
6136325400
6136325560
6136325720
6136325900
6136327260
6136327290
6136327390
6136327970
6136328360
6136328540
6136328850
6136329010
6136329640
6136330450
6136331550
6136331710
6136331730
6136332080
6136332410
6136332630
6136333360
6136333680
6136333870
6136334500
6136334520
6136334690
6136335530
6136336260
6136337300
6136337460
6136338180
6136338380
6136338570
6136339260
6136341520
6136342520
6136342620
6136343180
6136343480
6136344240
6136344430
6136344710
6136344820
6136344930
6136344970
6136345810
6136346710
6136399230
6136410210
6136412770
6136416540
6136451300
6136461450
6136481900
6136519630
6136565110
6136568940
6136569860
6136581030
6136652550
6136681290
6136732490
6136763860
6136832070
6136912510
6136976490
6136977140
6137002920
6137032780
6137140390
6137147400
6137167600
6137183020
6137183270
6137187730
6137200000
6137208250
6137219750
6137378780
6137379870
6137381290
6137408410
6137410800
6137412300
6137412640
6137412970
6137413220
6137413230
6137413300
6137413400
6137413590
6137415640
6137416080
6137417800
6137418540
6137419270
6137419330
6137420760
6137421050
6137421120
6137421610
6137422090
6137422320
6137422850
6137424410
6137425360
6137425560
6137425890
6137426270
6137426300
6137426680
6137427660
6137428390
6137428830
6137429200
6137429220
6137429270
6137429320
6137429660
6137429670
6137429830
6137429930
6137430230
6137431160
6137431490
6137432030
6137432180
6137432390
6137433390
6137433660
6137433720
6137433920
6137433950
6137434390
6137434520
6137434710
6137435430
6137435680
6137435840
6137435860
6137436070
6137436660
6137436900
6137437280
6137437680
6137437710
6137437910
6137438080
6137438210
6137438280
6137438900
6137440060
6137440100
6137441610
6137446180
6137448480
6137449690
6137449790
6137450070
6137450470
6137452150
6137454320
6137454820
6137455090
6137455140
6137455170
6137458160
6137459110
6137459290
6137459380
6137459400
6137459420
6137459450
6137459520
6137459570
6137459680
6137459950
6137460060
6137460250
6137460310
6137460330
6137460370
6137460510
6137460660
6137460880
6137460910
6137460920
6137460940
6137461130
6137461290
6137461760
6137462700
6137462730
6137462970
6137462980
6137463070
6137463300
6137463680
6137464100
6137464120
6137464770
6137465080
6137465280
6137465680
6137465690
6137465720
6137465730
6137465770
6137466290
6137466300
6137466430
6137466620
6137466680
6137467050
6137467070
6137467090
6137467130
6137467720
6137468490
6137535630
6137538250
6137561800
6137565680
6137787120
6137800680
6137906470
6137917120
6138078340
6138078350
6138078360
6138082260
6138092310
6138103330
6138125300
6138126120
6138136840
6138148490
6138148510
6138153120
6138167630
6138167680
6138169640
6138169700
6138170010
6138170060
6138195380
6138199060
6138201630
6138201970
6138205020
6138205900
6138207540
6138208030
6138208550
6138210000
6138211710
6138211860
6138214470
6138215080
6138216580
6138217190
6138228030
6138230680
6138231570
6138231620
6138233360
6138234310
6138238050
6138239250
6138246250
6138246260
6138246720
6138247260
6138247490
6138249900
6138253150
6138254450
6138256510
6138260230
6138292530
6138294390
6138315320
6138316370
6138328080
6138328860
6138330830
6138336400
6138336570
6138336620
6138337140
6138337350
6138337480
6138338980
6138340630
6138342130
6138344150
6138344670
6138349460
6138373690
6138374000
6138374850
6138376000
6138380650
6138380900
6138381880
6138382180
6138382430
6138382560
6138387070
6138387440
6138387900
6138388080
6138388580
6138388830
6138393240
6138409960
6138410650
6138411620
6138413790
6138413920
6138415030
6138415470
6138415870
6138418200
6138419390
6138420780
6138421620
6138421630
6138421640
6138422480
6138424600
6138427320
6138428570
6138430000
6138433000
6138433400
6138436030
6138437000
6138437180
6138438340
6138439700
6138440390
6138441120
6138458840
6138469120
6138469300
6138469480
6138469510
6138469760
6138469890
6138470280
6138471720
6138471740
6138472000
6138472360
6138472520
6138472630
6138472740
6138472920
6138473030
6138473120
6138473170
6138473210
6138473290
6138473320
6138473440
6138473670
6138473880
6138473890
6138474020
6138474030
6138474440
6138474520
6138474650
6138474730
6138474810
6138474950
6138475130
6138475160
6138475570
6138475590
6138475740
6138475750
6138475880
6138476140
6138479190
6138479220
6138479550
6138479970
6138480390
6138481010
6138481180
6138481890
6138482070
6138482430
6138482450
6138482660
6138483150
6138483760
6138483790
6138484150
6138484200
6138484550
6138484710
6138484770
6138485350
6138485420
6138485860
6138485870
6138486210
6138486330
6138486790
6138487450
6138488060
6138488090
6138488250
6138488260
6138488320
6138488350
6138488550
6138488560
6138489090
6138489240
6138489560
6138489600
6138489630
6138489780
6138489860
6138489900
6138490060
6138490860
6138491030
6138491640
6138492410
6138493840
6138494100
6138494770
6138494840
6138495240
6138495380
6138495390
6138497090
6138497140
6138497440
6138497500
6138498130
6138499900
6138500900
6138501660
6138503720
6138504170
6138504970
6138506460
6138506480
6138506500
6138506530
6138506540
6138506550
6138507840
6138507890
6138519430
6138521280
6138521350
6138522120
6138522160
6138522310
6138522370
6138522550
6138523120
6138523610
6138523620
6138523630
6138523990
6138524050
6138524230
6138524360
6138524480
6138524690
6138525000
6138525410
6138525640
6138525700
6138525770
6138525870
6138525930
6138526030
6138526090
6138526210
6138526330
6138526350
6138526360
6138526370
6138526380
6138526550
6138526700
6138526990
6138527000
6138527150
6138527290
6138527340
6138527470
6138527630
6138528180
6138528220
6138528570
6138528620
6138528770
6138529230
6138529430
6138529450
6138529630
6138529940
6138530340
6138531490
6138531500
6138531730
6138531760
6138533270
6138533290
6138533390
6138533540
6138534160
6138534300
6138534750
6138535400
6138536050
6138537240
6138537950
6138538890
6138539690
6138541220
6138542050
6138543710
6138544060
6138545170
6138582600
6138660050
6138660070
6138660890
6138661850
6138661890
6138663500
6138663530
6138664380
6138664600
6138665390
6138665830
6138669240
6138669480
6138669530
6138669620
6138682070
6138682980
6138851970
6138907740
6138908900
6138928620
6139017000
6139102660
6139223470
6139271880
6139322090
6139354620
6139355000
6139359600
6139370890
6139377070
6139386260
6139394550
6139401350
6139401710
6139422780
6139429170
6139430170
6139436240
6139450660
6139456140
6139457250
6139474500
6139477070
6139477620
6139478950
6139479210
6139479510
6139479700
6139479940
6139480200
6139480210
6139480410
6139480700
6139480970
6139481110
6139481140
6139481370
6139481410
6139483240
6139483320
6139485180
6139485370
6139485600
6139486100
6139488710
6139489060
6139490210
6139535230
6139540660
6139542420
6139559690
6139650560
6139656670
6139777440
6139802040
6139817490
6139819390
6139823560
6139828990
6139845500
6139854400
6139880890
6139908350
6139942520
6139947550
6139962660
6140034420
6140047130
6140047360
6140066470
6140108140
6140125290
6140176480
6140179230
6140182580
6140213840
6140214580
6140219200
6140232700
6140235680
6140263270
6140263890
6140273390
6140275340
6140298990
6140337370
6140338470
6140339290
6140339730
6140340320
6140340580
6140340860
6140341570
6140343550
6140343600
6140343830
6140344010
6140344100
6140344180
6140344460
6140344530
6140344580
6140344600
6140345230
6140345570
6140345580
6140345680
6140345990
6140346290
6140346340
6140346480
6140346910
6140346950
6140347280
6140347300
6140347310
6140347350
6140347390
6140347550
6140347600
6140347630
6140347670
6140347900
6140347930
6140348760
6140348830
6140349370
6140349600
6140349850
6140349970
6140349980
6140350020
6140350320
6140350350
6140350360
6140350480
6140350920
6140351140
6140351230
6140351380
6140351430
6140351450
6140351870
6140351930
6140352100
6140352180
6140352290
6140352380
6140352470
6140352590
6140352600
6140352780
6140352820
6140352880
6140353030
6140353040
6140353510
6140353520
6140353590
6140353680
6140354380
6140354400
6140354410
6140354450
6140354490
6140354540
6140354550
6140354670
6140354760
6140354790
6140354920
6140354940
6140354950
6140355210
6140355300
6140355310
6140355380
6140355610
6140355630
6140356160
6140357440
6140357650
6140357890
6140360390
6140360910
6140361890
6140361990
6140362230
6140362320
6140362670
6140362910
6140363290
6140363780
6140363860
6140364520
6140364540
6140364870
6140364940
6140365160
6140365180
6140365210
6140365680
6140366240
6140366380
6140366640
6140366890
6140366940
6140367480
6140367900
6140367920
6140367950
6140367990
6140368000
6140368070
6140368200
6140368220
6140368330
6140368370
6140368380
6140368460
6140368500
6140368550
6140368560
6140368790
6140368810
6140368870
6140369030
6140369100
6140369160
6140369560
6140369630
6140369660
6140369690
6140369780
6140370050
6140370090
6140370110
6140370290
6140370380
6140370430
6140370760
6140371320
6140371390
6140371460
6140371470
6140371510
6140371670
6140371780
6140371800
6140371940
6140372210
6140372380
6140372480
6140372500
6140372510
6140372780
6140373260
6140373320
6140373380
6140386910
6140389280
6140395940
6140418640
6140472820
6140490790
6140509690
6140551040
6140599420
6140633270
6140635910
6140666310
6140696670
6140704390
6140782200
6140821180
6140821690
6140822070
6140966600
6141050210
6141071180
6141072000
6141106780
6141108220
6141114920
6141117950
6141118130
6141121170
6141125340
6141125870
6141141730
6141184530
6141201330
6141204690
6141214810
6141221110
6141226950
6141227600
6141227650
6141227970
6141228070
6141228220
6141228700
6141229260
6141230020
6141230280
6141230290
6141230300
6141230310
6141230600
6141230670
6141231150
6141231190
6141231390
6141231460
6141231840
6141232030
6141232050
6141232350
6141232460
6141232680
6141233230
6141233360
6141233500
6141233740
6141234150
6141234390
6141234470
6141234990
6141235130
6141235210
6141235340
6141235480
6141236080
6141236370
6141236520
6141236920
6141237320
6141237390
6141237460
6141237850
6141237860
6141238220
6141238760
6141239080
6141239310
6141240070
6141241140
6141241210
6141241530
6141241640
6141241700
6141241800
6141241890
6141242490
6141242500
6141242530
6141242770
6141242830
6141242850
6141243040
6141243150
6141243500
6141243700
6141244990
6141245570
6141248030
6141249400
6141250230
6141251140
6141252050
6141252160
6141253110
6141253800
6141254480
6141256190
6141256580
6141257490
6141258340
6141258360
6141258370
6141258950
6141258990
6141259000
6141259050
6141259300
6141259310
6141259410
6141259490
6141259510
6141259550
6141259690
6141259920
6141259930
6141259960
6141260020
6141260140
6141260480
6141260570
6141260630
6141260750
6141260880
6141261000
6141261120
6141261150
6141261330
6141261530
6141261550
6141261560
6141261670
6141262210
6141262270
6141263140
6141263150
6141263280
6141263440
6141263480
6141263680
6141264180
6141264190
6141264520
6141264840
6141265000
6141265200
6141265380
6141265770
6141266150
6141266200
6141266280
6141266880
6141267530
6141267670
6141268010
6141268130
6141268390
6141269000
6141269030
6141269400
6141275770
6141281900
6141282610
6141282850
6141282880
6141307440
6141336030
6141380460
6141414610
6141422240
6141463690
6141471580
6141471800
6141501320
6141512960
6141570080
6141581100
6141603000
6141647980
6141675920
6141679760
6141686940
6141707830
6141708370
6141722030
6141790350
6141798260
6141799680
6141851640
6141852350
6141866120
6141876410
6141877240
6141912590
6141912700
6141915830
6141919540
6141929670
6141939900
6141992920
6142089380
6142101670
6142104370
6142121820
6142136490
6142144190
6142146220
6142161280
6142161820
6142163780
6142163800
6142163880
6142164450
6142164510
6142164880
6142164980
6142165200
6142165270
6142165320
6142165350
6142165370
6142165450
6142165500
6142165580
6142165640
6142165680
6142165720
6142165770
6142165830
6142166100
6142166130
6142166140
6142166160
6142166210
6142166230
6142166330
6142166410
6142166540
6142166720
6142166830
6142166840
6142166900
6142167010
6142167170
6142167290
6142167650
6142167690
6142167780
6142167830
6142168010
6142168120
6142168310
6142168320
6142168360
6142168570
6142168670
6142169160
6142169540
6142170160
6142170190
6142170260
6142170750
6142170910
6142171010
6142171100
6142171150
6142171290
6142171500
6142171520
6142171530
6142171860
6142172140
6142172160
6142172210
6142172230
6142172440
6142172720
6142173290
6142173370
6142175100
6142176110
6142176120
6142176150
6142176190
6142176260
6142176290
6142176300
6142180040
6142180670
6142180830
6142180850
6142182200
6142182490
6142182770
6142183210
6142183730
6142184170
6142184940
6142185570
6142185660
6142185980
6142186220
6142186250
6142187160
6142257480
6142279680
6142288940
6142315160
6142344870
6142374800
6142377480
6142379670
6142490670
6142491890
6142500740
6142505960
6142507410
6142522460
6142528970
6142537330
6142551530
6142559930
6142573530
6142576890
6142580490
6142582290
6142603890
6142619970
6142633720
6142649850
6142692630
6142705760
6142736580
6142745680
6142745770
6142753310
6142820270
6142848190
6142856200
6142902870
6142905620
6142908190
6142921080
6142951210
6142953890
6142960280
6142965480
6142965760
6142974330
6142974470
6142974490
6142974600
6142974760
6142974770
6142974780
6142974950
6142975070
6142975110
6142975180
6142975530
6142975540
6142975690
6142976590
6142976960
6142977690
6142978950
6142978970
6142979060
6142979150
6142979350
6142979400
6142979660
6142979700
6142981060
6142981070
6142981110
6142981120
6142981260
6142981270
6142981280
6142981320
6142981440
6142981450
6142981470
6142981490
6142981500
6142981840
6142982160
6142982190
6142982260
6142982290
6142983070
6142983450
6142983650
6142983730
6142983790
6142983910
6142984080
6142984220
6142984350
6142984440
6142984620
6142984800
6142985070
6142985130
6142985280
6142985300
6142985350
6142985590
6142985870
6142985950
6142986110
6142986270
6142986430
6142986540
6142986600
6142986690
6142987030
6142987050
6142987480
6142987580
6142987750
6142988930
6142989000
6142989030
6142989070
6142989090
6142989220
6142989550
6142989590
6142989940
6142990070
6142990100
6142990440
6142990450
6142990510
6142990570
6142990800
6142990830
6142990920
6142991240
6142991290
6142991720
6142992000
6142992040
6142992220
6142992280
6142992670
6142992920
6142993940
6142994360
6142995350
6142995830
6142996500
6142996870
6143006900
6143007110
6143009060
6143010880
6143012560
6143012570
6143012590
6143022300
6143041740
6143068450
6143070420
6143109170
6143135070
6143136560
6143150930
6143157820
6143167310
6143172170
6143179540
6143185690
6143209540
6143214010
6143214330
6143215230
6143258640
6143273380
6143292190
6143294620
6143298520
6143298980
6143298990
6143338180
6143345400
6143355210
6143356020
6143363130
6143371770
6143393650
6143415140
6143430320
6143430640
6143476740
6143497750
6143497940
6143500110
6143500210
6143501650
6143506660
6143525430
6143530860
6143558500
6143583470
6143599020
6143611260
6143614610
6143624750
6143628530
6143655840
6143662980
6143666250
6143678940
6143680430
6143682600
6143690370
6143690540
6143694580
6143697350
6143703610
6143704110
6143704270
6143709800
6143717150
6143718310
6143720300
6143734220
6143736260
6143736840
6143745090
6143748620
6143769060
6143769760
6143770130
6143770750
6143773260
6143773590
6143773680
6143773730
6143773820
6143773860
6143773870
6143774050
6143774060
6143774090
6143774130
6143774310
6143774330
6143774460
6143774480
6143774540
6143774600
6143774770
6143774930
6143775020
6143775040
6143775070
6143775480
6143775580
6143775770
6143775950
6143776170
6143776200
6143776860
6143776970
6143776980
6143777030
6143777050
6143777120
6143777250
6143777290
6143777420
6143777470
6143777830
6143777850
6143778060
6143778730
6143778800
6143778980
6143779160
6143779410
6143779840
6143779850
6143780480
6143780870
6143781160
6143781410
6143781600
6143781850
6143782040
6143782120
6143782130
6143782160
6143782330
6143782450
6143782520
6143782540
6143782760
6143782930
6143782950
6143782980
6143783070
6143783150
6143783190
6143783200
6143783240
6143783490
6143783530
6143783680
6143783730
6143783940
6143784080
6143784180
6143784240
6143784250
6143784410
6143784420
6143784450
6143784560
6143784610
6143784740
6143785030
6143785110
6143786030
6143786100
6143786290
6143786330
6143786350
6143786520
6143786760
6143786790
6143786850
6143787070
6143787080
6143787160
6143787550
6143787690
6143787770
6143788530
6143788560
6143788610
6143788640
6143789180
6143789390
6143789940
6143790780
6143790910
6143791210
6143792140
6143792720
6143793600
6143793810
6143794230
6143794370
6143795940
6143796490
6143796510
6143800350
6143801060
6143801210
6143801250
6143801270
6143801350
6143801440
6143801460
6143801550
6143801700
6143801710
6143801840
6143801920
6143802030
6143802200
6143802240
6143802250
6143802570
6143802650
6143802720
6143802830
6143802920
6143803260
6143803270
6143803500
6143803590
6143803950
6143804090
6143804290
6143804350
6143804770
6143804800
6143804820
6143805030
6143805090
6143805380
6143805460
6143805520
6143805600
6143805740
6143806120
6143806340
6143806360
6143806370
6143806440
6143806460
6143807050
6143807220
6143807270
6143807550
6143807720
6143808130
6143808440
6143808570
6143808580
6143808750
6143809020
6143809100
6143809290
6143809470
6143809480
6143809770
6143810580
6143811250
6143811700
6143812960
6143828010
6143828020
6143828030
6143828040
6143828050
6143845270
6143863860
6143864180
6143900410
6143964270
6143987830
6144001220
6144042320
6144044820
6144052180
6144052870
6144057490
6144067320
6144068370
6144069810
6144093910
6144113550
6144119230
6144128100
6144142150
6144148710
6144159090
6144163370
6144171550
6144240100
6144244670
6144249840
6144283320
6144283470
6144283550
6144283670
6144286680
6144306590
6144322480
6144349030
6144355310
6144355530
6144359090
6144366830
6144367220
6144373800
6144373860
6144375330
6144378370
6144378380
6144378970
6144384040
6144386320
6144387800
6144389110
6144391120
6144398080
6144402080
6144402140
6144402330
6144402930
6144402940
6144402960
6144413040
6144414430
6144418170
6144419150
6144419500
6144431400
6144431450
6144431590
6144431790
6144432750
6144433700
6144434760
6144435270
6144435330
6144435340
6144435360
6144435370
6144435770
6144436800
6144436930
6144437190
6144437290
6144437310
6144437330
6144437380
6144494250
6144520320
6144528250
6144528900
6144565010
6144677840
6144698000
6144701770
6144782390
6144798030
6144812960
6144819130
6144837560
6144851170
6144885410
6144887690
6144888350
6144921660
6144949440
6144951020
6144953820
6144957280
6144957410
6144957660
6144959100
6144959980
6144964990
6144967100
6144975150
6144982980
6144985230
6144986390
6144987480
6144988870
6144990220
6144990640
6144992360
6144996120
6144998840
6144999340
6144999560
6144999650
6145003950
6145013540
6145013550
6145013620
6145015070
6145016530
6145018810
6145019440
6145019460
6145020250
6145025620
6145025660
6145031780
6145037630
6145039700
6145039850
6145046360
6145046790
6145049390
6145049970
6145050630
6145052620
6145054380
6145054950
6145055070
6145056120
6145056160
6145056280
6145056290
6145056380
6145056460
6145056500
6145056660
6145056670
6145056680
6145056860
6145056960
6145056970
6145056980
6145057000
6145057020
6145057030
6145057040
6145057080
6145057200
6145057240
6145057500
6145057540
6145057740
6145057750
6145057760
6145057780
6145057810
6145057910
6145058010
6145058320
6145058620
6145061300
6145063930
6145064140
6145064460
6145067130
6145067760
6145070130
6145070320
6145070510
6145070630
6145070640
6145070650
6145070710
6145070740
6145070750
6145070930
6145071050
6145071060
6145071110
6145071150
6145071160
6145071190
6145071210
6145071270
6145071290
6145071360
6145071390
6145071400
6145071410
6145071450
6145071480
6145071500
6145071730
6145071990
6145072260
6145072350
6145072380
6145072480
6145073110
6145073430
6145074630
6145075180
6145075920
6145076350
6145076450
6145076600
6145076830
6145076870
6145077670
6145077840
6145077980
6145078320
6145078520
6145078860
6145080010
6145080720
6145080820
6145080990
6145081000
6145083000
6145083640
6145083890
6145084020
6145084080
6145084220
6145086290
6145094370
6145094380
6145096460
6145096860
6145101610
6145110810
6145117970
6145138710
6145142340
6145162680
6145169350
6145174610
6145174620
6145194510
6145211180
6145213420
6145274210
6145290760
6145321650
6145321870
6145371910
6145376320
6145376510
6145380790
6145388670
6145392450
6145397630
6145398190
6145404360
6145417950
6145419460
6145433550
6145446860
6145449390
6145461580
6145461980
6145466310
6145474670
6145477260
6145492530
6145504390
6145506800
6145513840
6145536120
6145537530
6145551620
6145553920
6145556760
6145556970
6145558810
6145569850
6145572220
6145583430
6145595210
6145608980
6145611620
6145615210
6145619630
6145624420
6145625550
6145633770
6145636460
6145636970
6145637350
6145652610
6145657170
6145658930
6145660730
6145670770
6145671070
6145671150
6145671370
6145671710
6145672410
6145673670
6145674250
6145675010
6145675620
6145677890
6145680930
6145684440
6145685660
6145686050
6145686190
6145688930
6145691030
6145691070
6145692290
6145693170
6145693570
6145695420
6145695710
6145696340
6145700720
6145701140
6145702630
6145703010
6145704940
6145705060
6145706760
6145706830
6145707530
6145710310
6145710550
6145712360
6145713610
6145715000
6145715550
6145715740
6145716000
6145716270
6145716380
6145716430
6145717470
6145720760
6145720840
6145721690
6145723290
6145724100
6145724230
6145725240
6145726420
6145726650
6145726960
6145726980
6145727690
6145729020
6145729160
6145729350
6145729790
6145730540
6145730610
6145732420
6145733040
6145733500
6145733810
6145734240
6145734320
6145734570
6145734610
6145734640
6145734680
6145734750
6145734770
6145734800
6145734870
6145734910
6145734930
6145734960
6145734980
6145735020
6145735040
6145735050
6145735080
6145735090
6145735100
6145735120
6145735130
6145735170
6145735180
6145735220
6145735240
6145735270
6145735300
6145735310
6145735340
6145735410
6145735440
6145735480
6145735490
6145735500
6145735510
6145735540
6145735570
6145735610
6145735620
6145735680
6145735690
6145735700
6145735710
6145735770
6145735780
6145735790
6145735800
6145735860
6145735870
6145736010
6145736020
6145736080
6145736130
6145736200
6145736220
6145736240
6145736250
6145736260
6145736300
6145736310
6145736340
6145736350
6145736450
6145736510
6145736540
6145736550
6145736560
6145736590
6145736610
6145736660
6145736720
6145736750
6145736770
6145736810
6145736830
6145736840
6145736850
6145736860
6145736880
6145736910
6145736920
6145736950
6145736980
6145737130
6145737140
6145737160
6145737170
6145737370
6145737540
6145737600
6145737650
6145737730
6145737780
6145737830
6145737870
6145738100
6145738110
6145738230
6145738280
6145738360
6145738610
6145738970
6145739070
6145739180
6145739290
6145739310
6145739460
6145739630
6145739920
6145739930
6145739950
6145740050
6145740060
6145740150
6145740200
6145740250
6145740280
6145740300
6145740980
6145741090
6145741140
6145741160
6145741320
6145741340
6145741460
6145741620
6145741720
6145741830
6145741960
6145742110
6145742280
6145742380
6145742420
6145742770
6145742830
6145742860
6145742980
6145743040
6145743100
6145743170
6145743270
6145743650
6145743670
6145743750
6145744270
6145744460
6145744620
6145744690
6145744720
6145744740
6145744770
6145744800
6145744860
6145744950
6145745080
6145745150
6145745280
6145745310
6145745410
6145745490
6145745600
6145745630
6145745810
6145745870
6145745880
6145745990
6145746180
6145746360
6145746540
6145746780
6145746810
6145746870
6145746930
6145747250
6145747550
6145748190
6145748220
6145749330
6145749340
6145749470
6145749660
6145749680
6145749750
6145749970
6145750070
6145750100
6145750340
6145750360
6145750910
6145751090
6145751230
6145751320
6145751510
6145751590
6145751700
6145751740
6145751760
6145751820
6145751860
6145752100
6145752160
6145752190
6145752280
6145752500
6145752610
6145752720
6145752730
6145752750
6145752760
6145753030
6145753100
6145753340
6145753740
6145754280
6145754310
6145754660
6145754800
6145755130
6145755240
6145755570
6145755630
6145756020
6145756360
6145756400
6145756510
6145756740
6145756840
6145756920
6145757110
6145757240
6145757340
6145757420
6145757830
6145757900
6145758380
6145758390
6145758480
6145759440
6145759600
6145760320
6145760450
6145760530
6145761010
6145765440
6145765510
6145765520
6145765570
6145765580
6145765630
6145765670
6145765780
6145765860
6145765910
6145765950
6145766170
6145766330
6145766360
6145766500
6145766560
6145766590
6145766620
6145766660
6145766680
6145766690
6145766700
6145766720
6145766740
6145766760
6145766770
6145766780
6145766850
6145766860
6145766890
6145766900
6145767050
6145767080
6145767230
6145767290
6145767340
6145767380
6145767520
6145767630
6145767700
6145767820
6145768080
6145768100
6145768130
6145768140
6145768160
6145768170
6145768200
6145768230
6145768240
6145768270
6145768290
6145768300
6145768330
6145768340
6145768380
6145768420
6145768430
6145768440
6145768470
6145768510
6145768520
6145768540
6145768640
6145768690
6145768830
6145768840
6145768900
6145768980
6145769060
6145769080
6145769100
6145769120
6145769190
6145769240
6145769270
6145769290
6145769320
6145769430
6145769500
6145769520
6145769540
6145769760
6145769800
6145769850
6145769870
6145769950
6145769960
6145769990
6145770070
6145770210
6145770240
6145770300
6145770320
6145770370
6145770380
6145770400
6145770410
6145770510
6145770550
6145770630
6145770710
6145770810
6145770860
6145770930
6145770970
6145771130
6145771150
6145771260
6145771330
6145771370
6145771470
6145771530
6145771620
6145771800
6145771830
6145771850
6145772040
6145772230
6145772240
6145772300
6145772400
6145772590
6145772620
6145772850
6145772920
6145772990
6145773000
6145773010
6145773020
6145773090
6145773240
6145773310
6145773350
6145773460
6145773490
6145773560
6145773610
6145773720
6145773750
6145774040
6145774060
6145774130
6145774230
6145774260
6145774290
6145774490
6145774520
6145774570
6145774670
6145774740
6145774770
6145774790
6145774800
6145774810
6145774840
6145774950
6145774980
6145775060
6145775100
6145775110
6145775150
6145775220
6145775380
6145775400
6145775650
6145775770
6145775820
6145775830
6145775860
6145775870
6145775960
6145776030
6145776210
6145776290
6145776330
6145776400
6145776420
6145776470
6145776480
6145776540
6145776590
6145776600
6145776630
6145776640
6145776670
6145776730
6145776780
6145776790
6145776820
6145776830
6145776850
6145779670
6145782160
6145787940
6145788070
6145789060
6145790230
6145791560
6145793610
6145794850
6145795400
6145796750
6145797270
6145797930
6145832930
6145843660
6145858620
6145861120
6145867810
6145870390
6145898490
6145954050
6145962730
6145971820
6145988480
6145988500
6145988560
6145988640
6145988680
6145988770
6145988780
6145988810
6145988820
6145988930
6145988950
6145988960
6145989000
6145989020
6145989090
6145989200
6145989270
6145989370
6145989470
6145989480
6145989510
6146034410
6146049190
6146052580
6146143470
6146144950
6146165570
6146183510
6146189200
6146225150
6146230670
6146254120
6146270010
6146303970
6146383820
6146434510
6146444820
6146447330
6146455100
6146455220
6146479710
6146483720
6146487700
6146488090
6146494840
6146494900
6146497700
6146499140
6146501410
6146508660
6146515250
6146526670
6146526920
6146527190
6146528510
6146529090
6146530230
6146532140
6146538060
6146538370
6146539070
6146539470
6146539650
6146540420
6146542910
6146545220
6146547100
6146547910
6146548070
6146548410
6146548760
6146551050
6146552450
6146556140
6146559890
6146560530
6146560700
6146562160
6146563200
6146564000
6146564200
6146564790
6146566680
6146568660
6146569020
6146570030
6146570180
6146570310
6146570630
6146570750
6146570850
6146572660
6146574280
6146575160
6146575330
6146575830
6146575930
6146576210
6146576350
6146576720
6146576830
6146576890
6146577030
6146577140
6146577250
6146577440
6146577830
6146578290
6146578490
6146579320
6146580060
6146580480
6146580490
6146581680
6146582270
6146582560
6146582760
6146582830
6146582890
6146583070
6146583090
6146583150
6146583210
6146583500
6146583860
6146584300
6146584850
6146584900
6146585000
6146585060
6146585140
6146585170
6146585190
6146585200
6146585210
6146585240
6146585260
6146585270
6146585330
6146585400
6146585410
6146585420
6146585450
6146585460
6146585470
6146585480
6146585490
6146585510
6146585530
6146585550
6146585560
6146585570
6146585590
6146585600
6146585610
6146585640
6146585660
6146585670
6146585680
6146585690
6146585700
6146585730
6146585750
6146585770
6146585780
6146585790
6146585800
6146585830
6146585850
6146585860
6146585890
6146585900
6146585910
6146585920
6146585930
6146585950
6146585970
6146585980
6146585990
6146586010
6146586020
6146586040
6146586090
6146586110
6146586120
6146586130
6146586150
6146586160
6146586180
6146586190
6146586200
6146586210
6146586220
6146586240
6146586260
6146586270
6146586280
6146586290
6146586300
6146586320
6146586350
6146586380
6146586390
6146586400
6146586420
6146586430
6146586440
6146586450
6146586460
6146586490
6146586500
6146586510
6146586530
6146586540
6146586590
6146586600
6146586620
6146586650
6146586670
6146586690
6146586700
6146586720
6146586730
6146586740
6146586760
6146586770
6146586780
6146586790
6146586800
6146586820
6146586830
6146586850
6146586860
6146586870
6146586880
6146586900
6146586910
6146586920
6146586940
6146586960
6146586970
6146586990
6146587010
6146587040
6146587050
6146587090
6146587100
6146587110
6146587120
6146587140
6146587150
6146587180
6146587190
6146587200
6146587210
6146587220
6146587230
6146587250
6146587260
6146587270
6146587280
6146587290
6146587300
6146587310
6146587320
6146587330
6146587350
6146587360
6146587370
6146587400
6146587420
6146587430
6146587460
6146587470
6146587480
6146587490
6146587500
6146587510
6146587520
6146587540
6146587560
6146587570
6146587580
6146587610
6146587620
6146587640
6146587650
6146587670
6146587680
6146587690
6146587700
6146587710
6146587730
6146587740
6146587750
6146587770
6146587780
6146587800
6146587810
6146587820
6146587830
6146587840
6146587860
6146587880
6146587890
6146587900
6146587920
6146587930
6146587940
6146587950
6146587960
6146587990
6146588020
6146588030
6146588040
6146588070
6146588090
6146588100
6146588120
6146588130
6146588140
6146588160
6146588170
6146588190
6146588200
6146588210
6146588230
6146588240
6146588260
6146588270
6146588280
6146588310
6146588320
6146588340
6146588350
6146588370
6146588390
6146588400
6146588420
6146588440
6146588450
6146588490
6146588500
6146588510
6146588530
6146588540
6146588550
6146588560
6146588570
6146588590
6146588600
6146588610
6146588620
6146588630
6146588650
6146588660
6146588670
6146588680
6146588690
6146588700
6146588730
6146588740
6146588760
6146588770
6146588780
6146588790
6146588810
6146588830
6146588890
6146588920
6146588960
6146588970
6146588990
6146589010
6146589020
6146589040
6146589050
6146589060
6146589080
6146589110
6146589120
6146589130
6146589150
6146589170
6146589190
6146589220
6146589230
6146589240
6146589250
6146589260
6146589280
6146589290
6146589300
6146589340
6146589360
6146589370
6146589380
6146589420
6146589430
6146589450
6146589460
6146589470
6146589480
6146589500
6146589510
6146589530
6146589550
6146589560
6146589570
6146589580
6146589600
6146589610
6146589640
6146589660
6146589670
6146589680
6146589690
6146589700
6146589730
6146589740
6146589750
6146589760
6146589780
6146589790
6146589800
6146589820
6146589830
6146589840
6146589860
6146589870
6146589880
6146589890
6146589900
6146589910
6146589920
6146589930
6146589950
6146589960
6146589990
6146590000
6146590010
6146590020
6146590030
6146590050
6146590060
6146590070
6146590080
6146590090
6146590100
6146590120
6146590130
6146590140
6146590150
6146590160
6146590170
6146590220
6146590250
6146590270
6146590280
6146590300
6146590310
6146590330
6146590360
6146590370
6146590390
6146590400
6146590410
6146590420
6146590440
6146590450
6146590460
6146590470
6146590480
6146590490
6146590500
6146590520
6146590530
6146590540
6146590560
6146590570
6146590580
6146590590
6146590610
6146590620
6146590630
6146590640
6146590650
6146590660
6146590670
6146590680
6146590690
6146590700
6146590720
6146590730
6146590740
6146590750
6146590760
6146590770
6146590790
6146590800
6146590830
6146590840
6146590850
6146590860
6146590870
6146590880
6146590900
6146590910
6146590920
6146590950
6146590960
6146590980
6146590990
6146591000
6146591020
6146591030
6146591040
6146591060
6146591070
6146591080
6146591090
6146591100
6146591120
6146591140
6146591150
6146591170
6146591180
6146591190
6146591200
6146591220
6146591230
6146591240
6146591250
6146591260
6146591270
6146591280
6146591290
6146591300
6146591310
6146591320
6146591330
6146591360
6146591370
6146591410
6146591420
6146591430
6146591470
6146591480
6146591500
6146591510
6146591520
6146591540
6146591550
6146591560
6146591570
6146591580
6146591590
6146591600
6146591610
6146591620
6146591630
6146591640
6146591650
6146591660
6146591680
6146591690
6146591710
6146591720
6146591730
6146591750
6146591770
6146591780
6146591790
6146591800
6146591810
6146591820
6146591840
6146591860
6146591890
6146591920
6146591930
6146591940
6146591970
6146591980
6146591990
6146592000
6146592010
6146592020
6146592030
6146592050
6146592070
6146592080
6146592090
6146592100
6146592120
6146592130
6146592140
6146592150
6146592160
6146592170
6146592180
6146592200
6146592210
6146592220
6146592230
6146592240
6146592260
6146592280
6146592290
6146592300
6146592310
6146592320
6146592330
6146592340
6146592350
6146592360
6146592380
6146592400
6146592410
6146592430
6146592440
6146592460
6146592470
6146592480
6146592490
6146592500
6146592520
6146592530
6146592540
6146592560
6146592580
6146592590
6146592600
6146592630
6146592650
6146592670
6146592680
6146592690
6146592700
6146592710
6146592730
6146592740
6146592750
6146592760
6146592780
6146592790
6146592800
6146592810
6146592820
6146592830
6146592840
6146592850
6146592860
6146592870
6146592880
6146592890
6146592900
6146592910
6146592920
6146592940
6146592950
6146592960
6146592970
6146592980
6146593000
6146593020
6146593030
6146593040
6146593060
6146593090
6146593100
6146593120
6146593130
6146593140
6146593150
6146593160
6146593170
6146593190
6146593200
6146593210
6146593220
6146593230
6146593240
6146593250
6146593260
6146593270
6146593290
6146593300
6146593310
6146593330
6146593360
6146593380
6146593390
6146593400
6146593410
6146593430
6146593440
6146593460
6146593470
6146593500
6146593510
6146593530
6146593560
6146593620
6146593630
6146593650
6146593660
6146593680
6146593690
6146593710
6146593720
6146593730
6146593760
6146593770
6146593780
6146593790
6146593800
6146593820
6146593830
6146593850
6146593870
6146593890
6146593900
6146593910
6146593920
6146593930
6146593970
6146593980
6146593990
6146594000
6146594010
6146594020
6146594030
6146594040
6146594060
6146594070
6146594080
6146594090
6146594100
6146594110
6146594120
6146594130
6146594140
6146594150
6146594170
6146594180
6146594190
6146594200
6146594210
6146594220
6146594230
6146594240
6146594250
6146594260
6146594270
6146594290
6146594300
6146594310
6146594320
6146594330
6146594340
6146594360
6146594370
6146594390
6146594400
6146594410
6146594440
6146594450
6146594480
6146594490
6146594500
6146594520
6146594530
6146594540
6146594550
6146594560
6146594570
6146594620
6146594650
6146594660
6146594670
6146594680
6146594700
6146594710
6146594730
6146594740
6146594760
6146594770
6146594790
6146594800
6146594810
6146594820
6146594830
6146594840
6146594850
6146594860
6146594890
6146594900
6146594910
6146594920
6146594930
6146594940
6146594950
6146594970
6146594990
6146595000
6146595010
6146595040
6146595060
6146595080
6146595090
6146595110
6146595130
6146595150
6146595160
6146595170
6146595200
6146595210
6146595220
6146595230
6146595240
6146595250
6146595260
6146595270
6146595280
6146595300
6146595310
6146595320
6146595330
6146595340
6146595370
6146595380
6146595390
6146595410
6146595420
6146595430
6146595470
6146595490
6146595500
6146595510
6146595520
6146595530
6146595540
6146595550
6146595560
6146595570
6146595580
6146595590
6146595600
6146595610
6146595620
6146595630
6146595650
6146595660
6146595670
6146595700
6146595710
6146595720
6146595740
6146595750
6146595760
6146595770
6146595780
6146595800
6146595820
6146595830
6146595840
6146595850
6146595860
6146595900
6146595910
6146595930
6146595950
6146595960
6146595970
6146596010
6146596020
6146596040
6146596050
6146596060
6146596070
6146596080
6146596090
6146596120
6146596140
6146596150
6146596160
6146596180
6146596190
6146596210
6146596230
6146596270
6146596290
6146596300
6146596330
6146596350
6146596360
6146596370
6146596390
6146596410
6146596420
6146596440
6146596470
6146596490
6146596500
6146596520
6146596530
6146596540
6146596590
6146596600
6146596660
6146596670
6146596680
6146596690
6146596700
6146596720
6146596740
6146596750
6146596790
6146596800
6146596810
6146596830
6146596840
6146596850
6146596860
6146596870
6146596880
6146596890
6146596910
6146596930
6146596940
6146596950
6146596960
6146596970
6146596990
6146597000
6146597010
6146597030
6146597040
6146597070
6146597120
6146597130
6146597150
6146597170
6146597180
6146597190
6146597210
6146597220
6146597290
6146597300
6146597340
6146597350
6146597360
6146597370
6146597410
6146597420
6146597430
6146597450
6146597460
6146597480
6146597490
6146597500
6146597590
6146597620
6146597650
6146597660
6146597700
6146597720
6146597840
6146597850
6146597860
6146597870
6146597930
6146597990
6146598010
6146598030
6146598050
6146598080
6146598100
6146598120
6146598150
6146598180
6146598200
6146598220
6146598260
6146598270
6146598310
6146598330
6146598340
6146598350
6146598370
6146598380
6146598390
6146598400
6146598420
6146598430
6146598440
6146598450
6146598460
6146598510
6146598530
6146598570
6146598630
6146598640
6146598650
6146598670
6146598690
6146598710
6146598770
6146598810
6146598830
6146598840
6146598850
6146598900
6146598920
6146598940
6146598960
6146599000
6146599010
6146599050
6146599060
6146599110
6146599140
6146599210
6146599250
6146599270
6146599310
6146599360
6146599380
6146599390
6146599410
6146599420
6146599500
6146599510
6146599540
6146599560
6146599590
6146599610
6146599640
6146599650
6146599720
6146599760
6146599770
6146599780
6146599800
6146599900
6146599930
6146600000
6146600010
6146600020
6146600050
6146600070
6146600080
6146600090
6146600110
6146600130
6146600150
6146600160
6146600190
6146600200
6146600210
6146600220
6146600230
6146600290
6146600300
6146600310
6146600340
6146600380
6146600390
6146600430
6146600440
6146600470
6146600490
6146600500
6146600510
6146600560
6146600590
6146600600
6146600650
6146600690
6146600700
6146600750
6146600790
6146600820
6146600830
6146600850
6146600870
6146600900
6146600920
6146600940
6146600960
6146600990
6146601000
6146601010
6146601040
6146601050
6146601080
6146601090
6146601100
6146601110
6146601140
6146601170
6146601180
6146601200
6146601240
6146601260
6146601270
6146601280
6146601290
6146601320
6146601340
6146601350
6146601370
6146601380
6146601410
6146601420
6146601430
6146601440
6146601450
6146601460
6146601470
6146601500
6146601520
6146601530
6146601540
6146601560
6146601590
6146601600
6146601630
6146601650
6146601660
6146601690
6146601700
6146601710
6146601720
6146601730
6146601740
6146601750
6146601800
6146601820
6146601850
6146601860
6146601880
6146601910
6146601920
6146601930
6146601940
6146601950
6146601970
6146601980
6146601990
6146602000
6146602010
6146602020
6146602030
6146602060
6146602070
6146602090
6146602120
6146602130
6146602160
6146602170
6146602200
6146602210
6146602220
6146602240
6146602260
6146602320
6146602330
6146602340
6146602360
6146602370
6146602380
6146602410
6146602420
6146602440
6146602450
6146602480
6146602490
6146602510
6146602520
6146602530
6146602540
6146602550
6146602560
6146602580
6146602600
6146602610
6146602620
6146602640
6146602650
6146602660
6146602670
6146602690
6146602720
6146602730
6146602750
6146602780
6146602800
6146602810
6146602820
6146602840
6146602870
6146602880
6146602910
6146602960
6146602980
6146603010
6146603050
6146603060
6146603070
6146603080
6146603090
6146603100
6146603110
6146603130
6146603160
6146603180
6146603190
6146603210
6146603260
6146603290
6146603320
6146603340
6146603360
6146603370
6146603380
6146603400
6146603410
6146603420
6146603430
6146603450
6146603460
6146603490
6146603550
6146603570
6146603580
6146603620
6146603640
6146603670
6146603700
6146603720
6146603730
6146603750
6146603760
6146603770
6146603780
6146603810
6146603830
6146603840
6146603850
6146603860
6146603870
6146603900
6146603910
6146603930
6146603940
6146603950
6146603960
6146603970
6146603980
6146604010
6146604030
6146604040
6146604050
6146604060
6146604090
6146604110
6146604130
6146604150
6146604160
6146604250
6146604270
6146604290
6146604320
6146604330
6146604350
6146604370
6146604410
6146604420
6146604430
6146604460
6146604500
6146604510
6146604520
6146604530
6146604540
6146604550
6146604590
6146604610
6146604620
6146604630
6146604640
6146604670
6146604700
6146604710
6146604730
6146604740
6146604750
6146604770
6146604780
6146604790
6146604800
6146604810
6146604830
6146604850
6146604880
6146604900
6146604930
6146604960
6146604980
6146605010
6146605030
6146605040
6146605050
6146605060
6146605080
6146605130
6146605150
6146605160
6146605170
6146605180
6146605210
6146605220
6146605230
6146605280
6146605290
6146605320
6146605330
6146605340
6146605360
6146605390
6146605410
6146605420
6146605430
6146605450
6146605460
6146605480
6146605490
6146605500
6146605520
6146605530
6146605570
6146605580
6146605650
6146605730
6146605760
6146605770
6146605790
6146605840
6146605890
6146605960
6146605990
6146606240
6146606260
6146606290
6146606320
6146606330
6146606350
6146606390
6146606500
6146606530
6146606540
6146606620
6146606630
6146606660
6146606690
6146606700
6146606730
6146606750
6146606820
6146606880
6146606930
6146606950
6146606970
6146607030
6146607060
6146607100
6146607130
6146607240
6146607320
6146607390
6146607500
6146607570
6146607600
6146607610
6146607720
6146607750
6146607770
6146607790
6146607810
6146607820
6146607830
6146607850
6146608000
6146608010
6146608040
6146608060
6146608070
6146608080
6146608090
6146608100
6146608110
6146608120
6146608130
6146608140
6146608150
6146608170
6146608180
6146608190
6146608250
6146608360
6146608370
6146608500
6146608530
6146608550
6146608570
6146608590
6146608610
6146608660
6146608680
6146608690
6146608700
6146608710
6146608720
6146608730
6146608740
6146608760
6146608770
6146608780
6146608790
6146608800
6146608820
6146608850
6146608860
6146608870
6146608890
6146608900
6146608910
6146608920
6146608930
6146608940
6146608960
6146609000
6146609010
6146609020
6146609030
6146609040
6146609050
6146609060
6146609070
6146609080
6146609090
6146609100
6146609110
6146609130
6146609140
6146609150
6146609160
6146609170
6146609190
6146609210
6146609220
6146609230
6146609240
6146609250
6146609260
6146609270
6146609280
6146609290
6146609300
6146609310
6146609320
6146609330
6146609350
6146609360
6146609370
6146609380
6146609410
6146609420
6146609430
6146609440
6146609450
6146609460
6146609470
6146609480
6146609490
6146609500
6146609510
6146609520
6146609540
6146609550
6146609560
6146609570
6146609580
6146609590
6146609600
6146609610
6146609630
6146609640
6146609650
6146609670
6146609680
6146609700
6146609720
6146609740
6146609750
6146609760
6146609780
6146609790
6146609810
6146609820
6146609830
6146609840
6146609850
6146609860
6146609870
6146609880
6146609890
6146609900
6146609910
6146609940
6146609950
6146609960
6146609970
6146609980
6146609990
6146610000
6146610010
6146610020
6146610030
6146610040
6146610050
6146610060
6146610070
6146610080
6146610090
6146610100
6146610130
6146610150
6146610160
6146610170
6146610190
6146610200
6146610240
6146610260
6146610270
6146610280
6146610290
6146610300
6146610310
6146610320
6146610350
6146610360
6146610370
6146610380
6146610400
6146610410
6146610420
6146610440
6146610450
6146610460
6146610470
6146610480
6146610490
6146610500
6146610510
6146610520
6146610560
6146610580
6146610590
6146610640
6146610650
6146610660
6146610670
6146610690
6146610700
6146610710
6146610740
6146610750
6146610770
6146610790
6146610800
6146610830
6146610850
6146610880
6146610890
6146610900
6146610920
6146610930
6146610940
6146610950
6146610980
6146610990
6146611000
6146611010
6146611030
6146611050
6146611070
6146611080
6146611090
6146611100
6146611110
6146611120
6146611130
6146611140
6146611150
6146611170
6146611180
6146611190
6146611200
6146611210
6146611230
6146611240
6146611270
6146611300
6146611310
6146611340
6146611350
6146611380
6146611390
6146611410
6146611430
6146611440
6146611450
6146611500
6146611520
6146611530
6146611570
6146611580
6146611610
6146611620
6146611660
6146611670
6146611690
6146611700
6146611710
6146611730
6146611740
6146611780
6146611800
6146611840
6146611850
6146611860
6146611880
6146611890
6146611900
6146611910
6146611920
6146611930
6146611950
6146612000
6146612010
6146612030
6146612040
6146612050
6146612090
6146612110
6146612150
6146612170
6146612180
6146612220
6146612260
6146612290
6146612320
6146612330
6146612340
6146612350
6146612360
6146612380
6146612390
6146612400
6146612430
6146612440
6146612460
6146612470
6146612480
6146612490
6146612510
6146612540
6146612550
6146612590
6146612630
6146612660
6146612680
6146612690
6146612700
6146612740
6146612780
6146612790
6146612830
6146612860
6146612890
6146612920
6146612950
6146612960
6146612970
6146613000
6146613010
6146613020
6146613030
6146613070
6146613080
6146613110
6146613120
6146613140
6146613150
6146613160
6146613170
6146613200
6146613220
6146613240
6146613250
6146613260
6146613270
6146613300
6146613320
6146613350
6146613360
6146613370
6146613380
6146613410
6146613420
6146613460
6146613470
6146613480
6146613490
6146613500
6146613510
6146613520
6146613530
6146613540
6146613550
6146613570
6146613580
6146613590
6146613610
6146613630
6146613650
6146613670
6146613730
6146613740
6146613750
6146613780
6146613790
6146613800
6146613810
6146613850
6146613870
6146613900
6146613920
6146613960
6146613980
6146613990
6146614000
6146614010
6146614020
6146614030
6146614040
6146614060
6146614080
6146614090
6146614100
6146614120
6146614130
6146614140
6146614160
6146614170
6146614180
6146614190
6146614200
6146614210
6146614220
6146614230
6146614240
6146614250
6146614260
6146614270
6146614280
6146614290
6146614300
6146614310
6146614320
6146614330
6146614340
6146614350
6146614360
6146614370
6146614380
6146614390
6146614400
6146614410
6146614420
6146614430
6146614440
6146614450
6146614460
6146614470
6146614480
6146614490
6146614500
6146614510
6146614520
6146614530
6146614540
6146614550
6146614560
6146614580
6146614610
6146614620
6146614630
6146614640
6146614650
6146614660
6146614690
6146614700
6146614710
6146614720
6146614730
6146614750
6146614760
6146614770
6146614790
6146614800
6146614810
6146614830
6146614840
6146614850
6146614860
6146614870
6146614900
6146614910
6146614930
6146614940
6146614950
6146614960
6146614980
6146614990
6146615000
6146615010
6146615020
6146615030
6146615040
6146615050
6146615070
6146615080
6146615090
6146615100
6146615110
6146615120
6146615130
6146615140
6146615150
6146615160
6146615170
6146615190
6146615200
6146615210
6146615220
6146615230
6146615240
6146615250
6146615260
6146615290
6146615300
6146615310
6146615320
6146615330
6146615340
6146615350
6146615370
6146615390
6146615400
6146615410
6146615420
6146615430
6146615450
6146615460
6146615470
6146615480
6146615490
6146615500
6146615520
6146615530
6146615540
6146615550
6146615560
6146615570
6146615580
6146615590
6146615600
6146615610
6146615620
6146615630
6146615640
6146615650
6146615660
6146615670
6146615680
6146615690
6146615700
6146615710
6146615720
6146615740
6146615750
6146615760
6146615770
6146615780
6146615790
6146615800
6146615810
6146615820
6146615830
6146615840
6146615860
6146615880
6146615900
6146615910
6146615920
6146615930
6146615940
6146615950
6146615960
6146615970
6146615980
6146615990
6146616000
6146616010
6146616030
6146616040
6146616050
6146616060
6146616070
6146616080
6146616090
6146616100
6146616110
6146616120
6146616140
6146616170
6146616180
6146616190
6146616200
6146616220
6146616240
6146616260
6146616270
6146616290
6146616300
6146616320
6146616370
6146616380
6146616400
6146616430
6146616450
6146616470
6146616480
6146616510
6146616520
6146616530
6146616570
6146616610
6146616620
6146616630
6146616640
6146616650
6146616660
6146616670
6146616680
6146616690
6146616700
6146616720
6146616750
6146616760
6146616780
6146616800
6146616810
6146616820
6146616840
6146616860
6146616870
6146616880
6146616900
6146616910
6146616920
6146616930
6146616950
6146616970
6146616980
6146616990
6146617000
6146617010
6146617030
6146617040
6146617050
6146617080
6146617100
6146617130
6146617150
6146617180
6146617190
6146617200
6146617210
6146617220
6146617230
6146617260
6146617300
6146617310
6146617320
6146617330
6146617340
6146617350
6146617440
6146617450
6146617460
6146617470
6146617480
6146617500
6146617510
6146617520
6146617530
6146617540
6146617550
6146617580
6146617600
6146617610
6146617620
6146617630
6146617650
6146617670
6146617680
6146617700
6146617710
6146617720
6146617730
6146617750
6146617760
6146617770
6146617780
6146617790
6146617840
6146617860
6146617870
6146617890
6146617900
6146617910
6146617920
6146617930
6146617950
6146617960
6146617970
6146617990
6146618010
6146618030
6146618080
6146618090
6146618120
6146618140
6146618160
6146618170
6146618180
6146618200
6146618210
6146618220
6146618230
6146618240
6146618250
6146618260
6146618270
6146618280
6146618290
6146618300
6146618310
6146618320
6146618330
6146618340
6146618350
6146618360
6146618370
6146618380
6146618390
6146618400
6146618410
6146618460
6146618470
6146618480
6146618500
6146618520
6146618530
6146618550
6146618570
6146618580
6146618590
6146618600
6146618610
6146618620
6146618630
6146618640
6146618650
6146618660
6146618680
6146618690
6146618720
6146618730
6146618750
