6049986555
6050457355
6050778635
6050782635
6051127375
6051820825
6052607125
6052874635
6053485505
6053787375
6055842435
6056684995
6056928005
6057368245
6057654585
6058691655
6058845855
6059218485
6059338385
6059600715
6064479785
6065053385
6065241805
6065599215
6065605805
6065606285
6065607495
6065920115
6066342585
6067003255
6067003285
6067003295
6067003325
6067003335
6067003345
6067003355
6067003365
6067003375
6067003385
6067003395
6067003415
6067003435
6067003445
6067003455
6067003475
6067539835
6067542925
6067747955
6067748385
6067849125
6068041295
6068864355
6069320595
6069320945
6069503465
6069503775
6069504695
6070759555
6070827885
6070910565
6071526525
6072255435
6072491105
6072493235
6072502215
6072628025
6072660545
6072711175
6072725325
6072763355
6072763495
6072765365
6072765505
6072770865
6072774345
6072798405
6072826385
6072826785
6072828715
6072881975
6072917195
6072973075
6073005605
6073133435
6073241015
6073242575
6073395065
6073396185
6073452375
6073485635
6073485645
6073494055
6073494995
6073497285
6073498765
6073650905
6073850495
6073872755
6073872785
6073872915
6073880685
6073881005
6073889575
6073889785
6073890405
6073890935
6073905655
6073906175
6073910835
6073911865
6074117885
6074274945
6074413245
6074413305
6074719765
6074762155
6074793705
6074794735
6074795195
6074822985
6074824615
6074824905
6074825045
6074829795
6074829915
6074836385
6074838295
6074840365
6074840535
6074840745
6074848405
6074938355
6074938595
6074997965
6075012715
6075313565
6075605405
6075612635
6075641715
6075643395
6076060755
6076109055
6076410115
6076413455
6076436445
6076437085
6076769325
6078044755
6078047315
6078052175
6078491635
6078491925
6078492275
6078709895
6078843415
6079171325
6079179595
6079180975
6079182615
6079183425
6079189315
6079229895
6079291435
6079541795
6079863415
6079863495
6080063165
6080063335
6080063415
6080068065
6080071135
6080072235
6080074135
6080074495
6080076665
6080079695
6080080055
6080128705
6080159885
6080195875
6080220405
6080221725
6080592355
6080779245
6080794885
6080797415
6080797845
6080800005
6081103245
6081151915
6081160965
6081379425
6081396385
6081397895
6081398055
6081398165
6081398295
6081398525
6081399045
6081399515
6081399635
6081404375
6081404535
6081408835
6081410475
6081412185
6081415175
6081420255
6081422425
6081427485
6081431885
6081437705
6081492485
6081492525
6081507385
6082032525
6082410075
6082415575
6082666795
6082676915
6082676935
6082677015
6082677115
6082677125
6082677185
6082677235
6082677305
6082677315
6083135925
6083437445
6083438275
6083445345
6083446615
6084208985
6084245075
6084374385
6084443655
6084444125
6084446225
6084448755
6084461735
6084477465
6085369705
6085411525
6085435545
6085436235
6085437075
6085437205
6085438285
6085439295
6085439435
6085439825
6085440825
6085442425
6085442495
6085442615
6085442665
6085442705
6085442925
6085442965
6085443455
6085443545
6085443595
6085443875
6085444025
6085444055
6085444175
6085444225
6085444355
6085444555
6085444955
6085445045
6085445105
6085445275
6085445285
6085445345
6085445375
6085446455
6085446745
6085447645
6085450355
6085450405
6085452355
6085453255
6085453415
6085453615
6085454145
6085455635
6085456405
6085456945
6085457195
6085464835
6085846415
6086179295
6086179355
6086179375
6086179415
6086179445
6086179455
6086179485
6086179525
6086179625
6086179635
6086179645
6086376565
6086693955
6086699535
6086699595
6086702245
6086707235
6086710955
6086711195
6086712935
6086720515
6087594915
6087596705
6087597565
6087597675
6087599025
6087599635
6087599895
6087600455
6087601565
6087601595
6087602045
6088321115
6088321145
6088359925
6088396765
6088398945
6088398995
6088400155
6088400275
6088410875
6088416625
6088417035
6088418115
6088418225
6088419295
6088424685
6088427805
6088681595
6088684645
6088688815
6089313305
6089313545
6089317095
6089321445
6089324605
6089333935
6089334115
6089335575
6089335835
6089340425
6089341155
6089343325
6089343955
6089404735
6089533495
6089574055
6090002795
6090078175
6090342545
6090550195
6091238175
6091268755
6091275705
6091299065
6091299525
6091301605
6091302475
6091303245
6091303265
6091303435
6091305535
6091305865
6091313905
6091315985
6091324025
6091331815
6091333405
6091335065
6091484735
6091500775
6091774685
6092199745
6092327225
6092529165
6092529175
6092531935
6092532285
6092533945
6092535275
6092540715
6092545965
6092546995
6092547685
6092553235
6092554955
6092556975
6092558345
6092559825
6092560415
6092561665
6092759375
6092905545
6092949645
6092961065
6092980665
6093106715
6093340035
6093340055
6093340415
6093340535
6093340715
6093346185
6093348455
6093348485
6093348825
6093349015
6093349785
6093350035
6093350265
6093350725
6093351325
6093351965
6093352965
6093352995
6093353435
6093353795
6093354145
6093354445
6093354965
6093355415
6093355505
6093355845
6093356205
6093357645
6093358425
6093360315
6093360725
6093360995
6093361105
6093361135
6093361675
6093361735
6093361965
6093362135
6093362165
6093362335
6093362775
6093362905
6093363115
6093363275
6093364025
6093365555
6093366815
6093366955
6093370275
6093370575
6093370905
6093372535
6093372955
6093373515
6093373765
6093373925
6093374055
6093375035
6093375185
6093375215
6093375375
6093375775
6093375905
6093376485
6093377575
6093378195
6093378785
6093378855
6093378865
6093378965
6093379555
6093379615
6093379645
6093379895
6093380575
6093381495
6093381875
6093382255
6093383545
6093383735
6093383795
6093383815
6093383855
6093383885
6093384045
6093384315
6093384335
6093384485
6093384575
6093384925
6093385015
6093385265
6093385305
6093385895
6093386155
6093386235
6093386265
6093386425
6093386455
6093386905
6093386925
6093387095
6093387275
6093387295
6093387385
6093387595
6093387635
6093387715
6093387875
6093409265
6093478265
6093696145
6093698965
6093699075
6093744325
6093746445
6093864885
6094081575
6094236055
6094236505
6094236845
6094363115
6094363305
6094391915
6094392645
6094423945
6094424305
6094424375
6094429645
6094431825
6094431865
6094432195
6094432725
6094433945
6094433975
6094548415
6094723305
6094808465
6094939465
6095432745
6095478335
6095560005
6095560595
6095562425
6095564925
6095567565
6095569815
6095570405
6095573635
6095574475
6095577745
6095580255
6095581875
6095589185
6095590725
6095590935
6095597015
6095600895
6095738395
6096012015
6096197075
6096197755
6096714865
6096731125
6096731675
6096731925
6096732225
6096734125
6096734455
6096734615
6096736155
6096736215
6096736435
6096738415
6096740135
6096740585
6096741925
6096742415
6096756075
6097611525
6097671535
6097671775
6097671975
6097671985
6097675305
6097675475
6097677005
6097677055
6097677065
6097678985
6097842805
6097960435
6098491155
6098499805
6098542555
6098543465
6098543935
6098545635
6098546795
6098547335
6098547835
6098548765
6098549355
6098550945
6098552225
6098552275
6098552845
6098553975
6098554355
6098555985
6098558805
6098562105
6099287985
6099288475
6099368455
6099369545
6099375495
6099377035
6099378835
6099527005
6099527145
6099529475
6099534565
6099534785
6099537445
6099538355
6099538475
6099540595
6099541365
6099543625
6099545275
6099546455
6099547235
6099547305
6099550955
6099551565
6099551975
6099553015
6099557945
6099559575
6099560435
6099561825
6099562485
6099563265
6099563305
6099563865
6099564615
6099564705
6099564985
6099566665
6099567315
6099576455
6099576535
6099655695
6099656935
6099657235
6099706735
6099707105
6100207455
6100322025
6100346465
6100349185
6100386025
6100408575
6100411055
6100420915
6100421805
6100422135
6100441665
6100524585
6100613335
6100686285
6100759675
6100762335
6100805435
6100806185
6100868245
6101004275
6101128275
6101137955
6101138245
6101181465
6101195055
6101195105
6101195125
6101195245
6101195485
6101195495
6101196465
6101196565
6101198075
6101198195
6101199065
6101202145
6101203335
6101206575
6101206585
6101206605
6101207015
6101208645
6101209335
6101209565
6101210135
6101214565
6101215865
6101227625
6101229265
6101229795
6101229985
6101231075
6101232865
6101233045
6101233955
6101296645
6101483275
6101483635
6101496865
6101573765
6101898815
6102486785
6102501895
6102502075
6102567765
6102617685
6102618045
6102621065
6102622155
6102622355
6102631415
6102634205
6102635245
6102637305
6102639875
6102640175
6102640505
6102641325
6102644315
6102644485
6102646075
6102646405
6102646845
6102646855
6102648305
6102648815
6102880125
6102881285
6102960105
6103103565
6103176885
6103337405
6103472385
6103585475
6103769295
6103908645
6103910155
6103912665
6103912835
6103913525
6103915925
6103916805
6103917065
6103918285
6103919025
6103920675
6103921345
6103921685
6103921705
6103922105
6104333645
6104813805
6104977065
6104980335
6105662215
6105699815
6105701575
6105701765
6105742395
6105745735
6105749215
6105794835
6105795225
6105795575
6105796345
6105800285
6105800925
6105801815
6105802015
6105802555
6105802855
6105803295
6105804745
6105805015
6105805885
6105806035
6105808065
6105808375
6105808435
6105809615
6105809685
6105812105
6105812445
6105814395
6105818565
6105819955
6105819995
6105821255
6105821985
6105822155
6105823395
6105824155
6105826715
6105828985
6105835725
6105894455
6106054805
6106200165
6106256545
6106259495
6106355615
6106361375
6106952825
6106971245
6106971415
6106972775
6106973595
6106974045
6106974055
6106974275
6106974505
6106974565
6106975065
6106975155
6106975185
6106975235
6106975445
6106975575
6106975755
6106975815
6106977775
6106979295
6106979305
6106981235
6106983925
6106983995
6106984125
6106984175
6106984375
6106985315
6106986375
6106986455
6106987475
6106988355
6106989405
6106990535
6106990905
6106992785
6106994105
6106994795
6106995295
6106996155
6106997105
6106997335
6106997525
6106997765
6106998405
6106998525
6106999205
6106999565
6107070205
6107070735
6107439285
6107542995
6107774385
6107780245
6107844935
6107864845
6107951995
6108052975
6108062375
6108068955
6108165255
6108165315
6108165665
6108166625
6108166695
6108167715
6108175625
6108175855
6108175945
6108175975
6108178895
6108179015
6108179095
6108179145
6108180005
6108180155
6108180715
6108180765
6108180775
6108181775
6108185505
6108210735
6108211465
6108212265
6108226705
6108227865
6108269235
6108270365
6108677085
6108743025
6108846625
6109060615
6109078335
6109139665
6109241745
6109243145
6109483825
6109483845
6109483965
6109484005
6109588605
6109588685
6109590145
6109590475
6109624085
6109625025
6109626155
6109627535
6109628115
6109786925
6109789135
6109897955
6110017055
6110058025
6110097565
6110097715
6110105825
6110105955
6110105975
6110107355
6110196115
6110198285
6110199055
6110199825
6110200645
6110201705
6110202035
6110202205
6110202875
6110202925
6110202945
6110204015
6110204425
6110204995
6110205425
6110206555
6110206625
6110206695
6110206925
6110207935
6110208085
6110208305
6110208385
6110209475
6110209555
6110211285
6110212075
6110212425
6110212635
6110212715
6110212775
6110213255
6110217315
6110407355
6110454255
6110525655
6111145895
6111146185
6111146535
6111147875
6111148015
6111150645
6111154305
6111154465
6111154885
6111154915
6111156615
6111156825
6111156845
6111157745
6111158195
6111158205
6111158225
6111158395
6111159155
6111159585
6111164795
6111164815
6111164825
6111164845
6111164855
6111164865
6111164875
6111164895
6111164915
6111164925
6111164935
6111164945
6111164985
6111165005
6111165045
6111165065
6111165085
6111165105
6111165145
6111165165
6111165185
6111165225
6111165245
6111165265
6111165285
6111165305
6111165345
6111165425
6111165445
6111165465
6111165485
6111165565
6111165585
6111165605
6111165645
6111165665
6111165685
6111165705
6111165725
6111165765
6111165785
6111165865
6111165925
6111165945
6111165965
6111165985
6111166005
6111166025
6111166045
6111166065
6111166125
6111166185
6111166245
6111166285
6111166305
6111166325
6111166345
6111166365
6111166405
6111166465
6111166485
6111166505
6111166525
6111166545
6111166565
6111166585
6111166625
6111166665
6111166685
6111166705
6111166885
6111166905
6111166925
6111166945
6111166965
6111166985
6111167065
6111167105
6111167125
6111167145
6111167205
6111167225
6111167245
6111167265
6111167285
6111167305
6111167425
6111167445
6111167485
6111167525
6111167565
6111167605
6111167645
6111167685
6111167745
6111167765
6111167785
6111167825
6111167865
6111167885
6111167905
6111167925
6111167945
6111168025
6111168045
6111168065
6111168085
6111168185
6111168205
6111168225
6111168265
6111168285
6111168305
6111168345
6111168365
6111168385
6111168405
6111168465
6111168485
6111168525
6111168585
6111168665
6111168685
6111168765
6111168805
6111168825
6111168845
6111168905
6111168945
6111168965
6111168985
6111169005
6111169045
6111169205
6111169225
6111169245
6111169265
6111169285
6111169325
6111169345
6111169405
6111169465
6111169505
6111169525
6111169545
6111169565
6111169645
6111169665
6111169685
6111169725
6111169745
6111169765
6111169785
6111169825
6111169885
6111169905
6111169925
6111169945
6111169965
6111170045
6111170065
6111170085
6111170105
6111170145
6111170165
6111170185
6111170205
6111170265
6111170305
6111170325
6111170345
6111170445
6111170485
6111170505
6111170525
6111170545
6111170645
6111170665
6111170705
6111170765
6111170785
6111170805
6111170865
6111170885
6111170905
6111171005
6111171045
6111171065
6111171085
6111171125
6111171145
6111171185
6111171245
6111171285
6111171305
6111171365
6111171385
6111171425
6111171445
6111171485
6111171505
6111171525
6111171545
6111171565
6111171605
6111171625
6111171765
6111171845
6111171885
6111171985
6111172005
6111172025
6111172045
6111172065
6111172085
6111172145
6111172165
6111172225
6111172245
6111172265
6111172305
6111172325
6111172345
6111172365
6111172425
6111172445
6111172545
6111172605
6111172645
6111172665
6111172685
6111172765
6111172805
6111172825
6111172885
6111173065
6111173085
6111173125
6111173145
6111173185
6111173205
6111173245
6111173285
6111173325
6111173345
6111173365
6111173385
6111173405
6111173445
6111173465
6111173505
6111175095
6111176295
6111304045
6111351395
6111399005
6111436425
6111588785
6111599485
6111815215
6112163925
6112231835
6112268915
6112268985
6112268995
6112269965
6112269995
6112270125
6112270185
6112270565
6112271865
6112271995
6112273175
6112273995
6112274245
6112274495
6112275155
6112275655
6112275885
6112746465
6112778115
6112803035
6113049505
6113195175
6113370245
6113370315
6113370395
6113370535
6113370995
6113372495
6113374065
6113374755
6113375075
6113378925
6113379215
6113381825
6113382355
6113382605
6113382915
6113382955
6113383055
6113384695
6113385105
6113385605
6113385975
6113386095
6113387575
6113387655
6113389585
6113389745
6113390485
6113390875
6113391045
6113391875
6113391895
6113392415
6113392505
6113392555
6113394875
6113395545
6113397615
6113469595
6113471975
6113576615
6113576855
6113719705
6113773365
6113773515
6113971005
6114160955
6114161665
6114203685
6114362765
6114367025
6114376475
6114412995
6114413435
6114420165
6114431985
6114437115
6114459105
6114459495
6114474675
6114476895
6114478605
6114479075
6114479455
6114479795
6114479835
6114480825
6114480945
6114481015
6114481375
6114483975
6114484805
6114485115
6114486655
6114488845
6114489495
6114491335
6114491925
6114492285
6114492305
6114492315
6114492735
6114492795
6114493365
6114494635
6114496055
6114496315
6114496885
6114497235
6114497525
6114498965
6114499225
6114499235
6114499645
6114501765
6114502355
6114502515
6114503805
6114503815
6114508765
6114831235
6115224905
6115240265
6115346875
6115459935
6115467525
6115467545
6115485475
6115514145
6115527395
6115543515
6115632715
6115633735
6115634105
6115635025
6115635375
6115635495
6115636325
6115636845
6115637125
6115638685
6115640035
6115641325
6115645765
6115647535
6115647995
6116001655
6116656615
6116799995
6116806895
6116810765
6116858645
6116884455
6116884525
6116884535
6116884715
6116887155
6116887485
6116887965
6116888305
6116888565
6116890505
6116890875
6116891235
6116892485
6116892915
6116893355
6116893625
6116893965
6116894715
6116894935
6116899035
6116899565
6116902235
6116903085
6116903165
6116903305
6116904705
6116905535
6116906545
6116907865
6116908165
6116908185
6116908215
6116908685
6116909125
6116910285
6116911735
6116912155
6116912325
6116915275
6116917515
6116917925
6116919705
6116919955
6116920005
6116920125
6116921075
6116921195
6116921595
6116921845
6116921875
6116922185
6116922515
6116922945
6116923315
6116923375
6116923425
6116923435
6116923685
6116924385
6116924455
6116924795
6116924835
6116925045
6116925455
6116925555
6116925575
6116925965
6116926165
6116926315
6116926965
6116927195
6116927355
6116927405
6116927575
6116927825
6116928185
6116928815
6116929055
6116929125
6116929145
6116929985
6116930005
6116930015
6116930115
6116930705
6116930865
6116931165
6116931325
6116931485
6116932165
6116933125
6116933305
6116933365
6116933725
6116933755
6116933845
6116933935
6116934255
6116934665
6116934795
6116935025
6116935105
6116935245
6116935425
6116935635
6116936105
6116936445
6116936725
6116936885
6116937315
6116937935
6116938025
6116938075
6116938085
6116938205
6116938405
6116938695
6116938875
6116938895
6116939155
6116939575
6116940395
6116940625
6116940955
6116941915
6116942195
6116942665
6116942975
6116943165
6116943415
6116943485
6116943635
6116943995
6116944165
6116944555
6116944605
6116945215
6116945865
6116946125
6116946205
6116946295
6116946455
6116946495
6116946505
6116946585
6116946615
6116946785
6116946855
6116947105
6116947275
6116947435
6116947725
6116947775
6116947985
6116948185
6116948355
6116948475
6116948555
6116949065
6116949255
6116949375
6116949595
6116949705
6116949755
6116949785
6117419145
6117419155
6117426175
6117707715
6117980555
6118021965
6118033825
6118048155
6118064115
6118082985
6118083025
6118083345
6118083465
6118084135
6118084455
6118084595
6118084655
6118085045
6118085945
6118086925
6118087085
6118089705
6118090335
6118091185
6118091245
6118091255
6118091705
6118091735
6118092055
6118092255
6118092305
6118092345
6118092415
6118092715
6118092735
6118092955
6118093065
6118093295
6118093645
6118094265
6118094435
6118094585
6118094865
6118095825
6118099645
6118100175
6118100745
6118101065
6118101305
6118102555
6118102785
6118102825
6118103015
6118103135
6118103145
6118103835
6118103875
6118103995
6118104005
6118104035
6118104125
6118104525
6118106215
6118106375
6118106425
6118106625
6118106725
6118107095
6118107915
6118108805
6118108825
6118108855
6118109055
6118109375
6118110915
6118112555
6118130715
6118408335
6118590635
6118724365
6118769195
6118869485
6118873465
6118955305
6118957065
6118957345
6118957675
6118958265
6118958835
6118960045
6118961295
6118961505
6118964825
6118965205
6118966095
6118967015
6118967595
6118971545
6118972665
6118973645
6118979245
6118979445
6118980465
6118982115
6118986725
6118987555
6118987635
6118988105
6118988185
6118988325
6118988695
6118991105
6118991715
6118992725
6118995925
6118997735
6118999195
6119005375
6119005865
6119029685
6119122095
6119139675
6119338175
6119460625
6119565785
6119580015
6119849475
6119888565
6119899955
6119900205
6119912305
6119940815
6119940985
6119942625
6119942815
6119948055
6119954015
6119954105
6119954905
6119955275
6119955285
6119956355
6119956445
6119956635
6119956865
6119957005
6119957265
6119958235
6119959195
6119959645
6119959775
6119960215
6119960305
6119962005
6119962215
6119962455
6119963685
6119963865
6119964175
6119964555
6119964665
6119964875
6119965655
6119967615
6119974145
6120641655
6120679095
6120731855
6121023415
6121025415
6121031545
6121064115
6121065075
6121065405
6121065515
6121065845
6121066265
6121066405
6121067705
6121068105
6121068315
6121068385
6121069395
6121070875
6121071005
6121071185
6121071835
6121072415
6121072835
6121074445
6121074525
6121075765
6121076345
6121077545
6121080275
6121080425
6121083005
6121085715
6121087305
6121089675
6121090785
6121091055
6121091345
6121093535
6121095695
6121097275
6121098375
6121098905
6121099885
6121102735
6121103935
6121104285
6121106225
6121109905
6121110185
6121114725
6121117425
6121117715
6121118065
6121119695
6121122785
6121123845
6121124655
6121131895
6121135035
6121258445
6121384875
6121415325
6121428895
6121702165
6121776045
6121804485
6121936055
6122037835
6122133675
6122175305
6122209015
6122228255
6122241005
6122280365
6122280375
6122280525
6122282245
6122282335
6122283345
6122283365
6122287415
6122288205
6122288565
6122289515
6122289855
6122289935
6122290505
6122290805
6122290825
6122291785
6122293295
6122293655
6122294485
6122295335
6122297855
6122298545
6122299435
6122300195
6122300385
6122304655
6122305575
6122305645
6122305785
6122306095
6122306365
6122307635
6122307935
6122309115
6122309455
6122309475
6122309545
6122310185
6122311675
6122312225
6122478725
6122479125
6122482355
6122682895
6122747985
6122871325
6122930105
6122940085
6122941875
6122968645
6123071475
6123229195
6123378785
6123381125
6123381505
6123382615
6123385755
6123387575
6123395045
6123437855
6123437935
6123440845
6123444965
6123541655
6123802625
6123883175
6123890505
6124089545
6124132855
6124185575
6124248985
6124249975
6124250325
6124323805
6124645665
6124656125
6124656325
6124656335
6124657015
6124657645
6124657735
6124657825
6124657875
6124658135
6124660155
6124660165
6124660575
6124661035
6124661095
6124662265
6124663335
6124666225
6124666485
6124666495
6124667775
6124667805
6124668505
6124668645
6124669475
6124669565
6124669885
6124671235
6124671245
6124671995
6124672205
6124672515
6124673495
6124674505
6124676075
6124676665
6124677135
6124677175
6124677195
6124677205
6124677215
6124677235
6124677255
6124677265
6124677345
6124677375
6124677385
6124677395
6124677405
6124677415
6124677465
6124677475
6124677495
6124677505
6124677645
6124677815
6124679695
6124679785
6124680375
6124681555
6124683125
6124683475
6124684645
6124686175
6124688035
6124688715
6124717635
6124892025
6124898615
6124968075
6125114375
6125121535
6125339235
6125340225
6125343645
6125699525
6125753325
6125777425
6125777535
6125777615
6125778365
6125778425
6125778435
6125778655
6125779205
6125779585
6125779715
6125779865
6125780165
6125780935
6125781095
6125781365
6125782435
6125782465
6125783555
6125784625
6125784745
6125785865
6125786095
6125786235
6125786515
6125787405
6125787465
6125787775
6125787935
6125788015
6125788115
6125788415
6125788445
6125788515
6125788525
6125788605
6125788735
6125788745
6125788755
6125788785
6125789045
6125789325
6125790055
6125790525
6125790755
6125791075
6125791165
6125791365
6125791475
6125791835
6125791955
6125793415
6125793635
6125793825
6125794145
6125794695
6125794825
6125794885
6125795235
6125796005
6125796165
6125796315
6125796665
6125796755
6125796875
6125798415
6125798515
6125798585
6125798625
6125798645
6125798725
6125798815
6125798975
6125798995
6125799495
6125800105
6125800135
6125800145
6125800545
6125800585
6125800665
6125800675
6125800705
6125801135
6125802305
6125803675
6125804045
6125804845
6125808565
6125977555
6126201435
6126232535
6126270635
6126530175
6126530885
6126761515
6126884995
6126888825
6126888875
6126889445
6126889505
6126889725
6126889825
6126890315
6126890405
6126890495
6126890895
6126890905
6126891045
6126891095
6126891195
6126891305
6126892105
6126892125
6126892725
6126892765
6126892955
6126892975
6126893405
6126893555
6126893815
6126895725
6126895965
6126896095
6126896825
6126896985
6126898995
6126899585
6126899685
6126899755
6126899865
6126900315
6126900465
6126900665
6126901355
6126901595
6126901835
6126901925
6126903115
6126905225
6126905915
6126905975
6126906345
6126906595
6126906775
6126907115
6126908055
6126910465
6126910535
6126910635
6126910675
6126910775
6126910935
6126915435
6126916055
6126916725
6126916735
6126917025
6126917235
6127004615
6127040405
6127136765
6127153125
6127255785
6127341995
6127520335
6127591715
6127867895
6127878265
6127883245
6127883715
6127888525
6127889965
6127895015
6127895725
6127895975
6127897005
6127898695
6127899455
6127903245
6128288945
6128301615
6128308595
6128372985
6128415375
6128416475
6128620195
6128717215
6128721725
6128918335
6128941305
6128969195
6128995335
6128995665
6128996205
6128996335
6128996405
6128996525
6128997095
6128997185
6128997195
6128997825
6128998105
6128998575
6128998595
6128998715
6128998755
6128998855
6128999685
6129000735
6129000805
6129001095
6129001605
6129001735
6129001755
6129001765
6129002075
6129002125
6129002525
6129002925
6129003045
6129003705
6129004765
6129004925
6129006445
6129007365
6129007375
6129007655
6129008355
6129009145
6129009195
6129009485
6129009885
6129010445
6129010865
6129012495
6129013165
6129013295
6129013375
6129013465
6129013495
6129014045
6129014095
6129014625
6129016055
6129016155
6129016725
6129016815
6129016975
6129018785
6129019135
6129019175
6129019195
6129019485
6129021035
6129021545
6129021685
6129026135
6129028645
6129029365
6129029905
6129030165
6129030395
6129033795
6129036255
6129036575
6129038225
6129038735
6129039635
6129040025
6129040875
6129047445
6129079525
6129079545
6129241905
6129305455
6129306975
6129319535
6129503305
6129516705
6129644755
6129665835
6129828065
6129989065
6130006915
6130122405
6130122635
6130125995
6130127165
6130129165
6130130405
6130131225
6130132795
6130133725
6130137335
6130139385
6130153015
6130153685
6130175395
6130204815
6130205625
6130205635
6130205655
6130205715
6130205745
6130206045
6130206385
6130206545
6130206635
6130206935
6130207155
6130207245
6130207255
6130207275
6130207285
6130207365
6130208255
6130208375
6130209345
6130209555
6130210745
6130211065
6130211215
6130214335
6130215825
6130215885
6130216445
6130216595
6130217195
6130217765
6130218985
6130220145
6130220165
6130220175
6130220265
6130220625
6130221975
6130222265
6130222655
6130222915
6130223145
6130223995
6130224065
6130225165
6130226745
6130227155
6130227185
6130227275
6130228955
6130229105
6130229845
6130230085
6130232135
6130233775
6130239225
6130240685
6130271035
6130387535
6130447695
6130857745
6130883655
6130883825
6130909405
6131077975
6131079945
6131171055
6131231555
6131233675
6131310575
6131311695
6131352955
6131353045
6131354125
6131354655
6131355015
6131355175
6131355185
6131355205
6131355345
6131355355
6131355365
6131355385
6131355395
6131355405
6131355415
6131355455
6131355495
6131355505
6131355565
6131355615
6131355975
6131356245
6131356335
6131356415
6131357315
6131357485
6131357515
6131357705
6131358395
6131359125
6131360255
6131360405
6131360885
6131364585
6131364925
6131368165
6131368175
6131368315
6131368435
6131369685
6131630785
6131843295
6132130535
6132150035
6132214885
6132215225
6132318485
6132359095
6132361675
6132361705
6132361755
6132362045
6132362635
6132363565
6132364595
6132364635
6132365025
6132366145
6132366585
6132367535
6132367865
6132368005
6132368295
6132369375
6132369595
6132370465
6132370535
6132371445
6132371595
6132372125
6132372385
6132372855
6132373045
6132373135
6132374605
6132374685
6132375015
6132375255
6132376495
6132376515
6132376875
6132377115
6132377375
6132377505
6132377525
6132377735
6132377985
6132378135
6132378305
6132378785
6132378865
6132379755
6132379915
6132379955
6132380065
6132380375
6132380885
6132380925
6132381305
6132381455
6132381895
6132382235
6132382245
6132383775
6132384725
6132384775
6132384865
6132384905
6132385155
6132385285
6132385445
6132385455
6132385635
6132385935
6132385995
6132386325
6132386565
6132386765
6132398045
6132413965
6132464795
6132470835
6132471105
6132676155
6132714195
6132714575
6132861225
6133210245
6133250055
6133334105
6133393725
6133439095
6133448405
6133458285
6133491015
6133500465
6133547595
6133547625
6133547675
6133548175
6133548215
6133548935
6133548955
6133549115
6133549345
6133549945
6133550315
6133553015
6133553405
6133553945
6133554805
6133554925
6133555455
6133556155
6133556295
6133556395
6133556425
6133556765
6133556995
6133557085
6133557345
6133557535
6133557665
6133557755
6133557775
6133557985
6133558155
6133558525
6133558805
6133559385
6133559555
6133560035
6133560375
6133560405
6133560595
6133560645
6133561705
6133564755
6133564835
6133566805
6133567975
6133569015
6133570145
6133570915
6133571095
6133571365
6133571385
6133571735
6133571915
6133574325
6133574755
6133574875
6133575005
6133576935
6133577305
6133577425
6133578965
6133579055
6133579295
6133579385
6133579775
6133580755
6133582395
6133584285
6133584675
6133587185
6133587565
6133591115
6133592175
6133592265
6133593145
6133597615
6133598965
6133640005
6133708465
6133790675
6133893215
6134105445
6134118655
6134247245
6134403215
6134458035
6134481075
6134551265
6134760035
6134799965
6134809005
6134851565
6134851575
6134861215
6134942975
6134948025
6134983995
6134992415
6134993185
6134993475
6134993595
6134993695
6134993735
6134993765
6134994085
6134994445
6134996445
6134997615
6134998025
6134998485
6134999305
6134999405
6134999665
6134999695
6134999915
6135000875
6135001515
6135001545
6135001665
6135001815
6135002165
6135003055
6135003365
6135003395
6135004495
6135005045
6135005445
6135005525
6135006345
6135006545
6135007235
6135008955
6135008995
6135009185
6135009515
6135011195
6135011695
6135013305
6135013475
6135014045
6135014305
6135014915
6135015045
6135015595
6135015805
6135016745
6135017645
6135018835
6135021585
6135023565
6135024515
6135025725
6135026505
6135026615
6135026935
6135027245
6135027945
6135028025
6135028115
6135028715
6135029515
6135031955
6135032055
6135032445
6135032455
6135032565
6135070025
6135070185
6135362395
6135512095
6135827885
6135922385
6135928425
6136016435
6136026195
6136086845
6136135735
6136148875
6136177765
6136199785
6136244705
6136316695
6136316825
6136317245
6136317295
6136317425
6136317445
6136317815
6136317865
6136317935
6136318795
6136318915
6136319935
6136320305
6136320345
6136321445
6136321575
6136322405
6136324255
6136324715
6136325565
6136325925
6136326045
6136326995
6136327665
6136328285
6136329585
6136329805
6136330555
6136331255
6136408435
6136416595
6136451355
6136653075
6136669785
6136874655
6136917855
6136976125
6137001565
6137001775
6137013655
6137035875
6137085815
6137121005
6137214005
6137274115
6137317385
6137369885
6137412415
6137412435
6137413205
6137413235
6137413825
6137414215
6137414295
6137414865
6137415205
6137416945
6137418225
6137419345
6137421785
6137422365
6137422965
6137423555
6137424895
6137425515
6137425675
6137425695
6137426615
6137428205
6137428375
6137429035
6137429565
6137429615
6137429915
6137430055
6137430185
6137430595
6137430795
6137431565
6137431805
6137431885
6137431905
6137432125
6137432175
6137432415
6137432895
6137433135
6137433925
6137434175
6137434205
6137434315
6137434585
6137434685
6137435195
6137435585
6137435635
6137435805
6137435835
6137435955
6137435985
6137436345
6137436755
6137437045
6137437875
6137437965
6137438165
6137438565
6137439385
6137440085
6137440505
6137441185
6137441265
6137442375
6137446105
6137446545
6137447015
6137448065
6137448635
6137451245
6137451695
6137452155
6137455315
6137455335
6137458215
6137538245
6137538255
6137567295
6137661435
6137663055
6137731145
6137762915
6137767525
6138025235
6138088905
6138113355
6138115935
6138158215
6138198525
6138274365
6138333605
6138377495
6138388585
6138389745
6138415725
6138419485
6138426145
6138426765
6138436845
6138438375
6138439705
6138450345
6138469945
6138469965
6138470205
6138473175
6138473405
6138473435
6138473625
6138473635
6138473705
6138473915
6138474445
6138474705
6138475115
6138476755
6138477155
6138477355
6138477825
6138477835
6138478785
6138478845
6138478895
6138479135
6138479455
6138479545
6138479925
6138480615
6138480975
6138481035
6138481625
6138482125
6138483845
6138483935
6138485095
6138485145
6138485165
6138485745
6138485905
6138486495
6138486795
6138487025
6138487205
6138487465
6138487515
6138487795
6138488545
6138489375
6138489385
6138489675
6138490325
6138492085
6138492635
6138492825
6138493395
6138494455
6138496335
6138496795
6138496945
6138497215
6138497335
6138498055
6138498065
6138498115
6138498785
6138499905
6138500345
6138501105
6138502155
6138502795
6138503745
6138503835
6138505135
6138505365
6138506495
6138506525
6138506535
6138506575
6138506815
6138507665
6138508205
6138509645
6138510805
6138511635
6138512475
6138518405
6138642085
6138653825
6138964795
6138977815
6139222285
6139240825
6139240955
6139361425
6139391125
6139391425
6139403975
6139423565
6139426465
6139427875
6139427895
6139446715
6139447265
6139448045
6139455935
6139456885
6139477615
6139478015
6139478265
6139478925
6139479015
6139479055
6139479115
6139479165
6139479185
6139479265
6139479415
6139479775
6139479945
6139480195
6139480375
6139480525
6139480605
6139480765
6139480955
6139481005
6139481015
6139481055
6139481065
6139481075
6139481125
6139481195
6139481405
6139482165
6139482535
6139482835
6139483715
6139484595
6139485045
6139485355
6139485935
6139563145
6139648505
6139720265
6139722525
6139777665
6139803325
6139828385
6139829745
6139852265
6139852515
6139855635
6139866815
6139943445
6139943695
6140002035
6140002245
6140046935
6140048055
6140094305
6140137985
6140174385
6140213405
6140214655
6140216385
6140216395
6140218675
6140220325
6140246675
6140247095
6140254875
6140274505
6140275695
6140295495
6140334135
6140343435
6140343515
6140343595
6140343815
6140343905
6140344295
6140344335
6140344445
6140344775
6140344865
6140345095
6140345375
6140345455
6140345465
6140345555
6140345835
6140346335
6140346365
6140346555
6140346745
6140347245
6140347315
6140347395
6140347475
6140347665
6140347745
6140347775
6140348035
6140348085
6140348215
6140348375
6140348825
6140349095
6140349145
6140349355
6140349575
6140349775
6140350065
6140350085
6140350585
6140350705
6140351135
6140351385
6140351795
6140351905
6140351925
6140351955
6140352045
6140352225
6140352275
6140352375
6140352665
6140352755
6140352925
6140352975
6140353275
6140353375
6140353445
6140353545
6140353605
6140353625
6140354145
6140354465
6140354505
6140354685
6140354705
6140354825
6140354885
6140354935
6140354965
6140355005
6140355335
6140355345
6140355475
6140355545
6140355595
6140356135
6140356145
6140356225
6140356735
6140357155
6140357265
6140357615
6140357855
6140358025
6140358345
6140358505
6140360385
6140361295
6140361865
6140362485
6140364125
6140364405
6140364455
6140364495
6140364505
6140364515
6140364655
6140364735
6140364895
6140364925
6140365085
6140365095
6140365155
6140365175
6140365225
6140365265
6140365655
6140367365
6140368795
6140418695
6140438265
6140456005
6140465065
6140466845
6140504845
6140638115
6140782275
6140820155
6140820815
6140821135
6140821185
6140821885
6140822065
6140877215
6140884895
6140929065
6141002605
6141013845
6141085305
6141108085
6141123975
6141130155
6141174515
6141208005
6141214165
6141214465
6141226895
6141227025
6141227125
6141227805
6141228365
6141228595
6141228725
6141228735
6141229095
6141229105
6141229255
6141229285
6141229815
6141229855
6141229875
6141229965
6141230035
6141230265
6141230295
6141230305
6141230315
6141230765
6141230905
6141230985
6141231055
6141231265
6141231385
6141231575
6141231625
6141231785
6141231795
6141231905
6141231955
6141232005
6141232415
6141232445
6141232785
6141232955
6141233315
6141233575
6141233655
6141234485
6141234785
6141235145
6141235185
6141235395
6141235925
6141236055
6141236425
6141236635
6141236705
6141237025
6141237095
6141237355
6141237515
6141237635
6141237775
6141238875
6141239555
6141239665
6141239725
6141239785
6141240455
6141240495
6141240815
6141241085
6141241305
6141241475
6141242745
6141242805
6141243075
6141243285
6141244275
6141253405
6141253775
6141256175
6141256185
6141256195
6141257525
6141257545
6141257565
6141257575
6141257625
6141257795
6141258145
6141258335
6141258355
6141258365
6141258375
6141258475
6141273545
6141334045
6141405035
6141406595
6141408875
6141422815
6141451475
6141471215
6141489995
6141507315
6141511765
6141518125
6141532495
6141567785
6141588675
6141625425
6141707455
6141712115
6141738125
6141755435
6141778915
6141838865
6141869945
6141894325
6141910405
6141916095
6141931215
6141987365
6142025375
6142076755
6142089115
6142095585
6142096015
6142135145
6142140035
6142142225
6142142375
6142144025
6142144255
6142144405
6142145845
6142161695
6142163735
6142165185
6142165245
6142165455
6142165515
6142166085
6142166095
6142166155
6142166175
6142166535
6142166555
6142166595
6142166605
6142166815
6142167005
6142167055
6142167215
6142167315
6142167505
6142167605
6142167865
6142167935
6142167975
6142168105
6142168325
6142168425
6142168645
6142168675
6142169445
6142169845
6142169975
6142170155
6142170395
6142170455
6142170575
6142170625
6142170635
6142170745
6142171085
6142171165
6142171195
6142171215
6142171605
6142172075
6142172085
6142172175
6142172245
6142172385
6142172435
6142172465
6142172685
6142172725
6142172955
6142173265
6142176085
6142176095
6142176115
6142176125
6142176165
6142176195
6142176205
6142176215
6142176265
6142176285
6142177135
6142177295
6142177845
6142210565
6142231995
6142264015
6142272275
6142272295
6142336165
6142341495
6142455885
6142481585
6142481635
6142509705
6142528275
6142529535
6142545115
6142557325
6142632315
6142676545
6142692915
6142705075
6142729245
6142742415
6142745535
6142751555
6142778625
6142780665
6142795175
6142814575
6142814625
6142815185
6142822725
6142835365
6142857925
6142858435
6142891225
6142904935
6142916495
6142945205
6142952385
6142958815
6142965875
6142974435
6142974515
6142974635
6142974675
6142974705
6142974775
6142974975
6142975695
6142975735
6142976505
6142976535
6142976575
6142976585
6142977085
6142977235
6142978865
6142978935
6142979045
6142979145
6142979155
6142979215
6142979275
6142979285
6142979415
6142979485
6142979565
6142979585
6142979685
6142979695
6142980675
6142981065
6142981115
6142981205
6142981365
6142981455
6142981475
6142981615
6142981835
6142982195
6142982205
6142982225
6142982875
6142983335
6142983345
6143003995
6143006855
6143012585
6143012595
6143063635
6143070015
6143078625
6143095225
6143100075
6143128935
6143143045
6143147815
6143167325
6143202905
6143279465
6143282255
6143294885
6143419065
6143426345
6143430115
6143492295
6143525525
6143526435
6143532205
6143536385
6143541855
6143548505
6143549735
6143577705
6143579025
6143616065
6143618715
6143625595
6143630175
6143630185
6143643035
6143661585
6143665065
6143667905
6143674605
6143683905
6143684105
6143684315
6143684725
6143685505
6143713455
6143721045
6143734055
6143749125
6143768975
6143769085
6143770855
6143772405
6143773615
6143773725
6143773755
6143773775
6143773805
6143774115
6143774155
6143774175
6143774265
6143774375
6143774635
6143774755
6143774795
6143774905
6143774915
6143774975
6143775135
6143775145
6143775395
6143775435
6143775765
6143775885
6143776265
6143776295
6143776315
6143776805
6143777255
6143777275
6143777725
6143777955
6143778235
6143778535
6143778675
6143778725
6143778845
6143779195
6143779305
6143779645
6143779655
6143779835
6143779845
6143780085
6143780435
6143780525
6143780565
6143780715
6143780815
6143780865
6143781015
6143781075
6143781315
6143781325
6143781465
6143781485
6143781955
6143782165
6143782485
6143782495
6143782585
6143782645
6143782865
6143783105
6143783125
6143783225
6143783295
6143783395
6143783765
6143783815
6143783825
6143783875
6143783965
6143783985
6143784025
6143784045
6143784055
6143784145
6143784185
6143784195
6143784235
6143784255
6143784605
6143784945
6143785165
6143785655
6143785945
6143785965
6143786005
6143786145
6143786475
6143786485
6143786725
6143786745
6143786755
6143786785
6143786805
6143786825
6143786855
6143786975
6143787095
6143787215
6143787415
6143787625
6143787925
6143788775
6143788935
6143789095
6143789145
6143789195
6143789435
6143790285
6143790715
6143791025
6143791075
6143792395
6143792645
6143794265
6143796485
6143799615
6143799735
6143799815
6143799915
6143800045
6143800685
6143800745
6143800815
6143808835
6143828025
6143828035
6143890565
6143924345
6144025025
6144025075
6144042955
6144063345
6144064555
6144067555
6144069945
6144080295
6144080455
6144084535
6144085005
6144102145
6144146335
6144150495
6144226235
6144231155
6144231945
6144232845
6144249215
6144253745
6144271235
6144283625
6144290505
6144366555
6144367395
6144390095
6144406985
6144411815
6144413105
6144413725
6144420975
6144422125
6144431445
6144434535
6144434615
6144435095
6144435135
6144435765
6144438065
6144438485
6144450525
6144469025
6144470885
6144472475
6144473445
6144477235
6144494245
6144494255
6144528525
6144534415
6144613375
6144617715
6144625525
6144705595
6144791245
6144791525
6144791635
6144798325
6144799995
6144890055
6144905555
6144958505
6144964295
6144970515
6144972725
6144975685
6144984625
6144985285
6144988745
6144992295
6144993835
6145013535
6145013555
6145013595
6145013605
6145013615
6145019265
6145019285
6145019915
6145029305
6145029905
6145030685
6145030705
6145035605
6145036705
6145041055
6145041895
6145043785
6145049695
6145050975
6145053725
6145053895
6145055915
6145056065
6145056085
6145056135
6145056215
6145056285
6145056435
6145056595
6145056615
6145056665
6145056695
6145056755
6145056775
6145056945
6145057095
6145057355
6145057415
6145057445
6145057455
6145057525
6145057565
6145057675
6145057685
6145057705
6145057795
6145057865
6145064055
6145064205
6145064565
6145064665
6145070075
6145070245
6145070595
6145070675
6145070735
6145070805
6145070895
6145070915
6145070935
6145070945
6145070995
6145071025
6145071075
6145071085
6145071135
6145071155
6145071225
6145071255
6145071275
6145071325
6145071335
6145071405
6145071485
6145071495
6145071505
6145071545
6145071625
6145071855
6145071935
6145071965
6145072335
6145072475
6145072775
6145073385
6145073405
6145073445
6145073575
6145073605
6145074485
6145074705
6145075635
6145075815
6145076075
6145076375
6145076725
6145076885
6145077205
6145077905
6145077995
6145078025
6145078525
6145079105
6145079975
6145104985
6145112375
6145119155
6145123775
6145127605
6145136025
6145143775
6145184515
6145190635
6145211175
6145274185
6145285965
6145312315
6145329975
6145358575
6145363175
6145377225
6145378925
6145380245
6145380915
6145389885
6145391785
6145419545
6145472705
6145472925
6145483235
6145498405
6145542035
6145552525
6145553265
6145560245
6145568515
6145619675
6145625095
6145630915
6145632705
6145640805
6145642445
6145643515
6145645395
6145647475
6145647805
6145654605
6145663295
6145663385
6145671185
6145674045
6145678175
6145680295
6145686635
6145689985
6145693335
6145694645
6145697925
6145699815
6145704785
6145704795
6145705115
6145705285
6145705305
6145705675
6145706785
6145706795
6145708145
6145708395
6145710005
6145711355
6145712995
6145714925
6145715065
6145716045
6145717875
6145719085
6145719635
6145719795
6145720255
6145720455
6145720625
6145720805
6145721115
6145721685
6145722455
6145722465
6145722475
6145722485
6145722505
6145723765
6145724085
6145724115
6145724175
6145725215
6145726955
6145729545
6145730405
6145730805
6145732105
6145732145
6145732695
6145734385
6145734605
6145734635
6145734665
6145734675
6145734685
6145734735
6145734765
6145734795
6145734815
6145734925
6145734935
6145734985
6145734995
6145735065
6145735085
6145735095
6145735175
6145735235
6145735255
6145735275
6145735285
6145735335
6145735345
6145735365
6145735395
6145735435
6145735515
6145735525
6145735555
6145735565
6145735615
6145735635
6145735665
6145735695
6145735725
6145735765
6145735785
6145735855
6145735875
6145735915
6145735925
6145735995
6145736005
6145736025
6145736035
6145736045
6145736055
6145736065
6145736075
6145736115
6145736145
6145736165
6145736205
6145736215
6145736235
6145736245
6145736265
6145736285
6145736335
6145736345
6145736385
6145736415
6145736515
6145736545
6145736565
6145736615
6145736645
6145736665
6145736675
6145736685
6145736705
6145736735
6145736765
6145736785
6145736835
6145736905
6145736995
6145737135
6145737155
6145737195
6145737285
6145737325
6145737535
6145737585
6145738245
6145738275
6145738375
6145738495
6145738535
6145738745
6145738815
6145738905
6145738915
6145739205
6145739335
6145739455
6145739555
6145739585
6145739605
6145739745
6145739805
6145739835
6145739915
6145739925
6145740095
6145740115
6145740175
6145740205
6145740245
6145740265
6145740365
6145740375
6145740445
6145740455
6145740795
6145741005
6145741055
6145741295
6145741465
6145741575
6145741685
6145741775
6145741985
6145742085
6145742225
6145742275
6145742345
6145742915
6145743205
6145743565
6145743575
6145743825
6145744545
6145744595
6145744615
6145744965
6145745255
6145745345
6145745535
6145745585
6145745595
6145745685
6145745695
6145745705
6145745725
6145745835
6145746105
6145746595
6145746685
6145746695
6145746895
6145746995
6145747155
6145747225
6145747325
6145747335
6145747415
6145747715
6145748165
6145748745
6145749055
6145749075
6145749395
6145749515
6145749665
6145749725
6145749875
6145749905
6145750065
6145750115
6145750715
6145750865
6145750985
6145751175
6145751385
6145751425
6145751435
6145751635
6145751705
6145751755
6145751795
6145751845
6145751895
6145751915
6145752025
6145753265
6145754025
6145754255
6145754405
6145754615
6145754665
6145754835
6145754905
6145755075
6145755555
6145756055
6145756125
6145756435
6145756505
6145756525
6145756955
6145757155
6145757295
6145758035
6145758205
6145758565
6145758675
6145758925
6145759155
6145759185
6145759295
6145759415
6145760355
6145760365
6145760815
6145765535
6145765565
6145765575
6145765595
6145765605
6145765625
6145765635
6145765655
6145765665
6145765905
6145766205
6145766225
6145766305
6145766405
6145766655
6145769335
6145771145
6145776995
6145777105
6145777295
6145779715
6145794695
6145796995
6145808315
6145813325
6145860225
6145865285
6146068565
6146090885
6146096425
6146106515
6146117225
6146176525
6146184355
6146205005
6146278365
6146339265
6146394145
6146406515
6146406905
6146414315
6146417985
6146439885
6146465075
6146467115
6146471715
6146485135
6146501045
6146502055
6146508695
6146509365
6146516015
6146517355
6146528405
6146529545
6146530245
6146530845
6146531705
6146535515
6146545275
6146550545
6146551645
6146553365
6146554035
6146554395
6146554515
6146557945
6146558225
6146559425
6146560845
6146561715
6146563435
6146563585
6146564505
6146565185
6146565195
6146565395
6146566655
6146567225
6146569445
6146569605
6146570705
6146573865
6146574455
6146574505
6146574695
6146574805
6146575095
6146575935
6146576565
6146577405
6146577755
6146577835
6146577845
6146577925
6146578055
6146578065
6146578185
6146578465
6146578755
6146578815
6146579235
6146579515
6146579695
6146580125
6146580475
6146580835
6146581155
6146581345
6146581545
6146582175
6146583135
6146583225
6146583285
6146583395
6146583465
6146583565
6146583725
6146583735
6146583795
6146583935
6146584125
6146584285
6146584315
6146584495
6146584595
6146584735
6146585085
6146585115
6146585125
6146585145
6146585165
6146585185
6146585195
6146585205
6146585215
6146585235
6146585245
6146585255
6146585285
6146585295
6146585325
6146585335
6146585375
6146585405
6146585415
6146585435
6146585455
6146585475
6146585495
6146585505
6146585545
6146585555
6146585565
6146585575
6146585595
6146585605
6146585615
6146585625
6146585635
6146585655
6146585665
6146585675
6146585685
6146585705
6146585725
6146585735
6146585755
6146585765
6146585785
6146585795
6146585805
6146585815
6146585825
6146585835
6146585845
6146585855
6146585865
6146585875
6146585885
6146585895
6146585915
6146585945
6146585965
6146585985
6146586005
6146586025
6146586075
6146586085
6146586105
6146586115
6146586135
6146586145
6146586155
6146586165
6146586175
6146586185
6146586195
6146586205
6146586215
6146586225
6146586235
6146586245
6146586255
6146586275
6146586285
6146586295
6146586305
6146586315
6146586325
6146586345
6146586355
6146586385
6146586395
6146586415
6146586425
6146586455
6146586465
6146586485
6146586495
6146586515
6146586525
6146586535
6146586545
6146586575
6146586585
6146586605
6146586625
6146586635
6146586645
6146586665
6146586685
6146586695
6146586715
6146586725
6146586735
6146586765
6146586775
6146586785
6146586795
6146586815
6146586825
6146586845
6146586855
6146586865
6146586885
6146586895
6146586905
6146586915
6146586925
6146586955
6146586965
6146586975
6146586985
6146587005
6146587015
6146587025
6146587035
6146587045
6146587065
6146587075
6146587085
6146587095
6146587105
6146587115
6146587125
6146587135
6146587155
6146587175
6146587195
6146587205
6146587215
6146587225
6146587235
6146587255
6146587265
6146587305
6146587315
6146587325
6146587345
6146587355
6146587365
6146587395
6146587405
6146587425
6146587435
6146587445
6146587455
6146587485
6146587495
6146587505
6146587525
6146587545
6146587565
6146587575
6146587585
6146587595
6146587605
6146587615
6146587645
6146587655
6146587665
6146587675
6146587685
6146587705
6146587735
6146587745
6146587755
6146587775
6146587805
6146587825
6146587835
6146587845
6146587865
6146587875
6146587885
6146587895
6146587935
6146587945
6146587955
6146587965
6146588015
6146588025
6146588045
6146588055
6146588065
6146588085
6146588105
6146588135
6146588145
6146588155
6146588185
6146588205
6146588235
6146588245
6146588275
6146588295
6146588305
6146588315
6146588335
6146588345
6146588355
6146588385
6146588415
6146588435
6146588445
6146588455
6146588465
6146588475
6146588485
6146588495
6146588505
6146588525
6146588535
6146588545
6146588555
6146588565
6146588595
6146588605
6146588615
6146588625
6146588645
6146588655
6146588665
6146588675
6146588685
6146588695
6146588705
6146588715
6146588735
6146588745
6146588755
6146588765
6146588775
6146588785
6146588795
6146588805
6146588815
6146588825
6146588835
6146588845
6146588855
6146588865
6146588875
6146588895
6146588905
6146588915
6146588925
6146588955
6146588995
6146589015
6146589025
6146589035
6146589075
6146589085
6146589095
6146589105
6146589155
6146589165
6146589175
6146589195
6146589205
6146589225
6146589235
6146589245
6146589255
6146589295
6146589355
6146589375
6146589405
6146589415
6146589445
6146589455
6146589465
6146589505
6146589515
6146589545
6146589555
6146589565
6146589575
6146589595
6146589615
6146589625
6146589635
6146589675
6146589685
6146589695
6146589725
6146589745
6146589785
6146589795
6146589805
6146589825
6146589835
6146589845
6146589855
6146589865
6146589875
6146589895
6146589905
6146589925
6146589935
6146589955
6146589965
6146589985
6146589995
6146590005
6146590015
6146590025
6146590035
6146590055
6146590065
6146590075
6146590085
6146590095
6146590105
6146590115
6146590125
6146590135
6146590155
6146590175
6146590185
6146590195
6146590205
6146590215
6146590225
6146590235
6146590255
6146590265
6146590325
6146590335
6146590345
6146590355
6146590365
6146590385
6146590395
6146590405
6146590435
6146590445
6146590455
6146590475
6146590495
6146590505
6146590565
6146590575
6146590595
6146590605
6146590615
6146590625
6146590645
6146590655
6146590665
6146590675
6146590685
6146590695
6146590705
6146590715
6146590725
6146590735
6146590745
6146590755
6146590765
6146590775
6146590785
6146590795
6146590815
6146590845
6146590855
6146590865
6146590875
6146590885
6146590895
6146590905
6146590915
6146590935
6146590945
6146590955
6146590965
6146590975
6146590985
6146590995
6146591005
6146591015
6146591035
6146591045
6146591075
6146591085
6146591095
6146591115
6146591125
6146591135
6146591145
6146591155
6146591175
6146591185
6146591195
6146591205
6146591215
6146591225
6146591245
6146591255
6146591265
6146591285
6146591295
6146591305
6146591315
6146591335
6146591375
6146591405
6146591415
6146591425
6146591435
6146591445
6146591455
6146591475
6146591485
6146591495
6146591505
6146591515
6146591545
6146591555
6146591565
6146591575
6146591595
6146591605
6146591625
6146591635
6146591665
6146591675
6146591685
6146591705
6146591715
6146591725
6146591735
6146591745
6146591755
6146591775
6146591805
6146591815
6146591825
6146591835
6146591845
6146591875
6146591895
6146591915
6146591925
6146591935
6146591965
6146591975
6146591985
6146591995
6146592005
6146592015
6146592025
6146592045
6146592055
6146592065
6146592075
6146592095
6146592105
6146592115
6146592125
6146592165
6146592185
6146592195
6146592205
6146592215
6146592225
6146592235
6146592245
6146592255
6146592265
6146592275
6146592285
6146592295
6146592315
6146592335
6146592345
6146592355
6146592365
6146592375
6146592385
6146592395
6146592405
6146592425
6146592435
6146592445
6146592455
6146592465
6146592475
6146592495
6146592505
6146592515
6146592525
6146592535
6146592545
6146592555
6146592565
6146592575
6146592585
6146592595
6146592605
6146592615
6146592625
6146592635
6146592665
6146592695
6146592705
6146592735
6146592755
6146592765
6146592785
6146592815
6146592825
6146592835
6146592895
6146592905
6146592945
6146592955
6146592965
6146592985
6146593005
6146593015
6146593025
6146593035
6146593055
6146593065
6146593075
6146593085
6146593095
6146593115
6146593135
6146593155
6146593165
6146593185
6146593195
6146593205
6146593225
6146593245
6146593275
6146593285
6146593295
6146593305
6146593315
6146593335
6146593345
6146593355
6146593385
6146593395
6146593415
6146593425
6146593435
6146593455
6146593475
6146593505
6146593515
6146593525
6146593535
6146593555
6146593565
6146593575
6146593585
6146593595
6146593605
6146593615
6146593625
6146593635
6146593655
6146593665
6146593675
6146593685
6146593715
6146593735
6146593745
6146593765
6146593775
6146593785
6146593825
6146593835
6146593855
6146593875
6146593885
6146593895
6146593925
6146593935
6146593945
6146593965
6146593975
6146593985
6146593995
6146594005
6146594015
6146594025
6146594035
6146594045
6146594055
6146594065
6146594075
6146594085
6146594105
6146594115
6146594125
6146594135
6146594145
6146594155
6146594165
6146594185
6146594205
6146594225
6146594245
6146594255
6146594265
6146594285
6146594315
6146594325
6146594345
6146594355
6146594365
6146594395
6146594405
6146594425
6146594445
6146594455
6146594465
6146594475
6146594495
6146594545
6146594565
6146594605
6146594615
6146594635
6146594645
6146594655
6146594675
6146594695
6146594705
6146594715
6146594735
6146594745
6146594765
6146594775
6146594805
6146594815
6146594845
6146594855
6146594865
6146594875
6146594905
6146594915
6146594925
6146594945
6146594955
6146594965
6146595025
6146595035
6146595045
6146595055
6146595075
6146595095
6146595105
6146595115
6146595125
6146595145
6146595155
6146595165
6146595185
6146595195
6146595215
6146595225
6146595245
6146595255
6146595265
6146595275
6146595285
6146595305
6146595315
6146595325
6146595335
6146595345
6146595365
6146595375
6146595385
6146595395
6146595415
6146595425
6146595435
6146595445
6146595465
6146595475
6146595485
6146595495
6146595515
6146595525
6146595535
6146595545
6146595555
6146595575
6146595585
6146595605
6146595625
6146595635
6146595665
6146595675
6146595685
6146595705
6146595715
6146595745
6146595775
6146595825
6146595845
6146595855
6146595865
6146595895
6146595925
6146595955
6146595985
6146595995
6146596015
6146596025
6146596045
6146596075
6146596105
6146596115
6146596135
6146596165
6146596175
6146596185
6146596195
6146596205
6146596235
6146596265
6146596305
6146596315
6146596325
6146596365
6146596395
6146596405
6146596435
6146596445
6146596465
6146596485
6146596495
6146596505
6146596515
6146596525
6146596585
6146596605
6146596625
6146596645
6146596655
6146596675
6146596685
6146596725
6146596755
6146596785
6146596795
6146596835
6146596895
6146596915
6146596945
6146596955
6146596965
6146596975
6146597005
6146597065
6146597075
6146597085
6146597115
6146597135
6146597155
6146597165
6146597195
6146597225
6146597245
6146597275
6146597295
6146597305
6146597335
6146597365
6146597385
6146597405
6146597415
6146597425
6146597435
6146597445
6146597455
6146597495
6146597505
6146597525
6146597545
6146597565
6146597585
6146597605
6146597625
6146597655
6146597665
6146597685
6146597715
6146597725
6146597765
6146597785
6146597805
6146597815
6146597855
6146597915
6146597935
6146597945
6146597955
6146597975
6146597985
6146598025
6146598035
6146598055
6146598075
6146598105
6146598165
6146598195
6146598215
6146598235
6146598255
6146598295
6146598315
6146598325
6146598345
6146598365
6146598385
6146598395
6146598405
6146598425
6146598445
6146598455
6146598465
6146598475
6146598485
6146598495
6146598515
6146598525
6146598535
6146598575
6146598595
6146598655
6146598665
6146598685
6146598705
6146598715
6146598735
6146598745
6146598775
6146598795
6146598805
6146598815
6146598835
6146598845
6146598855
6146598875
6146598885
6146598895
6146598925
6146598945
6146598975
6146598985
6146599025
6146599115
6146599125
6146599135
6146599145
6146599185
6146599195
6146599205
6146599215
6146599225
6146599245
6146599265
6146599285
6146599295
6146599325
6146599365
6146599395
6146599425
6146599455
6146599465
6146599515
6146599575
6146599645
6146599665
6146599685
6146599705
6146599775
6146599835
6146599865
6146599885
6146599925
6146599965
6146599985
6146600015
6146600025
6146600055
6146600065
6146600075
6146600105
6146600115
6146600135
6146600145
6146600165
6146600185
6146600195
6146600225
6146600235
6146600245
6146600305
6146600335
6146600345
6146600395
6146600405
6146600415
6146600425
6146600495
6146600555
6146600565
6146600625
6146600635
6146600655
6146600685
6146600695
6146600725
6146600735
6146600755
6146600765
6146600785
6146600815
6146600835
6146600845
6146600855
6146600865
6146600895
6146600905
6146600925
6146600935
6146600955
6146600975
6146600985
6146600995
6146601005
6146601015
6146601035
6146601065
6146601095
6146601115
6146601155
6146601165
6146601175
6146601185
6146601195
6146601205
6146601235
6146601245
6146601295
6146601315
6146601345
6146601365
6146601385
6146601415
6146601435
6146601475
6146601525
6146601565
6146601585
6146601605
6146601615
6146601625
6146601635
6146601645
6146601655
6146601665
6146601685
6146601695
6146601705
6146601745
6146601765
6146601775
6146601785
6146601805
6146601825
6146601845
6146601875
6146601885
6146601895
6146601905
6146601935
6146601945
6146601975
6146601985
6146601995
6146602025
6146602035
6146602045
6146602055
6146602085
6146602095
6146602125
6146602155
6146602165
6146602185
6146602215
6146602235
6146602255
6146602265
6146602285
6146602315
6146602325
6146602345
6146602355
6146602385
6146602405
6146602415
6146602425
6146602435
6146602445
6146602455
6146602465
6146602485
6146602575
6146602595
6146602605
6146602615
6146602635
6146602665
6146602695
6146602715
6146602745
6146602755
6146602775
6146602785
6146602815
6146602825
6146602835
6146602845
6146602865
6146602885
6146602925
6146602935
6146602955
6146603035
6146603045
6146603075
6146603105
6146603115
6146603125
6146603155
6146603165
6146603185
6146603195
6146603215
6146603225
6146603235
6146603265
6146603295
6146603325
6146603345
6146603365
6146603385
6146603395
6146603405
6146603415
6146603425
6146603435
6146603445
6146603455
6146603475
6146603485
6146603495
6146603515
6146603525
6146603545
6146603565
6146603575
6146603585
6146603615
6146603635
6146603645
6146603665
6146603675
6146603695
6146603725
6146603735
6146603755
6146603785
6146603795
6146603835
6146603845
6146603855
6146603955
6146603975
6146603985
6146604035
6146604045
6146604055
6146604085
6146604095
6146604115
6146604125
6146604135
6146604155
6146604165
6146604175
6146604195
6146604205
6146604245
6146604275
6146604285
6146604295
6146604345
6146604355
6146604365
6146604385
6146604405
6146604415
6146604425
6146604485
6146604535
6146604545
6146604565
6146604585
6146604615
6146604645
6146604655
6146604665
6146604675
6146604705
6146604725
6146604745
6146604775
6146604825
6146604855
6146604875
6146604955
6146604985
6146605015
6146605025
6146605045
6146605085
6146605095
6146605105
6146605135
6146605185
6146605195
6146605205
6146605235
6146605255
6146605285
6146605295
6146605315
6146605345
6146605355
6146605375
6146605385
6146605405
6146605425
6146605435
6146605495
6146605515
6146605535
6146605545
6146605565
6146605595
6146605615
6146605625
6146605635
6146605655
6146605715
6146605725
6146605755
6146605775
6146605805
6146605815
6146605845
6146605875
6146605925
6146606055
6146606085
6146606095
6146606135
6146606145
6146606185
6146606255
6146606285
6146606295
6146606305
6146606455
6146606495
6146606615
6146606685
6146606725
6146606755
6146606775
6146607085
6146607145
6146607225
6146607375
6146607765
6146607785
6146607805
6146608025
6146608035
6146608045
6146608055
6146608065
6146608085
6146608095
6146608105
6146608115
6146608125
6146608135
6146608145
6146608155
6146608165
6146608175
6146608185
6146608325
6146608375
6146608565
6146608595
6146608615
6146608625
6146608705
6146608715
6146608725
6146608735
6146608795
6146608815
6146608825
6146608835
6146608845
6146608855
6146608875
6146608895
6146608905
6146608915
6146608925
6146608935
6146608945
6146608965
6146609005
6146609015
6146609025
6146609035
6146609055
6146609065
6146609075
6146609085
6146609095
6146609115
6146609125
6146609135
6146609145
6146609155
6146609165
6146609175
6146609185
6146609195
6146609205
6146609215
6146609225
6146609235
6146609245
6146609255
6146609265
6146609275
6146609295
6146609315
6146609325
6146609335
6146609355
6146609365
6146609375
6146609385
6146609405
6146609415
6146609425
6146609435
6146609465
6050771395
6050771605
6050771835
6053485105
6054010665
6064922275
6065241125
6066207375
6066208275
6066971735
6070005425
6070896585
6071546365
6071900845
6072914715
6073778995
6074660635
6074710935
6074716655
6074719375
6076492805
6076492915
6076493215
6076493325
6076493345
6076493415
6076493425
6076493505
6076493635
6076493715
6076493725
6076493835
6076493845
6076493905
6076494205
6076494355
6076494365
6076494695
6076494785
6076994455
6077269985
6078714245
6078714765
6079022615
6079114045
6079167835
6079170215
6079184655
6079229435
6079337265
6079339605
6079342795
6079445625
6079541805
6079549375
6079549505
6079549995
6079579665
6079582485
6079582495
6079582505
6079632875
6080045125
6080465135
6080567785
6080585915
6080622485
6080688945
6080772805
6080993795
6081005835
6081177915
6081262895
6081345405
6081359935
6081544935
6081561465
6081728975
6081771105
6081850665
6081925935
6081976605
6082144285
6082169195
6082243385
6082257335
6082400625
6082439335
6082787695
6084543335
6084579545
6084603365
6084632525
6084895855
6085068045
6085068665
6085467915
6085596805
6085598405
6085679885
6085697105
6085824655
6086209665
6086210545
6086306955
6086439955
6086661215
6086753295
6086791385
6086813555
6086813645
6086843905
6086844205
6086844825
6086856255
6086956885
6086958415
6086960125
6086961385
6086961875
6086964045
6087003815
6087161495
6087711275
6088344635
6088382065
6088527705
6088529215
6088917555
6088917675
6088935825
6089022775
6089068435
6089107225
6089108245
6089154705
6089155275
6089155935
6089267335
6089348945
6089351125
6089360445
6089397145
6089490705
6089584765
6090011445
6090077405
6090503605
6090503865
6090962785
6090963165
6091036735
6091146065
6091499185
6091509385
6091549095
6092439455
6092579095
6092728525
6092955705
6093081255
6093178075
6093744225
6093744515
6093746575
6094236015
6094706865
6094723125
6095151515
6095553665
6096067055
6096116195
6096126995
6096609825
6096629875
6096844565
6098536005
6098849165
6099079715
6099081795
6099087305
6099126825
6099513685
6099513755
6100685855
6100833365
6100863385
6101250045
6101251175
6102111535
6102658555
6102980265
6103860415
6103873895
6104567855
6104767855
6104768415
6104768465
6104768685
6104779285
6104779635
6104779795
6104781165
6104782505
6104784515
6104784715
6104785845
6104786915
6104787445
6104830405
6104830635
6104830755
6104830895
6104830975
6104830985
6104985495
6105035785
6105991885
6106410265
6106624255
6106663525
6106757995
6107006135
6107006155
6107007465
6107278525
6107315615
6108079235
6108414835
6108674995
6109311655
6109311725
6109889165
6110220305
6110220945
6110221115
6110221155
6110530415
6110899115
6110923745
6111164955
6111164975
6111164995
6111165015
6111165035
6111165055
6111165115
6111165175
6111165195
6111165215
6111165255
6111165275
6111165315
6111165335
6111165395
6111165415
6111165455
6111165475
6111165535
6111165555
6111165635
6111165655
6111165695
6111165715
6111165735
6111165755
6111165835
6111165855
6111165875
6111165915
6111165935
6111165975
6111166015
6111166035
6111166095
6111166135
6111166175
6111166195
6111166235
6111166275
6111166315
6111166355
6111166375
6111166395
6111166415
6111166435
6111166455
6111166475
6111166495
6111166515
6111166535
6111166555
6111166575
6111166595
6111166615
6111166635
6111166655
6111166675
6111166695
6111166735
6111166775
6111166835
6111166935
6111166955
6111166975
6111166995
6111167015
6111167035
6111167055
6111167115
6111167135
6111167155
6111167195
6111167215
6111167235
6111167315
6111167435
6111167455
6111167535
6111167555
6111167615
6111167635
6111167655
6111167675
6111167695
6111167735
6111167755
6111167775
6111167795
6111167815
6111167835
6111167935
6111168035
6111168055
6111168075
6111168115
6111168135
6111168175
6111168195
6111168215
6111168255
6111168275
6111168315
6111168375
6111168415
6111168435
6111168515
6111168535
6111168595
6111168615
6111168635
6111168775
6111168795
6111168815
6111168835
6111168875
6111168895
6111168915
6111168935
6111168955
6111168975
6111168995
6111169035
6111169135
6111169195
6111169215
6111169235
6111169255
6111169275
6111169335
6111169375
6111169395
6111169415
6111169435
6111169455
6111169475
6111169515
6111169615
6111169655
6111169675
6111169775
6111169795
6111169815
6111169835
6111169855
6111169875
6111169955
6111169995
6111170015
6111170055
6111170075
6111170095
6111170115
6111170155
6111170175
6111170255
6111170295
6111170315
6111170355
6111170375
6111170415
6111170435
6111170475
6111170555
6111170615
6111170635
6111170655
6111170695
6111170755
6111170815
6111170835
6111170875
6111170915
6111170955
6111170975
6111170995
6111171055
6111171075
6111171115
6111171195
6111171235
6111171255
6111171315
6111171375
6111171475
6111171495
6111171555
6111171575
6111171675
6111171695
6111171715
6111171735
6111171775
6111171795
6111171815
6111171855
6111171875
6111171895
6111171935
6111172035
6111172055
6111172075
6111172095
6111172135
6111172175
6111172195
6111172215
6111172235
6111172255
6111172295
6111172335
6111172435
6111172455
6111172495
6111172515
6111172575
6111172595
6111172675
6111172695
6111172795
6111172815
6111172855
6111172895
6111172975
6111172995
6111173075
6111173135
6111173175
6111173195
6111173335
6111173355
6111173375
6111173395
6111173435
6111173475
6111173495
6111173515
6111173525
6111173535
6111173545
6111173555
6111173565
6111173595
6111173605
6111173615
6111173675
6111173715
6111173735
6111173765
6111173775
6111173795
6111173825
6111173845
6111173865
6111173895
6111173915
6111173945
6111173955
6111173975
6111174035
6111174045
6111174055
6111174075
6111174095
6111174135
6111174155
6111174165
6111174175
6111174185
6111174195
6111174215
6111174245
6111174255
6111174275
6111174295
6111174305
6111174315
6111174355
6111174365
6111174375
6111174385
6111174415
6111174425
6111174435
6111174445
6111174455
6111174505
6111174515
6111174535
6111174575
6111174585
6111174605
6111174615
6111174645
6111174655
6111174675
6111174685
6111174695
6111174705
6111174715
6111174725
6111174735
6111174765
6111174785
6111174795
6111174835
6111174845
6111174855
6111174865
6111174885
6111174895
6111174905
6111174915
6111174925
6111174945
6111174965
6111174985
6111175005
6111175015
6111175025
6111175035
6111175045
6111175055
6111175075
6111175085
6111175105
6111175115
6111175145
6111175155
6111175215
6111175235
6111175255
6111175265
6111175275
6111175295
6111175305
6111175335
6111175385
6111175395
6111175405
6111175415
6111175435
6111175445
6111175455
6111175485
6111175505
6111175515
6111175545
6111175555
6111175595
6111175605
6111175625
6111175635
6111175645
6111175665
6111175685
6111175695
6111175705
6111175715
6111175725
6111175735
6111175755
6111175765
6111175785
6111175825
6111175845
6111175855
6111175865
6111175875
6111175895
6111175925
6111175955
6111175965
6111175985
6111175995
6111176015
6111176035
6111176045
6111176055
6111176065
6111176085
6111176115
6111176125
6111176155
6111176165
6111176175
6111176185
6111176195
6111176265
6111176275
6111176305
6111176355
6111176375
6111176395
6111176415
6111176425
6111176455
6111176465
6111176485
6111176495
6111176525
6111176535
6111176545
6111176555
6111176575
6111176595
6111176625
6111176635
6111176735
6111176745
6111176755
6111176765
6111176785
6111176805
6111176825
6111176845
6111176865
6111176875
6111176905
6111176915
6111176925
6111176935
6111176945
6111176955
6111176965
6111176975
6111177035
6111177055
6111177065
6111177075
6111177085
6111177095
6111177105
6111177125
6111177155
6111177165
6111177175
6111177285
6111177875
6111692285
6111706135
6111819895
6111827615
6112009855
6112182015
6112277775
6112277915
6112277955
6112278455
6112278615
6112456325
6112711485
6112891295
6112891795
6113404075
6113404105
6113404115
6113404145
6113404215
6113404265
6113404395
6113405605
6113406855
6113469245
6113863455
6114474245
6114515075
6114515235
6114516845
6114517255
6114517815
6114619505
6114651765
6115224885
6115262305
6115532195
6115532485
6115829735
6115846565
6116045675
6116188345
6116197405
6116954385
6116956065
6116959175
6116959405
6116960005
6116962285
6116963075
6116988135
6118113985
6118114525
6118114745
6118114795
6118115105
6118115495
6118115605
6118115815
6118117735
6118281985
6119011855
6119143205
6119172625
6119267975
6119276285
6119433195
6119465155
6119968145
6119969125
6119969595
6119969965
6120075235
6120096715
6120942875
6120979885
6121131725
6121132475
6121132565
6121133135
6121133795
6121133975
6121134195
6121135565
6122110635
6122279075
6122279125
6122316755
6122316895
6122317045
6122317075
6122317085
6122317105
6122317115
6122317145
6122317495
6122317765
6122318445
6122319195
6122319305
6122319375
6122319415
6122319485
6122319525
6122319605
6122319615
6122319635
6122319685
6122319745
6122319785
6122319805
6122319905
6122319915
6122320025
6122320035
6122320095
6122320125
6122320165
6122320175
6122320185
6122320195
6122320285
6122320365
6122320585
6122320605
6122320715
6122320965
6122321025
6122321085
6122321095
6122321125
6122321265
6122322075
6122614025
6122995285
6123821395
6124524035
6124614595
6124689495
6124689735
6124690395
6124690615
6124690915
6124691015
6124692875
6124692995
6124694135
6124694555
6124696305
6124813535
6124993185
6125158685
6125515495
6125815615
6125816015
6125817495
6125817535
6125818015
6125818655
6125819175
6125820455
6126013255
6126187555
6126258575
6126341935
6126389245
6126520145
6126924135
6126925815
6126925855
6126925915
6127137275
6127438035
6127868055
6127871495
6127904195
6127904535
6127905195
6127905495
6127905535
6127905695
6127906365
6127909015
6128088105
6128297475
6128319075
6128563255
6128635325
6128635725
6128775315
6128782635
6128930415
6128979245
6129007435
6129048195
6129048255
6129048745
6129048995
6129049635
6129049965
6129050095
6129050375
6129050555
6129050565
6129050755
6129050785
6129050795
6129050825
6129050865
6129051345
6129051745
6129051855
6129051905
6129051915
6129051945
6129053165
6129053325
6129055035
6129055375
6129055495
6129254085
6129655905
6129685815
6129732005
6130241325
6130241835
6130284665
6130765035
6130817005
6130837465
6131076505
6131077285
6131175325
6131319885
6131370285
6131370365
6131370425
6131370995
6131371765
6131468815
6132193305
6132195965
6132260455
6132268225
6132281625
6132290875
6132387595
6132387725
6132387745
6132387815
6132387855
6132387955
6132388305
6132388325
6132388545
6132388585
6132388615
6132388675
6132388875
6132388945
6132389085
6132389215
6132389885
6132390075
6132390085
6132390765
6132390995
6132391115
6132391365
6132391525
6132391635
6132392115
6132392265
6132392425
6132392815
6132392915
6132393205
6132393295
6132393645
6132629315
6132703185
6132858235
6132979255
6133091455
6133115645
6133127715
6133129145
6133178205
6133487405
6133498765
6133508305
6133570225
6133597965
6133598575
6133598805
6133599285
6133599305
6133599395
6133599885
6133600555
6133600595
6133600755
6133601445
6133601815
6133601835
6133602065
6133602195
6133602205
6133602215
6133602255
6133602355
6133602575
6133602645
6133602815
6133603385
6133603685
6133603745
6133603875
6133604075
6133604085
6133604785
6133606005
6133606175
6133606605
6133607105
6133607425
6133664185
6133792135
6134109445
6134126315
6134135985
6134268205
6134363925
6134364675
6134364855
6134379525
6134380365
6134380725
6134382865
6134382875
6134382885
6134382895
6134382905
6134382915
6134382925
6134383015
6134383065
6134383485
6134384285
6134384305
6134384845
6134384935
6134384985
6134386085
6134386385
6134386905
6134387035
6134387065
6134387745
6134388225
6134388285
6134391675
6134392295
6134401065
6134452285
6134453795
6134453855
6134457055
6134484665
6134486635
6134488625
6134490115
6134490355
6134492105
6134493575
6134493855
6134495605
6134495625
6134497255
6134497295
6134497535
6134497595
6134499035
6134501145
6134502535
6134502575
6134502665
6134503855
6134504015
6134504035
6134505565
6134522005
6134709755
6134851885
6134946315
6134947855
6135032775
6135032795
6135032805
6135033065
6135033455
6135034035
6135034115
6135034135
6135034205
6135034425
6135034505
6135035225
6135036305
6135036365
6135037195
6135037235
6135748215
6135768295
6135896285
6135896315
6135896445
6135896495
6135941225
6135990795
6136021995
6136046965
6136060345
6136060515
6136107355
6136114315
6136115735
6136123055
6136214005
6136242925
6136243165
6136246245
6136266715
6136331355
6136332115
6136332445
6136332855
6136333215
6136333365
6136333625
6136333715
6136334315
6136335025
6136336665
6136336725
6136337165
6136337775
6136338125
6136338555
6136339185
6136340165
6136340245
6136340445
6136340795
6136341185
6136341335
6136342495
6136343695
6136344305
6136344405
6136344575
6136344625
6136344635
6136344815
6136344855
6136345095
6136345825
6136345865
6136346685
6136885705
6137056455
6137111225
6137111235
6137138185
6137147405
6137158405
6137160815
6137219735
6137219765
6137264675
6137274135
6137377455
6137420615
6137430495
6137459335
6137459535
6137459665
6137459975
6137459985
6137460125
6137460135
6137460365
6137460635
6137460935
6137460975
6137461515
6137462015
6137462035
6137462195
6137462495
6137462535
6137462665
6137462975
6137463095
6137463995
6137464375
6137464565
6137464825
6137464895
6137465595
6137465655
6137465685
6137465695
6137465705
6137465715
6137465745
6137465765
6137465895
6137466125
6137466485
6137467035
6137467045
6137467055
6137467075
6137467685
6137467725
6137468295
6137468555
6137527675
6137863785
6137983955
6138091065
6138097425
6138125335
6138148495
6138153085
6138169585
6138169825
6138169965
6138170015
6138172605
6138193155
6138195565
6138197905
6138198975
6138200745
6138203665
6138204185
6138204515
6138205475
6138208385
6138211405
6138227965
6138228875
6138229125
6138229805
6138230295
6138231795
6138235455
6138235605
6138236825
6138249595
6138254665
6138260025
6138261995
6138328875
6138329115
6138329505
6138329745
6138330205
6138330375
6138331015
6138331375
6138332055
6138337125
6138338355
6138339065
6138340345
6138340425
6138343375
6138343855
6138343875
6138347895
6138373305
6138373575
6138373835
6138377015
6138378575
6138379075
6138379225
6138379365
6138380025
6138380065
6138381825
6138381935
6138382055
6138382325
6138383085
6138383205
6138383365
6138383395
6138385085
6138387235
6138387455
6138389445
6138389615
6138407455
6138407845
6138408425
6138408525
6138408595
6138408875
6138408985
6138409355
6138409405
6138410375
6138411415
6138411465
6138417075
6138421625
6138424615
6138424695
6138425475
6138426505
6138429325
6138431155
6138449735
6138469355
6138470335
6138471805
6138472465
6138473225
6138474985
6138475195
6138477425
6138479715
6138480105
6138481505
6138481855
6138482995
6138485715
6138486375
6138488425
6138489505
6138521345
6138521595
6138523005
6138523345
6138523585
6138524715
6138524865
6138525165
6138525935
6138526215
6138526275
6138526285
6138526385
6138526455
6138526465
6138526525
6138526545
6138526565
6138526715
6138526725
6138527395
6138527685
6138527795
6138527925
6138528435
6138528715
6138528745
6138529105
6138529245
6138529265
6138529455
6138529705
6138530435
6138530545
6138530705
6138530875
6138531015
6138531355
6138531435
6138533015
6138533235
6138533285
6138533645
6138534355
6138534585
6138534935
6138535375
6138535765
6138535905
6138536215
6138536255
6138536345
6138536895
6138537905
6138538045
6138539845
6138540405
6138540585
6138541345
6138541685
6138543565
6138544785
6138545645
6138546785
6138578595
6138660765
6138661955
6138663125
6138664425
6138664865
6138665265
6138665465
6138665665
6138666255
6138666485
6138666625
6138666755
6138666805
6138667035
6138667335
6138668905
6138669665
6138670375
6138670845
6138673715
6138676435
6138760885
6139162305
6139183075
6139218585
6139224265
6139245235
6139316685
6139330575
6139377225
6139380575
6139383865
6139394275
6139426915
6139428425
6139432665
6139470495
6139470515
6139471255
6139485595
6139485615
6139487825
6139487975
6139488745
6139489115
6139490175
6139490275
6139490375
6139534445
6139644665
6139777015
6139946365
6140004805
6140023555
6140026775
6140067695
6140077535
6140083305
6140103265
6140166835
6140185615
6140194025
6140232225
6140240795
6140285545
6140287845
6140290615
6140313475
6140331335
6140335915
6140342505
6140354425
6140354515
6140356055
6140356205
6140366255
6140366285
6140366595
6140366985
6140367015
6140367495
6140367645
6140367925
6140368155
6140368195
6140368265
6140368315
6140368375
6140368475
6140368585
6140368735
6140369285
6140369595
6140369615
6140369655
6140369885
6140370075
6140370105
6140370165
6140370245
6140371025
6140371055
6140371065
6140371305
6140371505
6140371615
6140371805
6140372075
6140372195
6140372275
6140372315
6140372375
6140372505
6140372555
6140372565
6140372635
6140372725
6140372755
6140372815
6140372925
6140372955
6140373065
6140373075
6140373295
6140373395
6140373415
6140504375
6140504705
6140504755
6140612985
6140628535
6140636965
6140639065
6140829705
6141063725
6141063945
6141073125
6141080275
6141121245
6141123005
6141214505
6141251465
6141251585
6141258705
6141258935
6141258975
6141259025
6141259065
6141259135
6141259165
6141259205
6141259225
6141259435
6141259445
6141259475
6141259645
6141259765
6141259785
6141259815
6141260125
6141260195
6141260485
6141260595
6141260885
6141261015
6141261045
6141261255
6141261665
6141261715
6141261835
6141261915
6141262125
6141262765
6141262815
6141262995
6141263315
6141263475
6141263675
6141263755
6141263805
6141264015
6141264135
6141264165
6141264205
6141264885
6141265375
6141265395
6141265625
6141265925
6141266025
6141266105
6141266145
6141266235
6141266385
6141266865
6141266985
6141267165
6141267245
6141267325
6141267855
6141268575
6141268655
6141268745
6141269015
6141269105
6141282035
6141282255
6141305215
6141418765
6141509535
6141648165
6141746645
6141900355
6141950445
6141957175
6142072225
6142091235
6142123505
6142171755
6142175445
6142179905
6142179925
6142180025
6142180815
6142180975
6142181345
6142181555
6142182265
6142182295
6142182915
6142183065
6142183625
6142184085
6142184265
6142184525
6142185555
6142185665
6142185675
6142185795
6142186325
6142186365
6142186445
6142187035
6142293215
6142463705
6142501795
6142525975
6142648885
6142717445
6142730605
6142764405
6142791765
6142815845
6142824555
6142839615
6142847715
6142888605
6142914735
6142922045
6142956735
6142980965
6142984015
6142984455
6142984475
6142984495
6142984545
6142984685
6142985015
6142985135
6142985275
6142985385
6142985395
6142985455
6142985765
6142985965
6142986235
6142986285
6142986425
6142986755
6142987155
6142987225
6142987405
6142987625
6142987745
6142987925
6142987935
6142987985
6142988625
6142988875
6142988905
6142988925
6142989145
6142989185
6142989235
6142989295
6142989465
6142989555
6142989595
6142989745
6142990055
6142990065
6142990255
6142990265
6142990625
6142990765
6142990915
6142991075
6142991235
6142991415
6142991885
6142991935
6142992125
6142992195
6142992255
6142993055
6142993185
6142993215
6142993395
6142993625
6142993735
6142994085
6142994335
6142994495
6142995345
6142995475
6142996095
6142996205
6142996535
6142996695
6143028635
6143303485
6143334295
6143470385
6143532255
6143635725
6143662885
6143689685
6143690855
6143733315
6143751945
6143773665
6143778295
6143786935
6143790135
6143790375
6143801295
6143801425
6143801515
6143801705
6143801725
6143801805
6143801955
6143802205
6143802235
6143802365
6143802375
6143802715
6143802735
6143802775
6143802995
6143803045
6143803175
6143803235
6143803275
6143803405
6143803785
6143804365
6143804455
6143804675
6143804755
6143804765
6143804785
6143804815
6143805205
6143805735
6143805775
6143805905
6143806065
6143806085
6143806105
6143806235
6143806265
6143806275
6143806515
6143806525
6143806605
6143806625
6143806825
6143807385
6143807575
6143807655
6143807685
6143807965
6143808125
6143808315
6143808325
6143808465
6143808515
6143809085
6143809135
6143809165
6143810135
6143810555
6143810575
6143810765
6143811225
6143822945
6143823055
6143942885
6144010225
6144038635
6144042575
6144056385
6144060075
6144139165
6144160265
6144182935
6144193715
6144243835
6144244555
6144244985
6144245175
6144287085
6144330935
6144334165
6144357305
6144370005
6144370885
6144373785
6144379895
6144402175
6144402765
6144402825
6144405305
6144405335
6144423025
6144424205
6144426065
6144434895
6144435385
6144435845
6144436075
6144436155
6144436385
6144436905
6144437015
6144437165
6144437175
6144437265
6144437275
6144437465
6144443415
6144445255
6144447975
6144457655
6144512205
6144596205
6144662565
6144749105
6144750875
6144791595
6144872395
6144877295
6144903315
6144942475
6144957385
6144972075
6144977575
6144977945
6145003845
6145019395
6145029985
6145064125
6145065205
6145066925
6145080725
6145080945
6145083525
6145083645
6145084105
6145105125
6145165055
6145174615
6145174625
6145180555
6145227745
6145297445
6145351095
6145405155
6145441205
6145459885
6145496225
6145503325
6145539875
6145575945
6145613895
6145618825
6145625225
6145627355
6145631705
6145646265
6145673645
6145676835
6145690845
6145692555
6145692755
6145708845
6145714915
6145717845
6145717885
6145718565
6145720635
6145721545
6145727015
6145734565
6145734975
6145736225
6145736805
6145737865
6145739355
6145741035
6145742645
6145742865
6145745155
6145745245
6145749845
6145749935
6145749995
6145750265
6145757375
6145757665
6145759695
6145765495
6145765585
6145766445
6145766605
6145766625
6145766685
6145766705
6145766715
6145766725
6145766735
6145766745
6145766755
6145766805
6145766845
6145766865
6145767095
6145767155
6145767185
6145767245
6145767255
6145767365
6145767405
6145767475
6145767525
6145767555
6145767585
6145767615
6145767655
6145767675
6145767755
6145767765
6145767785
6145768025
6145768045
6145768085
6145768115
6145768125
6145768145
6145768165
6145768195
6145768215
6145768225
6145768235
6145768265
6145768275
6145768285
6145768295
6145768315
6145768345
6145768395
6145768405
6145768415
6145768495
6145768525
6145768615
6145768655
6145768725
6145768735
6145768755
6145768795
6145768835
6145768875
6145768915
6145769015
6145769235
6145769245
6145769255
6145769325
6145769365
6145769395
6145769485
6145769535
6145769595
6145769635
6145769655
6145769765
6145769775
6145769815
6145769855
6145769895
6145770005
6145770135
6145770145
6145770165
6145770175
6145770225
6145770265
6145770295
6145770305
6145770345
6145770425
6145770435
6145770445
6145770495
6145770505
6145770625
6145770635
6145770715
6145770785
6145770795
6145770805
6145770895
6145770905
6145770995
6145771205
6145771235
6145771275
6145771405
6145771465
6145771625
6145771645
6145771665
6145772375
6145772505
6145772685
6145772705
6145772755
6145772905
6145772995
6145773115
6145773265
6145773375
6145773425
6145773535
6145773585
6145773595
6145773675
6145773745
6145773755
6145773865
6145773915
6145774155
6145774165
6145774225
6145774245
6145774275
6145774295
6145774395
6145774465
6145774485
6145774545
6145774635
6145774655
6145774675
6145774795
6145774805
6145774885
6145774925
6145774935
6145774975
6145774985
6145775005
6145775025
6145775055
6145775105
6145775365
6145775405
6145775485
6145775495
6145775595
6145775695
6145775715
6145775755
6145775815
6145776005
6145776065
6145776095
6145776135
6145776235
6145776245
6145776255
6145776475
6145776505
6145776525
6145776565
6145776595
6145776605
6145776635
6145776665
6145776745
6145776785
6145776845
6145779145
6145779435
6145786065
6145790205
6145791185
6145799465
6145811195
6145815905
6145820195
6145821775
6145830145
6145963925
6145988325
6145988335
6145988505
6145988555
6145988625
6145988695
6145988735
6145988825
6145988845
6145988905
6145989015
6145989095
6145989145
6145989205
6145989225
6145989335
6145989385
6145989405
6145989425
6146017775
6146155295
6146162495
6146208725
6146228365
6146233475
6146326625
6146326935
6146344145
6146414675
6146503365
6146503985
6146510815
6146512575
6146512725
6146514065
6146525275
6146540855
6146546695
6146546805
6146550475
6146563595
6146565325
6146566035
6146566965
6146568645
6146574095
6146577615
6146592175
6146594385
6146594435
6146596825
6146597205
6146597645
6146599485
6146600035
6146600585
6146601855
6146602565
6146603895
6146604505
6146604925
6146607165
6146608575
6146608655
6146608665
6146608985
6146609105
6146609395
6146609485
6146609495
6146609505
6146609525
6146609535
6146609545
6146609555
6146609575
6146609585
6146609595
6146609605
6146609625
6146609635
6146609645
6146609655
6146609675
6146609685
6146609695
6146609705
6146609715
6146609725
6146609735
6146609745
6146609755
6146609765
6146609775
6146609785
6146609795
6146609805
6146609815
6146609825
6146609845
6146609855
6146609865
6146609875
6146609885
6146609895
6146609905
6146609925
6146609935
6146609945
6146609955
6146609965
6146609975
6146609995
6146610005
6146610025
6146610035
6146610045
6146610055
6146610065
6146610075
6146610085
6146610095
6146610105
6146610135
6146610145
6146610155
6146610165
6146610175
6146610185
6146610195
6146610205
6146610225
6146610235
6146610245
6146610255
6146610265
6146610275
6146610285
6146610295
6146610305
6146610315
6146610335
6146610345
6146610365
6146610375
6146610385
6146610395
6146610415
6146610425
6146610445
6146610455
6146610465
6146610475
6146610505
6146610515
6146610525
6146610535
6146610545
6146610555
6146610575
6146610605
6146610615
6146610625
6146610655
6146610675
6146610685
6146610695
6146610705
6146610715
6146610735
6146610745
6146610765
6146610775
6146610785
6146610805
6146610825
6146610835
6146610845
6146610875
6146610895
6146610925
6146610935
6146610945
6146610955
6146610995
6146611015
6146611025
6146611045
6146611055
6146611065
6146611075
6146611085
6146611095
6146611105
6146611115
6146611125
6146611145
6146611155
6146611165
6146611175
6146611195
6146611205
6146611215
6146611225
6146611245
6146611265
6146611285
6146611295
6146611305
6146611315
6146611325
6146611345
6146611365
6146611385
6146611405
6146611415
6146611425
6146611445
6146611455
6146611475
6146611485
6146611525
6146611535
6146611545
6146611565
6146611585
6146611605
6146611615
6146611645
6146611665
6146611675
6146611695
6146611705
6146611715
6146611735
6146611755
6146611775
6146611835
6146611845
6146611865
6146611875
6146611955
6146611995
6146612015
6146612045
6146612055
6146612115
6146612125
6146612135
6146612145
6146612165
6146612175
6146612225
6146612265
6146612275
6146612295
6146612305
6146612335
6146612345
6146612385
6146612395
6146612415
6146612435
6146612445
6146612465
6146612475
6146612505
6146612535
6146612565
6146612575
6146612595
6146612615
6146612645
6146612675
6146612685
6146612705
6146612735
6146612745
6146612775
6146612795
6146612805
6146612815
6146612845
6146612865
6146612875
6146612895
6146612925
6146612955
6146612995
6146613015
6146613025
6146613035
6146613045
6146613055
6146613075
6146613125
6146613145
6146613155
6146613195
6146613225
6146613235
6146613255
6146613275
6146613285
6146613295
6146613305
6146613315
6146613325
6146613345
6146613355
6146613365
6146613375
6146613385
6146613395
6146613415
6146613425
6146613455
6146613475
6146613485
6146613495
6146613505
6146613535
6146613545
6146613555
6146613565
6146613585
6146613605
6146613625
6146613635
6146613645
6146613655
6146613675
6146613685
6146613695
6146613735
6146613745
6146613755
6146613765
6146613775
6146613785
6146613795
6146613805
6146613825
6146613835
6146613845
6146613855
6146613875
6146613885
6146613895
6146613905
6146613915
6146613975
6146613985
6146614005
6146614015
6146614025
6146614045
6146614065
6146614075
6146614085
6146614095
6146614105
6146614135
6146614145
6146614155
6146614175
6146614185
6146614195
6146614205
6146614215
6146614225
6146614235
6146614245
6146614265
6146614275
6146614285
6146614295
6146614305
6146614315
6146614325
6146614335
6146614345
6146614355
6146614365
6146614375
6146614385
6146614395
6146614425
6146614435
6146614445
6146614455
6146614465
6146614475
6146614485
6146614505
6146614515
6146614535
6146614545
6146614555
6146614565
6146614575
6146614585
6146614595
6146614605
6146614615
6146614625
6146614645
6146614655
6146614665
6146614675
6146614685
6146614705
6146614715
6146614725
6146614735
6146614745
6146614755
6146614765
6146614775
6146614785
6146614795
6146614805
6146614815
6146614825
6146614835
6146614845
6146614855
6146614865
6146614875
6146614885
6146614895
6146614905
6146614915
6146614925
6146614935
6146614945
6146614955
6146614965
6146614975
6146614985
6146614995
6146615005
6146615025
6146615035
6146615045
6146615055
6146615065
6146615075
6146615085
6146615095
6146615105
6146615115
6146615125
6146615135
6146615155
6146615165
6146615175
6146615185
6146615195
6146615205
6146615215
6146615225
6146615235
6146615255
6146615265
6146615275
6146615285
6146615295
6146615305
6146615315
6146615325
6146615335
6146615345
6146615355
6146615365
6146615375
6146615385
6146615415
6146615425
6146615435
6146615445
6146615455
6146615465
6146615485
6146615495
6146615505
6146615515
6146615525
6146615535
6146615545
6146615555
6146615575
6146615585
6146615595
6146615605
6146615615
6146615625
6146615635
6146615645
6146615655
6146615665
6146615675
6146615685
6146615695
6146615705
6146615715
6146615725
6146615735
6146615745
6146615755
6146615765
6146615775
6146615785
6146615795
6146615805
6146615815
6146615825
6146615835
6146615855
6146615875
6146615885
6146615895
6146615905
6146615925
6146615935
6146615945
6146615955
6146615965
6146615975
6146615985
6146615995
6146616005
6146616015
6146616025
6146616035
6146616045
6146616055
6146616065
6146616075
6146616085
6146616095
6146616105
6146616125
6146616135
6146616165
6146616175
6146616185
6146616205
6146616215
6146616225
6146616235
6146616255
6146616265
6146616275
6146616285
6146616295
6146616305
6146616315
6146616345
6146616355
6146616365
6146616415
6146616425
6146616455
6146616475
6146616495
6146616505
6146616525
6146616535
6146616545
6146616555
6146616565
6146616585
6146616615
6146616625
6146616635
6146616645
6146616655
6146616665
6146616675
6146616695
6146616705
6146616745
6146616755
6146616775
6146616785
6146616805
6146616815
6146616865
6146616875
6146616885
6146616895
6146616935
6146616945
6146616955
6146616965
6146616975
6146616985
6146617005
6146617055
6146617075
6146617105
6146617135
6146617145
6146617175
6146617185
6146617225
6146617245
6146617255
6146617285
6146617305
6146617315
6146617325
6146617335
6146617345
6146617365
6146617385
6146617395
6146617415
6146617435
6146617445
6146617455
6146617475
6146617495
6146617505
6146617515
6146617525
6146617555
6146617615
6146617645
6146617665
6146617685
6146617705
6146617715
6146617725
6146617735
6146617745
6146617755
6146617775
6146617785
6146617805
6146617835
6146617845
6146617855
6146617885
6146617895
6146617905
6146617915
6146617925
6146617985
6146617995
6146618055
6146618065
6146618075
6146618105
6146618115
6146618125
6146618145
6146618155
6146618165
6146618185
6146618195
6146618225
6146618235
6146618245
6146618255
6146618265
6146618275
6146618295
6146618305
6146618325
6146618335
6146618345
6146618355
6146618365
6146618385
6146618395
6146618405
6146618415
6146618435
6146618445
6146618465
6146618475
6146618485
6146618495
6146618505
6146618515
6146618525
6146618535
6146618545
6146618555
6146618565
6146618575
6146618585
6146618595
6146618615
6146618635
6146618655
6146618665
6146618695
6146618705
6146618715
6146618725
6146618735
6146618745
