7054701503
7054995483
7055949143
7055949213
7055949563
7054995493
7055949333
7055949353
7055949393
7055949493
7057957723
7056893463
7057957883
7055949953
7056893413
7059790243
7058256113
7059790283
7057263353
7057958013
7059790253
7059790273
7056933813
7050750833
7055949423
7058534683
7060048983
7059796593
7059783653
7059790313
7053523443
7056099553
7060048863
7060049083
7055950203
7055950713
7055950753
7056224143
7059076073
7059790393
7055950673
7059793633
7060048613
7054995713
7055950873
7055950973
7053299723
7055951013
7055950863
7055950903
7055950963
7055951093
7055951133
7055951213
7055951183
7057263913
7058534793
7059558303
7059076173
7059790423
7059790433
7060049103
7059075133
7059798113
7060049153
7060049203
7058535263
7057748943
7057959293
7058534853
7059558323
7058448303
7052857263
7051986173
7052560653
7053201993
7053967483
7053392033
7053967413
7053967583
7053967493
7053967663
7053967513
7054701823
7053967533
7055951503
7054701793
7054995833
7059790503
7059790493
7060049253
7051780713
7053967613
7060049243
7059788413
7060049273
7060049283
7053024243
7053967543
7052560733
7052560753
7052748793
7058256333
7059076293
7059076313
7059790533
7059076303
7059597573
7058497913
7060049293
7055951543
7055951563
7055951583
7056224423
7056224443
7058256383
7059076343
7055951533
7059076353
7059076403
7059076373
7059076423
7059076443
7059076413
7059556313
7060049313
7059076323
7059076363
7055951553
7059076383
7059076463
7060049323
7052560603
7053202173
7053202213
7052560703
7053202333
7052560763
7053202373
7053202183
7054177453
7054177463
7054701913
7055951603
7055951593
7055951623
7055951643
7055951693
7055951833
7055951843
7057264263
7057959703
7058535183
7058535123
7059558393
7056224563
7059790633
7059076523
7059558383
7059558403
7059790623
7056467843
7058535113
7060049333
7060049353
7052560773
7052560833
7052560873
7051267723
7052560783
7053202223
7053202323
7053202363
7053202563
7055951723
7059790643
7053202163
7060049373
7060049393
7059510103
7056022183
7054995993
7059076543
7057264353
7057264373
7059076583
7059076533
7059076553
7059076573
7059076593
7059558453
7059790713
7060049303
7060049403
7060049413
7059600833
7060049383
7060049423
7052560983
7055951933
7056224673
7054996083
7056224693
7056224713
7054996103
7055951963
7056224683
7058256533
7057497403
7058535293
7059076653
7059076633
7059790753
7059790763
7052560923
7053202753
7059076613
7059554113
7059179873
7060049443
7059515923
7052450883
7052561023
7052561183
7057264463
7052561033
7058535363
7052561133
7052561233
7060049453
7060049463
7059785333
7060049483
7052561153
7053968303
7054996193
7058256683
7059076733
7059076753
7059076773
7059076763
7059076823
7059076873
7059076843
7059076813
7059076853
7059076863
7058256663
7059947413
7060049493
7058787893
7058785173
7060049503
7058535463
7058256693
7060049063
7059556673
7057960283
7059076903
7059558543
7059791193
7060049553
7060049543
7060049563
7060049573
7058535533
7058535523
7059077063
7059558573
7059558563
7059790853
7060049583
7059349263
7059349273
7060049473
7057960483
7057960493
7050208163
7051043043
7051174683
7051987563
7052751463
7053077383
7053203103
7053203163
7053203183
7051042913
7051267893
7053396623
7053968043
7053763183
7053763163
7053763273
7053968033
7053968603
7053968543
7054702163
7054996863
7053968713
7053968113
7053968533
7056894943
7053968793
7053969193
7055952193
7055952153
7057264733
7056894793
7054996673
7057960613
7058535693
7057960503
7057960533
7058256853
7057960573
7057960583
7058535723
7057960623
7057960603
7058535753
7058535703
7058535763
7057960543
7058535733
7059392833
7058535743
7058535713
7052857523
7053763223
7059558603
7059524233
7059774333
7049699173
7050751733
7051781863
7052751563
7052857763
7053203203
7054317133
7059560743
7058864183
7060049693
7054996903
7056894963
7054375433
7058791723
7058535783
7058535823
7056895133
7058535803
7058535773
7056895153
7056895113
7060049703
7060049683
7057264893
7060049713
7059365583
7049482073
7050751993
7050752013
7051043213
7059558693
7059791093
7060049723
7060038423
7060039633
7060042113
7059791123
7050751963
7050752003
7050752023
7052871923
7054996983
7054997023
7056895103
7057472063
7058535973
7058535963
7059791113
7060018753
7060018833
7059498763
7056895123
7060018623
7060049733
7060049743
7060049773
7060049793
7060049803
7060049813
7052561583
7046834863
7053763453
7056895173
7056895213
7053398643
7053398663
7056895253
7054375443
7055678703
7056895243
7056895263
7056895343
7056895383
7060016993
7060016913
7059979363
7058490303
7059558773
7060049783
7060016473
7054702733
7056225513
7056895453
7056895433
7056895443
7057265293
7057265333
7057265303
7059558803
7053969673
7060049863
7060049893
7059791143
7060049903
7060049913
7060049843
7060015983
7042378913
7042590513
7048677803
7049482863
7049699433
7050752063
7050752083
7050752153
7050752103
7050752173
7050752123
7050752163
7050752203
7057265373
7051990603
7057265413
7054375563
7057265343
7057265433
7057265383
7057265443
7059791203
7060049953
7060049873
7060049923
7060049963
7060049883
7060049933
7060049943
7060049973
7048028333
7050026643
7054178143
7054994003
7050208893
7052752753
7054178153
7054702833
7057265453
7057265473
7060049993
7060049983
7047612233
7048028353
7060050093
7042803783
7049701163
7055953163
7057265563
7059077383
7060050073
7059791243
7060050113
7050026683
7053204953
7053970073
7050209043
7051991343
7053969983
7056224913
7056225603
7056225133
7057265583
7057265613
7059558893
7057265593
7057961653
7057961633
7059560333
7060020133
7054997433
7050208923
7050209003
7060050133
7060050123
7059297393
7058748683
7058715973
7059308813
7059295713
7048028343
7048458973
7048459633
7051991443
7050026753
7053205093
7051991363
7053205293
7053205903
7053970173
7057961743
7053399523
7059061393
7056895823
7057961693
7059059813
7052561803
7057961703
7057961723
7057961773
7059060113
7053970193
7059062773
7059060313
7059069653
7059060413
7059062593
7059070303
7059062843
7059059613
7059060083
7059061693
7059065243
7059061723
7059062893
7059068493
7057961713
7059061653
7060050163
7060050173
7053970263
7049301733
7052752933
7053205233
7057211993
7059558983
7059558963
7056895833
7059559003
7059558973
7059558993
7059559013
7054703163
7059740423
7060050183
7053405943
7053970363
7053970383
7055953453
7056468293
7056896003
7054178343
7059559033
7059559053
7059559043
7059559093
7059559083
7059559103
7059791453
7055582213
7055953433
7059559113
7058552233
7060050213
7042378983
7042379003
7045867233
7046938933
7048028463
7042961843
7051783863
7051783683
7053206603
7052858903
7056895933
7059559173
7053399983
7051991643
7059559133
7053400103
7053763743
7059559193
7054703463
7054997763
7056895923
7059559143
7059559163
7059559183
7059559123
7050753303
7060050223
7060050233
7060050243
7046939113
7048028453
7049302093
7049702413
7052753023
7050026873
7051501113
7053763103
7052203773
7053763123
7053763143
7053763093
7053763113
7054375703
7053970553
7056896023
7056896063
7056896013
7056896053
7059559203
7059559243
7058791993
7058256733
7059559223
7059559263
7059559283
7059559253
7059559293
7049702433
7056896073
7059559213
7059559273
7060050263
7060050273
7058798683
7059561843
7059099683
7057265863
7045867393
7043970133
7044731293
7060050283
7060014213
7060050293
7045867613
7045867753
7043945183
7043958923
7045867793
7045867403
7045867873
7045867893
7056896103
7049703273
7050209873
7050209953
7051783793
7056896113
7056896093
7060050333
7055953753
7058536333
7058536353
7045867523
7045867803
7050209863
7050753263
7051272163
7056468243
7058257403
7058536323
7058536343
7058536363
7048028813
7055953823
7055953843
7055953793
7055953833
7059559343
7058536393
7053400663
7055953883
7055953903
7055953923
7059077733
7055953863
7055953933
7060050373
7055953963
7059077743
7054897713
7060050383
7045867703
7048028763
7048680683
7050753323
7052729973
7048680673
7055954093
7051991843
7055954063
7058792163
7045867903
7060050403
7055954123
7055954163
7056226153
7043026313
7043718223
7055954223
7044731623
7043921373
7043921003
7047612823
7049704273
7050210233
7050210413
7050210423
7051045753
7055954283
7055954293
7055954303
7055954313
7058792193
7045868293
7045868263
7047830103
7049483833
7050210593
7050210613
7050210653
7050210673
7059077813
7055954443
7058792183
7059077833
7059077823
7043238873
7042379283
7045868423
7049305253
7049483923
7050210713
7050210733
7050210813
7053380953
7050753553
7053380933
7050210763
7053380963
7055954513
7050210703
7050211123
7051046323
7055954713
7053380923
7053381003
7053380983
7055954483
7055954583
7055954643
7059077863
7045868393
7045868403
7050210803
7055954693
7050211113
7058792203
7055954843
7055954823
7055954853
7055954873
7055955193
7060050423
7055954903
7055954923
7059559463
7055954933
7055954973
7042808943
7045347063
7043922043
7045868753
7045566393
7045868693
7049306663
7045868803
7045869503
7045868713
7045869963
7055955443
7057266283
7047831113
7053764143
7049306743
7055955503
7055955413
7055955433
7055955473
7057266293
7053078223
7043720173
7055955463
7049484213
7056226593
7055955603
7055955643
7055955663
7057266323
7057266363
7057266303
7048683643
7057266343
7055955593
7048683663
7049162483
7057266313
7057266353
7055955633
7057266333
7044732983
7055955733
7055955833
7055955753
7055955823
7057266383
7055955853
7055955773
7055955793
7042591323
7045000203
7045570783
7045871023
7044733143
7044733073
7045871183
7044733013
7045871123
7055955923
7051047123
7055955883
7045871303
7049163113
7051501393
7045871313
7055955873
7055955963
7055955933
7055955953
7057266373
7044733113
7045870883
7045871053
7045871153
7055955843
7055956043
7055956053
7055956133
7055956033
7055956193
7055956123
7055956103
7055956113
7055956173
7055956163
7055956153
7055956243
7055956203
7043720483
7043924323
7053971883
7042379503
7055956073
7042696023
7042428073
7042696053
7044733243
7044733263
7057266413
7044733383
7044733363
7044733343
7045347543
7045347603
7045347583
7045347623
7045871363
7044733583
7045871463
7053971903
7045871483
7044733543
7042695973
7043721793
7043721893
7043721913
7044733253
7044733333
7044733353
7045871543
7044733573
7045871583
7045871643
7045347573
7052753703
7045347613
7055956263
7055956283
7045578173
7045871193
7045871353
7045871393
7045871413
7045871533
7045871573
7045871633
7051047173
7053971913
7055956253
7043721813
7044733373
7060050593
7043721803
7043721783
7054704963
7060050603
7043721863
7059791713
7059791683
7060050613
7054705003
7055956593
7054705023
7055956613
7055956543
7055956513
7055956583
7054704993
7054705013
7055956553
7054704953
7055956523
7060050633
7057942733
7055956603
7059814343
7047218823
7047218843
7047218883
7047218943
7056319763
7059067513
7060050623
7059285413
7060050763
7056701533
7056689943
7056691193
7048262253
7048245673
7056707313
7048278443
7058870803
7059791783
7058330483
7060050773
7060050783
7059790723
7059340233
7047218813
7047218833
7047218893
7047218953
7051047373
7051047393
7059557073
7060050413
7060050823
7053406033
7051047363
7053406023
7059791833
7060050643
7060050843
7060050153
7047219003
7047219043
7047219163
7048272753
7047219263
7053406003
7056687763
7057963463
7059846653
7056863233
7047218983
7056688373
7057452573
7060050873
7060047203
7047218993
7047219033
7047219313
7053406063
7047219533
7048246993
7048256013
7053764583
7053764513
7059791883
7059794233
7059016193
7060050903
7047219323
7047219113
7053406043
7047219333
7053764483
7048256913
7048279533
7056687343
7053406073
7056692143
7053764493
7053764533
7056715833
7060050913
7053764503
7059283673
7059728183
7056895023
7060050923
7059560533
7058862363
7060050943
7059557733
7059392483
7058802933
7047219053
7047219303
7047219363
7047219523
7059791953
7048249503
7056591823
7056697063
7059078223
7059272453
7060050953
7060050393
7060050933
7060050963
7059060253
7060050973
7048270863
7047219353
7048247793
7048278613
7059791973
7058444873
7059332433
7057480123
7060016923
7058206703
7060051003
7060051013
7053995423
7060051023
7059553843
7058450663
7047219653
7048254813
7047219643
7054376413
7054376433
7048252083
7058536613
7056706903
7057963763
7059792033
7060050993
7060051043
7060051063
7044505033
7044505053
7044505043
7048276453
7048276223
7048276713
7048276543
7055956853
7059078383
7059078403
7055956953
7055985573
7057963813
7057963833
7057963733
7059078413
7050757833
7053764553
7059078473
7059557223
7060051083
7058033463
7060051113
7055956943
7055956963
7059078463
7055956993
7056227073
7056896573
7058259113
7059075583
7057020183
7060051133
7059558313
7060051073
7060051103
7048261493
7048261753
7056681653
7048281843
7050757843
7058536693
7053763323
7058536733
7056683483
7056227063
7056683603
7056700883
7058536703
7058536743
7059048123
7059078483
7059792183
7053763313
7056691493
7057963993
7056690943
7060051183
7060051123
7060051193
7049632813
7055957163
7056227123
7056468923
7056227133
7058792763
7059078613
7060051203
7057717393
7060051213
7060051243
7059743603
7059792093
7055957223
7056227183
7056468943
7057268723
7057313383
7058536803
7058792803
7055957253
7058536813
7058792793
7060051263
7059786153
7060051283
7060051293
7057666113
7043715023
7055957383
7055957393
7056439143
7056896853
7056896873
7059079533
7059079423
7060049343
7043714873
7060051303
7060051313
7060051333
7059060693
7047216413
7049282533
7054376473
7055957713
7055957613
7056896893
7059792293
7059792313
7059792303
7054998763
7055957683
7056896903
7057964853
7060051353
7060051373
7047933703
7053967683
7055958103
7056896963
7058792903
7058792923
7059792333
7059792353
7059792343
7060051393
7059790803
7059792063
7054705783
7055958343
7056227243
7056227233
7059081083
7059081103
7059081163
7059081183
7058792933
7059081073
7059792363
7059081113
7059792383
7059081193
7059792403
7059792423
7059792443
7060051363
7060051413
7059792503
7059792373
7059792483
7059792433
7059792393
7059792473
7059792413
7059792453
7059792493
7059792513
7059080953
7059081093
7060051433
7059598663
7060051423
7042749953
7050664833
7055959143
7056227273
7058245093
7058245213
7056227263
7058248993
7058248973
7058243463
7058249083
7058793013
7058248983
7058536943
7058264643
7059081503
7059792533
7059081403
7059792553
7059792563
7058721273
7056437813
7054705893
7058793023
7059792543
7060051473
7060051463
7060051483
7047251753
7047552203
7048531833
7048641413
7048640723
7053708833
7055959613
7056227303
7059792603
7058264723
7059792613
7058264683
7058793063
7059792633
7059792653
7060051513
7060051503
7056897083
7054706053
7059700863
7056227373
7059792683
7059792703
7059792723
7059792673
7059792693
7059792713
7056834783
7056469523
7054706093
7059792733
7060051533
7058778293
7060051553
7042674823
7054999493
7055960493
7055960953
7051501523
7050488463
7053208263
7053208143
7059792773
7059792743
7059792783
7060051563
7059507773
7044042963
7054376553
7057272043
7060051573
7056428623
7060051593
7058615743
7060051603
7057272033
7058264993
7059083373
7055960743
7059083413
7056897163
7057965823
7059083363
7059083693
7059792803
7059083583
7059083603
7059792813
7059792823
7055857433
7059792843
7060051613
7060051623
7060051633
7058028193
7056470183
7053972433
7055415493
7059083683
7054672193
7059083843
7056897213
7058265013
7059792853
7059792883
7059792903
7059792923
7059792873
7059792893
7053972333
7059792863
7060051653
7060051663
7060051673
7060051683
7053208253
7055961943
7056897253
7057272153
7057966033
7058793223
7059084243
7059792933
7059792943
7059792953
7054376753
7059792963
7060051543
7059794903
7060051703
7060051723
7060051733
7060051743
7042307973
7042403653
7042405673
7042452913
7042248123
7042592913
7042590743
7042705253
7044034993
7044286453
7042848223
7044286213
7044287693
7044304493
7044580833
7044304083
7045200423
7044305393
7045221493
7044733813
7045263783
7045263583
7047248913
7046819573
7047317453
7053972443
7056443493
7057708133
7047954633
7053972393
7056580763
7057966103
7058265183
7055962453
7056580393
7058147063
7058265203
7058265193
7058029423
7058777303
7059793023
7056470343
7058609263
7060050893
7059779903
7059562353
7060050343
7048078193
7048481233
7046133783
7047221403
7048786433
7047735123
7049406213
7049522793
7049864513
7049643173
7048566983
7050299573
7050081353
7048573003
7048791503
7051071173
7049435363
7049414603
7049871063
7051224583
7050737983
7051970163
7052575333
7052175583
7051734353
7052562753
7052681413
7051992853
7052709203
7052762033
7052869723
7051268163
7051456343
7053024263
7053127223
7053303903
7052765823
7052880743
7055566593
7052219683
7053764813
7053316823
7053316613
7053380223
7053764783
7053316723
7053506143
7053782143
7053208423
7053457323
7053319503
7055566573
7055680433
7053969013
7053266203
7057966213
7053972483
7053972503
7053970563
7053793523
7053380023
7055566563
7054179303
7055566543
7058265233
7058265313
7058265333
7058793293
7057272523
7058793353
7058265393
7059692373
7057966223
7058265243
7058265323
7058793313
7059793093
7058793333
7058265363
7059793103
7058793393
7059793123
7058265263
7058793383
7058265283
7058793363
7059085823
7059078423
7058793403
7059085493
7058265403
7051995423
7052681393
7058265253
7057966193
7057966263
7058265383
7058793323
7060051773
7060051783
7060051793
7060051803
7060051813
7059378203
7051992893
7060051823
