6049967489
6050488459
6050700939
6050997659
6051820439
6051820539
6052010469
6052010489
6052010529
6052010579
6052720429
6053783639
6053785799
6053787099
6053889079
6054008639
6055838039
6056035319
6057528279
6057654659
6058839949
6058963809
6059218729
6059805909
6064477629
6064606759
6065599559
6065605279
6065911759
6065921809
6065961059
6066835879
6067003249
6067003299
6067003309
6067003319
6067003329
6067003339
6067003359
6067003369
6067003389
6067003399
6067003409
6067003419
6067003439
6067003449
6067003459
6067003479
6067003489
6067539299
6067540209
6067540359
6067748239
6067792519
6067834229
6067848389
6068288089
6068480449
6068862819
6069229999
6069504679
6069767819
6070894159
6070894449
6070905689
6070905869
6071519919
6072217469
6072327509
6072490849
6072490949
6072567439
6072657769
6072660499
6072662319
6072699929
6072724819
6072726709
6072762999
6072763019
6072763459
6072764059
6072765789
6072809619
6072811259
6072826229
6072882079
6072921609
6072973059
6072973549
6072973729
6073005789
6073274989
6073395769
6073396159
6073444879
6073464149
6073498989
6073570339
6073650359
6073650399
6073650629
6073872729
6073879349
6073888849
6073889719
6073890409
6073890759
6073890919
6073910399
6074413279
6074413299
6074714449
6074759219
6074829829
6074830189
6074837989
6074939339
6074939619
6075012519
6075218179
6075612679
6075613509
6075614599
6075641059
6075641139
6075641959
6076414549
6076436999
6077217789
6077218289
6077458669
6078047019
6078047959
6078054769
6078057079
6079158099
6079159829
6079168569
6079168739
6079169329
6079172919
6079176589
6079179679
6079180469
6079354619
6080067599
6080070149
6080077169
6080079129
6080079199
6080080289
6080080329
6080081349
6080089479
6080196039
6080196509
6080296909
6080921779
6080993359
6080993779
6081160429
6081218909
6081398489
6081399079
6081399679
6081400429
6081401539
6081403129
6081403659
6081404929
6081410479
6081421519
6081421809
6081428939
6081430169
6081430709
6081431039
6081437449
6081438949
6081440649
6081492419
6081492529
6081492769
6081507849
6082414369
6082416559
6082426289
6082667029
6082676789
6082676849
6082677059
6082677109
6082677199
6082677249
6082677309
6082677359
6083432029
6083432699
6083437069
6083445569
6083446009
6083446209
6083446589
6084436259
6084446089
6084459519
6084460849
6084460939
6084466549
6084467039
6084479239
6084542749
6085002679
6085062529
6085066429
6085342999
6085371619
6085434319
6085434329
6085435809
6085436239
6085436679
6085436799
6085437559
6085438179
6085438199
6085439049
6085439319
6085439339
6085439419
6085441879
6085442659
6085442679
6085442709
6085442739
6085442819
6085443029
6085443589
6085443599
6085443789
6085443889
6085444049
6085444059
6085444189
6085444209
6085444249
6085444319
6085444349
6085444379
6085444499
6085444989
6085445009
6085445169
6085445259
6085445279
6085445299
6085445339
6085445359
6085447649
6085447959
6085448609
6085448959
6085448979
6085452739
6085453609
6085455559
6085456119
6085456549
6085457139
6085457219
6085465079
6085465879
6086179259
6086179289
6086179389
6086179459
6086179519
6086179529
6086179539
6086179569
6086179589
6086179599
6086179629
6086179649
6086179679
6086179759
6086693389
6086696449
6086696489
6086697079
6086697129
6086721619
6087189139
6087595359
6087601759
6088400329
6088400879
6088401849
6088411419
6088414999
6088418389
6088421779
6088422119
6088423509
6088424569
6088424629
6088681819
6088682119
6088684659
6088685239
6088685389
6089317429
6089318379
6089318849
6089320589
6089327709
6089332229
6089332979
6089336949
6089337709
6089341119
6089341629
6089343429
6089343509
6089343939
6089355979
6089410959
6089411859
6089573919
6089574639
6089596979
6090001919
6090069379
6090339929
6090342519
6090349039
6090502979
6090548819
6090992219
6091256499
6091288419
6091303219
6091307179
6091308729
6091310929
6091311039
6091317219
6091323939
6091325199
6091337159
6091338649
6091762559
6092412259
6092529069
6092531319
6092532439
6092532549
6092537279
6092540219
6092545159
6092546859
6092549839
6092551569
6092552329
6092552659
6092553419
6092554099
6092556489
6092557539
6092563119
6092563159
6092564289
6092567219
6092570129
6092577839
6092756069
6092952329
6092952449
6093081389
6093176149
6093342409
6093342489
6093345479
6093348749
6093348819
6093349499
6093349979
6093350009
6093350159
6093350169
6093350229
6093350529
6093351209
6093352259
6093352439
6093352959
6093353109
6093354849
6093354929
6093355049
6093357619
6093359239
6093359259
6093359269
6093359339
6093359399
6093360339
6093360389
6093360879
6093361099
6093362279
6093362939
6093363019
6093363149
6093364129
6093365009
6093365259
6093365359
6093365449
6093366129
6093366559
6093367689
6093367699
6093367769
6093368329
6093369329
6093370089
6093370389
6093370439
6093370529
6093370609
6093370819
6093372419
6093375019
6093375079
6093375209
6093375339
6093375749
6093375759
6093375769
6093376759
6093376769
6093376869
6093377509
6093378079
6093378099
6093378779
6093378889
6093378999
6093379459
6093379479
6093379829
6093379859
6093380479
6093380609
6093381469
6093381749
6093381829
6093382719
6093382769
6093383119
6093383209
6093383549
6093384069
6093384079
6093384209
6093384499
6093385439
6093385689
6093385839
6093385899
6093386119
6093386459
6093386469
6093386699
6093386759
6093386869
6093386889
6093387159
6093387269
6093387339
6093387349
6093387359
6093387369
6093387449
6093387599
6093387669
6093387849
6093663289
6093664049
6093695249
6093696329
6093697069
6093697879
6093744509
6093745369
6093828709
6093865179
6094135509
6094136179
6094136269
6094236919
6094362829
6094363989
6094391099
6094392859
6094393199
6094406449
6094416409
6094424149
6094424299
6094426959
6094430399
6094432059
6094432479
6094433649
6094434149
6094708079
6095284619
6095373249
6095427699
6095445069
6095478649
6095532949
6095534629
6095560929
6095563249
6095563789
6095564749
6095564919
6095565519
6095566539
6095568539
6095568719
6095572579
6095575549
6095576219
6095582959
6095588489
6095588569
6095589569
6095589599
6095592729
6095593559
6095599269
6096063329
6096064249
6096128929
6096128969
6096196409
6096196459
6096607399
6096609909
6096732629
6096733149
6096735359
6096735479
6096736309
6096738089
6096739449
6096740479
6096740559
6096740629
6096742869
6096742899
6096745239
6096748349
6096749709
6096814559
6096869159
6097146289
6097578399
6097667969
6097671279
6097672369
6097674059
6097674089
6097674979
6097677339
6098499819
6098540459
6098540929
6098541339
6098542599
6098543109
6098543609
6098543819
6098543839
6098545779
6098547359
6098547569
6098547919
6098548849
6098548869
6098549379
6098550939
6098551419
6098551489
6098552029
6098553699
6098554209
6098555499
6098555829
6098556429
6098559569
6098561339
6098563689
6098738919
6098740709
6098820669
6099375689
6099377049
6099378859
6099517419
6099530479
6099532339
6099535099
6099535489
6099536159
6099539819
6099540339
6099541169
6099545659
6099547449
6099547459
6099553589
6099553709
6099560189
6099561059
6099563069
6099563179
6099563689
6099564269
6099564439
6099565959
6099569969
6099571479
6099573119
6099575489
6099576539
6099577339
6099585879
6099708789
6099905769
6099911319
6099912799
6100346459
6100346869
6100348329
6100404799
6100406959
6100410109
6100410429
6100411209
6100411309
6100411819
6100412809
6100610669
6100733739
6100761639
6100964229
6100978749
6101149499
6101195429
6101196029
6101196059
6101196089
6101196249
6101196439
6101196669
6101197429
6101197489
6101197959
6101197979
6101198039
6101198089
6101198149
6101200799
6101200979
6101201989
6101202549
6101203909
6101204099
6101204449
6101205629
6101206129
6101208649
6101213309
6101213509
6101214209
6101215069
6101215739
6101215899
6101217689
6101220139
6101221699
6101226889
6101229689
6101230329
6101231779
6101233159
6101235459
6101256879
6101344029
6101421389
6101482759
6101741859
6101747259
6101764899
6101824929
6102306699
6102454059
6102454849
6102508429
6102566369
6102613859
6102614389
6102619289
6102621619
6102622779
6102626109
6102628929
6102631549
6102632119
6102634379
6102634399
6102635359
6102637649
6102637719
6102637869
6102638669
6102639519
6102639689
6102639919
6102640179
6102640889
6102646289
6102646309
6102651199
6102746519
6102822959
6103356439
6103473179
6103769679
6103793679
6103907529
6103908289
6103909489
6103915519
6103918999
6103921209
6103921829
6103922059
6104218359
6104752019
6104976869
6104977059
6104977099
6104978839
6104980019
6104982879
6104984169
6104984999
6105063939
6105409069
6105657859
6105701589
6105701639
6105719309
6105749399
6105793169
6105794949
6105794999
6105795299
6105795829
6105798349
6105798569
6105799889
6105799959
6105800389
6105802589
6105803419
6105803539
6105803639
6105803799
6105804949
6105806349
6105807429
6105808499
6105808779
6105811659
6105817239
6105818099
6105818729
6105819249
6105819579
6105819809
6105822739
6105825249
6105946129
6106054719
6106256049
6106575149
6106839429
6106970109
6106971409
6106973149
6106973279
6106973769
6106973999
6106974339
6106975059
6106975239
6106975899
6106976159
6106976569
6106979829
6106980209
6106980409
6106980709
6106981009
6106982769
6106983069
6106983479
6106983489
6106983549
6106983769
6106984019
6106984239
6106984289
6106986339
6106987029
6106987149
6106987319
6106988449
6106989609
6106995759
6106996649
6106996869
6106997859
6107003529
6107005979
6107061579
6107070009
6107070169
6107076759
6107116949
6107778889
6107780999
6107829809
6107830619
6107869059
6107949039
6107949289
6108044339
6108049949
6108072769
6108073369
6108166069
6108168509
6108172509
6108175469
6108175549
6108175719
6108175979
6108176039
6108178359
6108178779
6108178839
6108178999
6108179079
6108179119
6108179919
6108180649
6108180699
6108185459
6108186499
6108210549
6108211229
6108224319
6108293419
6108464949
6108676359
6108677309
6108677569
6109231939
6109243519
6109250699
6109335619
6109394489
6109466989
6109484279
6109484319
6109622519
6109653469
6109804599
6109899779
6109974439
6110003639
6110009629
6110017299
6110048749
6110071519
6110097809
6110098139
6110099739
6110105089
6110105279
6110107499
6110108039
6110121909
6110195639
6110197299
6110198059
6110201539
6110201939
6110203359
6110203659
6110204249
6110204659
6110204779
6110206539
6110206869
6110206979
6110207109
6110207679
6110207999
6110208049
6110208409
6110208659
6110208949
6110209859
6110210249
6110210699
6110211269
6110212249
6110217849
6110218329
6110367659
6110533559
6111069119
6111146259
6111146289
6111147649
6111148159
6111150099
6111150869
6111151209
6111151869
6111153149
6111153789
6111154189
6111154289
6111154489
6111154529
6111157409
6111158479
6111158599
6111158909
6111159019
6111159089
6111159329
6111164799
6111164809
6111164819
6111164829
6111164839
6111164849
6111164869
6111164899
6111164909
6111164919
6111164939
6111164969
6111164989
6111165009
6111165029
6111165049
6111165069
6111165109
6111165149
6111165169
6111165189
6111165229
6111165269
6111165289
6111165329
6111165389
6111165409
6111165429
6111165469
6111165509
6111165629
6111165649
6111165669
6111165709
6111165729
6111165749
6111165769
6111165789
6111165809
6111165829
6111165849
6111165869
6111165889
6111165909
6111165929
6111165949
6111166009
6111166049
6111166109
6111166209
6111166229
6111166249
6111166289
6111166329
6111166389
6111166429
6111166449
6111166469
6111166489
6111166509
6111166529
6111166569
6111166609
6111166629
6111166649
6111166689
6111166729
6111166809
6111166849
6111166889
6111166909
6111166929
6111166989
6111167009
6111167069
6111167109
6111167129
6111167149
6111167169
6111167189
6111167229
6111167249
6111167309
6111167369
6111167429
6111167469
6111167489
6111167549
6111167589
6111167609
6111167629
6111167649
6111167709
6111167729
6111167749
6111167789
6111167809
6111167849
6111167889
6111167929
6111168049
6111168069
6111168089
6111168109
6111168129
6111168149
6111168169
6111168209
6111168249
6111168269
6111168289
6111168309
6111168329
6111168349
6111168369
6111168589
6111168629
6111168649
6111168669
6111168709
6111168729
6111168769
6111168789
6111168829
6111168869
6111168929
6111168989
6111169069
6111169089
6111169109
6111169129
6111169249
6111169329
6111169409
6111169449
6111169469
6111169489
6111169509
6111169609
6111169629
6111169669
6111169749
6111169769
6111169829
6111169849
6111169869
6111169909
6111169929
6111169949
6111169969
6111170049
6111170069
6111170089
6111170149
6111170169
6111170189
6111170209
6111170229
6111170249
6111170269
6111170329
6111170369
6111170409
6111170449
6111170469
6111170489
6111170509
6111170529
6111170549
6111170569
6111170589
6111170649
6111170729
6111170749
6111170769
6111170789
6111170829
6111170849
6111170869
6111170909
6111170929
6111170989
6111171009
6111171049
6111171189
6111171249
6111171269
6111171309
6111171329
6111171349
6111171369
6111171429
6111171469
6111171509
6111171529
6111171549
6111171569
6111171589
6111171629
6111171669
6111171809
6111172009
6111172049
6111172109
6111172149
6111172169
6111172189
6111172209
6111172249
6111172269
6111172289
6111172309
6111172329
6111172409
6111172449
6111172489
6111172569
6111172629
6111172649
6111172669
6111172709
6111172809
6111172829
6111172869
6111172889
6111172909
6111172929
6111172949
6111172969
6111173029
6111173049
6111173089
6111173109
6111173129
6111173169
6111173189
6111173229
6111173269
6111173279
6111173329
6111173349
6111173389
6111173409
6111173449
6111173469
6111173509
6111175639
6111175999
6111176419
6111176499
6111177179
6111185439
6111436509
6111573319
6111842929
6111843879
6111845169
6112268899
6112268919
6112269719
6112270639
6112270719
6112273979
6112274229
6112274309
6112274629
6112274839
6112274869
6112274999
6112275369
6112275919
6112767499
6112892889
6112989069
6113081369
6113252629
6113370539
6113371689
6113372279
6113374059
6113374729
6113375469
6113375549
6113377339
6113377449
6113377469
6113379739
6113380619
6113380739
6113381919
6113382829
6113382939
6113383059
6113383389
6113384699
6113386089
6113386879
6113387089
6113387289
6113387449
6113387529
6113387569
6113389479
6113390269
6113390499
6113390779
6113390799
6113390879
6113390959
6113391029
6113391859
6113396209
6113397339
6113397359
6113397569
6113718249
6113732729
6113972229
6114158899
6114339359
6114362559
6114366439
6114377329
6114405609
6114411219
6114414419
6114422119
6114456239
6114472349
6114474939
6114474959
6114475539
6114476339
6114478519
6114479479
6114480919
6114481079
6114481269
6114483239
6114484709
6114487019
6114487819
6114488749
6114491109
6114491359
6114492409
6114492549
6114493309
6114493979
6114495269
6114495679
6114498029
6114498309
6114498549
6114498759
6114499909
6114501189
6114502339
6114508459
6114509439
6114601529
6114676209
6114875929
6115143099
6115332609
6115424039
6115484769
6115512149
6115518869
6115523969
6115532169
6115540469
6115632519
6115632709
6115632729
6115632819
6115632879
6115632889
6115633069
6115635359
6115635489
6115635499
6115637419
6115637449
6115638079
6115638899
6115640219
6115640689
6115642019
6115643319
6115643919
6115646029
6115646129
6115646489
6115739939
6115906789
6116611889
6116655799
6116804309
6116812159
6116812299
6116813629
6116860619
6116884519
6116884599
6116885109
6116886049
6116886789
6116886929
6116888299
6116888709
6116888739
6116889379
6116889999
6116890399
6116890519
6116891389
6116891519
6116891799
6116891879
6116892169
6116892609
6116893259
6116893859
6116896019
6116896589
6116897249
6116900809
6116902789
6116903359
6116903389
6116903589
6116903609
6116904919
6116905679
6116905829
6116905889
6116905979
6116908239
6116908559
6116909249
6116909619
6116912319
6116913509
6116913609
6116913879
6116916229
6116916879
6116919719
6116919769
6116919799
6116920189
6116920399
6116920499
6116921019
6116922449
6116922509
6116923019
6116923259
6116923399
6116923939
6116924499
6116924819
6116925369
6116925509
6116925519
6116925699
6116925869
6116926599
6116926639
6116926989
6116927049
6116927159
6116927369
6116927689
6116927999
6116928009
6116929089
6116929249
6116929299
6116929709
6116929819
6116930599
6116931139
6116931439
6116931629
6116932319
6116932469
6116932509
6116932909
6116933149
6116933249
6116933449
6116933629
6116933639
6116933729
6116933889
6116934009
6116934249
6116934539
6116934639
6116935199
6116935609
6116935619
6116936579
6116936609
6116936679
6116936689
6116937289
6116937969
6116937979
6116938059
6116938079
6116938209
6116938279
6116938569
6116938899
6116939159
6116939299
6116939449
6116939679
6116939989
6116940259
6116940619
6116940749
6116941189
6116941249
6116941499
6116942469
6116942529
6116942799
6116943189
6116943209
6116943319
6116943419
6116944069
6116944279
6116944289
6116944379
6116944449
6116944739
6116944999
6116945229
6116945359
6116946079
6116946229
6116946239
6116946529
6116946639
6116946779
6116947059
6116947069
6116947089
6116947249
6116947359
6116947709
6116947899
6116948499
6116948869
6116949249
6116949589
6116949649
6116949789
6116950129
6117419129
6117420349
6117726919
6117815959
6117817959
6117959179
6118031129
6118032409
6118042609
6118054189
6118082909
6118082929
6118083009
6118083259
6118083639
6118084489
6118084599
6118084689
6118084879
6118085089
6118086179
6118089829
6118090139
6118091449
6118092259
6118092629
6118092749
6118092909
6118093169
6118093239
6118093409
6118093699
6118093729
6118093809
6118094399
6118094409
6118094459
6118094479
6118094959
6118096579
6118096899
6118097119
6118099529
6118101049
6118101079
6118101509
6118102599
6118102919
6118103029
6118103139
6118103149
6118103719
6118103739
6118104669
6118104979
6118105329
6118105459
6118106209
6118106229
6118106569
6118106799
6118106879
6118107239
6118108029
6118108109
6118108129
6118108689
6118108729
6118108989
6118109089
6118109429
6118109529
6118109599
6118109649
6118109829
6118110389
6118112479
6118112559
6118112609
6118112639
6118479159
6118724349
6118955899
6118956119
6118956949
6118957729
6118963009
6118965239
6118967899
6118969949
6118973329
6118974809
6118977189
6118977429
6118977649
6118979449
6118980419
6118983639
6118984109
6118984179
6118984919
6118986899
6118987449
6118987659
6118987699
6118988019
6118988029
6118988589
6118989019
6118990119
6118995279
6118998389
6119002259
6119003189
6119005849
6119005859
6119005969
6119018809
6119029219
6119105439
6119118989
6119121249
6119121549
6119144689
6119230819
6119259229
6119338169
6119650509
6119765949
6119910389
6119918079
6119941379
6119954269
6119954569
6119955719
6119956389
6119956429
6119956529
6119956709
6119956719
6119956889
6119957519
6119958509
6119960189
6119960229
6119960269
6119960299
6119960369
6119960379
6119961529
6119961809
6119963999
6119964049
6119964549
6119964599
6119964929
6119965539
6119965589
6120128729
6120131059
6120208189
6120427619
6120677109
6120699399
6120728969
6120730689
6120814309
6120866949
6120977509
6121038269
6121063759
6121064909
6121064949
6121065589
6121066609
6121067199
6121068079
6121068629
6121069499
6121069739
6121070579
6121070589
6121071059
6121071069
6121071659
6121072209
6121072599
6121072769
6121079489
6121080559
6121081619
6121082419
6121083239
6121083629
6121083799
6121084979
6121085349
6121085789
6121086399
6121086549
6121087059
6121087359
6121087659
6121088679
6121090849
6121091109
6121092409
6121097979
6121099689
6121100019
6121102129
6121104249
6121104999
6121107889
6121108819
6121110359
6121110519
6121111029
6121111509
6121111529
6121112019
6121112219
6121113739
6121113809
6121118199
6121119549
6121122279
6121123359
6121125399
6121125579
6121135239
6121226089
6121518949
6121519589
6122097129
6122134479
6122207769
6122208539
6122219129
6122278989
6122279219
6122280149
6122280239
6122280289
6122281509
6122283429
6122285049
6122285779
6122287219
6122288289
6122288629
6122288689
6122289319
6122289879
6122290269
6122291929
6122292729
6122293419
6122293489
6122293859
6122294299
6122294349
6122294929
6122295149
6122295289
6122295349
6122295609
6122296599
6122297099
6122297849
6122298759
6122299269
6122300569
6122301519
6122303469
6122303979
6122304409
6122305039
6122305129
6122305199
6122305559
6122305839
6122305939
6122307209
6122307679
6122308659
6122310259
6122478869
6122478919
6122564299
6122882519
6122921789
6122940889
6122967719
6123059439
6123271199
6123377569
6123382949
6123386609
6123440569
6123446989
6123482899
6123913469
6123938949
6124249069
6124529069
6124656269
6124656489
6124657629
6124657749
6124657769
6124659789
6124660219
6124661149
6124661449
6124663299
6124663529
6124664339
6124665009
6124666269
6124666399
6124667239
6124668469
6124668969
6124669229
6124669719
6124669869
6124670659
6124671469
6124671909
6124672009
6124672939
6124673109
6124673389
6124673639
6124673809
6124674429
6124675349
6124675759
6124677109
6124677119
6124677189
6124677219
6124677229
6124677269
6124677279
6124677299
6124677329
6124677379
6124677409
6124677529
6124677819
6124679289
6124681809
6124682239
6124683129
6124684609
6124686479
6124686599
6124687719
6124688539
6124892059
6124898699
6125103459
6125201539
6125339439
6125339819
6125343829
6125361969
6125499689
6125702129
6125747689
6125747999
6125748009
6125748089
6125766349
6125774459
6125776909
6125777479
6125778019
6125778189
6125778359
6125778719
6125778829
6125778939
6125779699
6125779759
6125780299
6125782139
6125783179
6125783479
6125783509
6125783799
6125784249
6125784309
6125785149
6125785159
6125786009
6125786029
6125786059
6125786259
6125786529
6125786639
6125786779
6125787179
6125787249
6125787319
6125787439
6125787799
6125787999
6125788079
6125788419
6125788809
6125790509
6125790519
6125792499
6125792539
6125793429
6125794479
6125794879
6125794929
6125795619
6125796019
6125796279
6125796389
6125796789
6125796819
6125796869
6125797129
6125797629
6125797809
6125798469
6125798569
6125798579
6125798619
6125798729
6125798759
6125798869
6125798969
6125798979
6125799529
6125799929
6125800199
6125800289
6125800299
6125800569
6125800709
6125801069
6125801209
6125801299
6125801329
6125801349
6125801979
6125802229
6125803049
6125803289
6125804359
6125804839
6125805799
6125806099
6125806369
6125806539
6125809349
6125810759
6125814459
6125976759
6125976959
6125977139
6125989979
6126197909
6126302489
6126511069
6126584429
6126624409
6126665899
6126835579
6126856709
6126864079
6126885219
6126888909
6126889399
6126890219
6126890229
6126890289
6126890399
6126890719
6126890979
6126891279
6126892299
6126892869
6126892899
6126892969
6126893829
6126894809
6126894879
6126896469
6126897009
6126897499
6126897929
6126898469
6126898749
6126899359
6126899409
6126899529
6126899619
6126899879
6126900139
6126900189
6126900419
6126900549
6126901129
6126901499
6126901509
6126901569
6126901629
6126901889
6126902639
6126903119
6126904419
6126904449
6126904579
6126906039
6126906349
6126907859
6126910499
6126910709
6126910759
6126910989
6126913399
6126914809
6126916419
6126917189
6126917959
6126920299
6126924829
6127005119
6127022659
6127136319
6127179679
6127527559
6127811479
6127831539
6127880779
6127881149
6127884709
6127889469
6127890719
6127892789
6127894199
6127894819
6127898769
6127980299
6128196199
6128296129
6128642329
6128716389
6128716769
6128908669
6128920639
6128995359
6128995749
6128995969
6128996059
6128996809
6128997169
6128997449
6128997619
6128997659
6128997769
6128997929
6128998229
6128998459
6128999389
6128999679
6129000589
6129001249
6129001449
6129001469
6129001609
6129001859
6129002169
6129002179
6129002329
6129002449
6129002529
6129002719
6129003469
6129003489
6129003789
6129004039
6129004789
6129005609
6129006129
6129007069
6129007099
6129007179
6129007399
6129007589
6129008269
6129008559
6129010549
6129010839
6129010869
6129011469
6129012299
6129012849
6129013029
6129013209
6129013549
6129013699
6129013779
6129014389
6129015039
6129015129
6129015509
6129016959
6129017069
6129017179
6129017429
6129017619
6129017699
6129019199
6129020609
6129021069
6129021089
6129021309
6129021459
6129021589
6129021639
6129021899
6129022879
6129024759
6129031399
6129031909
6129034349
6129034879
6129035979
6129037779
6129079539
6129079549
6129180269
6129233269
6129233319
6129259149
6129358569
6129403379
6129406289
6129406309
6129408079
6129877809
6129966809
6130091779
6130124269
6130132029
6130134339
6130140289
6130140849
6130153499
6130153729
6130154169
6130154979
6130155449
6130185279
6130205359
6130205829
6130205839
6130206139
6130206369
6130206719
6130206739
6130207239
6130207259
6130207369
6130208249
6130208779
6130209209
6130211019
6130211399
6130211989
6130212779
6130213389
6130216149
6130216869
6130217149
6130217959
6130218629
6130219099
6130219479
6130219499
6130219529
6130219659
6130220419
6130220849
6130221019
6130221129
6130221289
6130221509
6130222239
6130222339
6130222359
6130222589
6130223079
6130223829
6130224469
6130225049
6130226209
6130226419
6130226659
6130226719
6130227089
6130227689
6130228429
6130229049
6130229219
6130229479
6130229619
6130230419
6130231849
6130232509
6130240669
6130259049
6130277219
6130530549
6130884459
6130960989
6131065039
6131082589
6131281139
6131298529
6131352739
6131353179
6131354089
6131354229
6131354729
6131355329
6131355349
6131355359
6131355459
6131355509
6131355559
6131355589
6131355619
6131356009
6131356519
6131357349
6131357819
6131357919
6131358549
6131359129
6131359329
6131360319
6131361849
6131363799
6131364889
6131365019
6131365699
6131368179
6131369509
6131834909
6131842669
6132015289
6132080869
6132173149
6132331369
6132332299
6132359769
6132360139
6132361699
6132362059
6132362459
6132362649
6132362709
6132363689
6132363929
6132364759
6132365009
6132365699
6132365979
6132366409
6132367369
6132367729
6132367849
6132367939
6132368409
6132368639
6132368759
6132369419
6132369439
6132369539
6132369609
6132369939
6132371059
6132371809
6132371879
6132371929
6132372009
6132372789
6132373009
6132373949
6132375669
6132375679
6132375759
6132375849
6132376179
6132376369
6132376519
6132376809
6132376899
6132377169
6132377699
6132377719
6132378149
6132378239
6132378299
6132378549
6132378609
6132379209
6132379369
6132379609
6132379819
6132379859
6132380229
6132381089
6132381869
6132381879
6132383019
6132383149
6132384699
6132385449
6132385459
6132386049
6132470929
6132471249
6132527559
6132654439
6132714239
6132715339
6132715389
6132824259
6132857439
6132905789
6132979239
6133055619
6133125139
6133156009
6133280089
6133340149
6133367689
6133397159
6133438539
6133439869
6133458029
6133469449
6133490469
6133497699
6133501789
6133511069
6133548019
6133548269
6133548329
6133549519
6133549589
6133552299
6133552529
6133552549
6133552689
6133552709
6133552729
6133553729
6133554039
6133554169
6133554229
6133554779
6133554999
6133555119
6133555239
6133555319
6133555339
6133555589
6133555609
6133556149
6133556539
6133557779
6133558029
6133559189
6133559539
6133559939
6133560079
6133560129
6133560509
6133560639
6133560689
6133561409
6133562999
6133563889
6133563899
6133563909
6133565419
6133565429
6133566519
6133568639
6133569029
6133570109
6133570479
6133571079
6133571679
6133572899
6133573879
6133574409
6133575009
6133575199
6133575369
6133575999
6133576169
6133576319
6133576959
6133577229
6133577899
6133578199
6133578299
6133579769
6133580969
6133582399
6133582549
6133585189
6133586089
6133589439
6133591309
6133591829
6133593299
6133593499
6133593529
6133594069
6133778629
6133844259
6134044179
6134098989
6134148149
6134235889
6134488579
6134551789
6134748509
6134763109
6134763469
6134810579
6134851559
6134851629
6134887219
6134887229
6134887239
6134942959
6134942979
6134943029
6134943039
6134945369
6134959679
6134959779
6134990879
6134991389
6134991869
6134993569
6134993969
6134994349
6134994499
6134994999
6134996039
6134996439
6134997439
6134997519
6134998049
6134998219
6134998559
6134999579
6134999689
6135000309
6135000779
6135000809
6135000979
6135001609
6135001759
6135001869
6135002519
6135002549
6135003179
6135003359
6135003549
6135003709
6135004049
6135004149
6135005259
6135005649
6135006589
6135006759
6135007329
6135007419
6135007859
6135008919
6135009119
6135010329
6135010359
6135011099
6135011139
6135011339
6135012319
6135013169
6135013449
6135013729
6135014169
6135014649
6135014699
6135015059
6135016189
6135017779
6135019649
6135019949
6135020079
6135023039
6135023519
6135025119
6135028149
6135028429
6135028489
6135032009
6135032029
6135032059
6135032159
6135032349
6135032359
6135032649
6135032689
6135131699
6135315339
6135364489
6135664549
6135767089
6135912219
6135928399
6135960169
6135969199
6136024289
6136024349
6136098979
6136134849
6136174909
6136178839
6136194449
6136311189
6136311899
6136313549
6136313679
6136316479
6136317309
6136318829
6136318869
6136319979
6136320349
6136320459
6136321699
6136322329
6136324719
6136325619
6136326029
6136326779
6136326909
6136327569
6136327599
6136328249
6136328859
6136329879
6136330199
6136330209
6136348819
6136352309
6136367019
6136383429
6136416129
6136427689
6136427979
6136461469
6136573499
6136628079
6136639619
6136713309
6136714979
6136929929
6136931089
6136931159
6136940409
6136943909
6136975609
6136976539
6136977309
6136980949
6137095109
6137096919
6137129259
6137157239
6137230339
6137301809
6137321519
6137409119
6137411589
6137412339
6137412369
6137412779
6137412809
6137413349
6137413359
6137414539
6137415129
6137416579
6137418549
6137420089
6137420299
6137422789
6137423929
6137427319
6137427409
6137428059
6137428569
6137428629
6137428909
6137429319
6137429539
6137429679
6137430039
6137430289
6137430699
6137430829
6137430939
6137431359
6137431819
6137431859
6137432189
6137432239
6137432379
6137432869
6137432999
6137433079
6137433099
6137433339
6137433559
6137433709
6137434079
6137434269
6137434559
6137434859
6137435669
6137435869
6137435879
6137436649
6137436769
6137436849
6137436999
6137437209
6137437949
6137438039
6137438339
6137438589
6137438609
6137439999
6137443639
6137445719
6137445869
6137445919
6137446179
6137446199
6137447039
6137453759
6137454439
6137454989
6137455489
6137455799
6137456149
6137456179
6137527459
6137623339
6137751859
6137955509
6138035099
6138056979
6138069669
6138073099
6138090919
6138125919
6138202009
6138203989
6138216699
6138240469
6138331939
6138333189
6138334659
6138378969
6138380279
6138382409
6138392369
6138402109
6138415789
6138418209
6138437469
6138469499
6138472979
6138473199
6138473359
6138473429
6138473439
6138473499
6138473569
6138473609
6138473639
6138473729
6138473949
6138473979
6138474259
6138474589
6138474719
6138474819
6138474919
6138474979
6138475329
6138475359
6138475529
6138475999
6138476259
6138476429
6138477979
6138478409
6138478659
6138479179
6138479349
6138479599
6138479979
6138480159
6138481269
6138481699
6138481799
6138481929
6138482269
6138483749
6138484029
6138484269
6138484459
6138484509
6138485379
6138485599
6138485959
6138486039
6138488149
6138488289
6138488729
6138488929
6138489419
6138490109
6138490179
6138490319
6138490409
6138490879
6138491029
6138491169
6138491349
6138491479
6138493109
6138493279
6138493949
6138494559
6138495349
6138496199
6138496899
6138497159
6138499559
6138499909
6138501409
6138501639
6138501709
6138504099
6138504559
6138505549
6138506449
6138506489
6138509559
6138510279
6138510329
6138512469
6138512689
6138632339
6138646169
6138682649
6138744549
6138835119
6138879999
6138977919
6138984749
6139045789
6139202589
6139266839
6139317449
6139405309
6139446739
6139448339
6139455329
6139458779
6139475569
6139476509
6139476799
6139478259
6139478839
6139478989
6139479229
6139480289
6139480369
6139480479
6139480499
6139480599
6139480829
6139481039
6139481069
6139481099
6139481159
6139481169
6139481749
6139482629
6139483049
6139483539
6139484089
6139485159
6139485299
6139485509
6139540059
6139568389
6139575529
6139647379
6139691309
6139812419
6139818479
6139823689
6139824109
6139827599
6139828369
6139828779
6139830059
6139830429
6139849099
6139852919
6139858359
6139883159
6139933629
6139990699
6140048529
6140182879
6140218899
6140219119
6140264139
6140273369
6140275859
6140276019
6140316489
6140337359
6140340809
6140342119
6140343439
6140344099
6140344159
6140344229
6140344249
6140344329
6140344659
6140344839
6140344999
6140345069
6140345209
6140345359
6140345799
6140345949
6140346079
6140346089
6140346279
6140346489
6140346569
6140346729
6140346959
6140346999
6140347079
6140347459
6140347579
6140347689
6140348059
6140348069
6140348099
6140348839
6140349259
6140349419
6140349709
6140349809
6140350039
6140350049
6140350069
6140350219
6140350519
6140350679
6140351279
6140351469
6140351779
6140351929
6140351969
6140352459
6140353449
6140353529
6140353549
6140353619
6140353909
6140354009
6140354049
6140354439
6140354959
6140355239
6140355249
6140355849
6140356029
6140356169
6140356209
6140356259
6140356279
6140356299
6140356929
6140357169
6140359529
6140360769
6140361279
6140362139
6140362269
6140363529
6140363839
6140364069
6140364119
6140364149
6140364319
6140364379
6140364509
6140364789
6140364849
6140364999
6140365109
6140365149
6140365199
6140365569
6140418659
6140553889
6140641659
6140681129
6140702779
6140750009
6140775969
6140820139
6140820249
6140825359
6140918649
6140948819
6140959609
6141043049
6141058999
6141098279
6141131899
6141141379
6141141739
6141187469
6141191089
6141199359
6141214059
6141221409
6141222449
6141226839
6141226879
6141227129
6141227199
6141227539
6141227689
6141228329
6141228339
6141228659
6141228859
6141229429
6141229439
6141229609
6141229659
6141230049
6141230059
6141230189
6141230429
6141230649
6141230989
6141231019
6141231219
6141231249
6141231429
6141231439
6141231449
6141231469
6141231639
6141231669
6141231969
6141232089
6141232279
6141232349
6141232829
6141232869
6141233139
6141233149
6141234449
6141235259
6141235479
6141236019
6141236109
6141236159
6141236629
6141237129
6141237299
6141237319
6141237659
6141237679
6141238039
6141238499
6141238669
6141239259
6141239399
6141239569
6141239789
6141240049
6141240199
6141240229
6141240309
6141240669
6141240709
6141241049
6141241319
6141241429
6141241559
6141241589
6141241949
6141241999
6141243139
6141243229
6141243459
6141243479
6141244639
6141245839
6141246359
6141254809
6141255869
6141255979
6141256179
6141256369
6141256429
6141257139
6141257279
6141257349
6141257499
6141257539
6141257569
6141257629
6141257739
6141257839
6141258339
6141258359
6141258369
6141275749
6141318099
6141412369
6141432529
6141458209
6141463789
6141471429
6141473199
6141495339
6141508059
6141518929
6141522919
6141557439
6141584759
6141676489
6141708059
6141730779
6141786029
6141800329
6141829939
6141839129
6141859109
6141898539
6141906309
6141908839
6141915989
6141923909
6141926959
6141952539
6141974579
6141991859
6142088589
6142123719
6142144289
6142146149
6142161519
6142162369
6142163849
6142164659
6142164799
6142165039
6142165199
6142165219
6142165289
6142165369
6142165529
6142165539
6142165729
6142165839
6142166009
6142166029
6142166299
6142166329
6142166409
6142166569
6142166789
6142166819
6142166899
6142167069
6142167129
6142167139
6142167219
6142167259
6142167329
6142167459
6142167549
6142167609
6142167619
6142167639
6142167819
6142167899
6142167949
6142168079
6142168189
6142168579
6142168599
6142168639
6142168989
6142169169
6142169359
6142169439
6142169469
6142169599
6142169799
6142169809
6142169849
6142169909
6142170019
6142170239
6142170329
6142170359
6142170839
6142170879
6142170889
6142170909
6142171009
6142171319
6142171409
6142171629
6142172049
6142172059
6142172069
6142172169
6142172309
6142173119
6142174599
6142176059
6142176089
6142176109
6142176119
6142176129
6142176139
6142176149
6142176169
6142176189
6142176209
6142176239
6142176269
6142176289
6142176299
6142176399
6142177729
6142177849
6142197949
6142291489
6142298029
6142312929
6142318099
6142362739
6142363309
6142377429
6142419169
6142422249
6142428589
6142435519
6142457339
6142483839
6142551239
6142558509
6142559199
6142567259
6142576329
6142582049
6142594089
6142605199
6142649869
6142709249
6142732119
6142739769
6142743589
6142848549
6142858549
6142899889
6142902479
6142953829
6142974429
6142974589
6142974599
6142974649
6142974679
6142974699
6142974709
6142974749
6142974979
6142975699
6142976019
6142976049
6142976819
6142976979
6142977789
6142978479
6142978859
6142979029
6142979139
6142979269
6142979399
6142979409
6142979649
6142979659
6142979699
6142980609
6142980799
6142980949
6142981069
6142981199
6142981209
6142981269
6142981309
6142981319
6142981449
6142981479
6142981519
6142982919
6142983009
6143050169
6143085529
6143121589
6143152819
6143238499
6143239389
6143242899
6143242919
6143331289
6143353659
6143362179
6143371019
6143405029
6143424219
6143428439
6143428629
6143462869
6143466869
6143478649
6143500489
6143525649
6143565959
6143618819
6143624649
6143641559
6143647439
6143659929
6143666129
6143668719
6143680479
6143680859
6143690499
6143703109
6143721189
6143721969
6143735649
6143770299
6143772399
6143773579
6143773649
6143773769
6143773799
6143773849
6143774029
6143774069
6143774209
6143774339
6143774569
6143774599
6143774729
6143774859
6143774939
6143774969
6143775059
6143775069
6143775149
6143775239
6143775349
6143775609
6143776299
6143776529
6143776649
6143776699
6143776739
6143776759
6143777089
6143777139
6143777359
6143777789
6143777819
6143777829
6143778359
6143778709
6143778839
6143779029
6143779459
6143779629
6143779899
6143780219
6143780329
6143780359
6143780399
6143780409
6143780789
6143780899
6143780969
6143781359
6143781779
6143782739
6143782939
6143782989
6143783119
6143783479
6143783539
6143783769
6143783779
6143783829
6143783849
6143783859
6143783879
6143783959
6143784049
6143784059
6143784079
6143784229
6143784479
6143784659
6143784719
6143784889
6143785099
6143785249
6143785269
6143785779
6143785889
6143786059
6143786099
6143786339
6143786679
6143786799
6143786829
6143786899
6143787579
6143787629
6143787699
6143787729
6143788929
6143788959
6143789019
6143789089
6143789799
6143791639
6143791839
6143792429
6143792459
6143792789
6143793119
6143793539
6143796489
6143796499
6143796509
6143799639
6143799769
6143800239
6143800589
6143800649
6143818689
6143828029
6143833429
6143881979
6143969669
6144010879
6144040819
6144047029
6144108289
6144118779
6144155239
6144156909
6144171159
6144228509
6144250659
6144252659
6144272929
6144283649
6144283709
6144314259
6144315519
6144320459
6144330939
6144359039
6144359239
6144367179
6144367489
6144372079
6144380649
6144383489
6144394339
6144412229
6144412239
6144413519
6144421079
6144431839
6144431959
6144433219
6144433719
6144433809
6144434599
6144434659
6144435069
6144435219
6144435299
6144446869
6144450969
6144471019
6144489189
6144500459
6144513169
6144528499
6144537389
6144596659
6144671399
6144753409
6144774629
6144775649
6144790479
6144797879
6144810849
6144893159
6144901489
6144902309
6144907589
6144965479
6144967059
6144968169
6144969809
6144974659
6144980339
6144980519
6144997609
6145000629
6145012409
6145013509
6145013529
6145013539
6145013549
6145013559
6145013569
6145013589
6145013609
6145014339
6145020109
6145020239
6145021999
6145034859
6145035869
6145036579
6145040919
6145044079
6145046099
6145047339
6145049589
6145049629
6145051249
6145052459
6145052669
6145052689
6145053359
6145053799
6145053919
6145055559
6145055609
6145055699
6145055939
6145055989
6145056129
6145056139
6145056219
6145056329
6145056349
6145056529
6145056549
6145056699
6145056739
6145056829
6145056919
6145057009
6145057109
6145057339
6145057379
6145057389
6145057429
6145057519
6145057559
6145057869
6145061059
6145061599
6145063039
6145066999
6145068289
6145070319
6145070559
6145070599
6145070639
6145070659
6145070689
6145070749
6145070769
6145070799
6145070809
6145070839
6145070859
6145070869
6145070919
6145070939
6145070979
6145071029
6145071099
6145071219
6145071239
6145071259
6145071309
6145071319
6145071389
6145071599
6145071839
6145071849
6145072069
6145072329
6145072369
6145072419
6145072449
6145072689
6145074909
6145075489
6145075869
6145076189
6145076499
6145076519
6145076549
6145076629
6145076649
6145076729
6145076839
6145077729
6145078009
6145078169
6145078259
6145078299
6145078489
6145078629
6145078639
6145078689
6145078849
6145079509
6145080009
6145129059
6145138709
6145157279
6145163089
6145178829
6145411719
6145419129
6145419279
6145419989
6145432079
6145470559
6145474659
6145474819
6145503949
6145504439
6145504919
6145523199
6145552489
6145566559
6145574799
6145577479
6145608009
6145625999
6145632659
6145634929
6145635409
6145637849
6145645959
6145647489
6145654379
6145657429
6145671319
6145684259
6145687049
6145692019
6145692979
6145694639
6145696479
6145696729
6145697389
6145699229
6145701179
6145705249
6145706379
6145706619
6145707969
6145709129
6145710579
6145710959
6145714799
6145714989
6145718169
6145718509
6145719729
6145721169
6145721439
6145722299
6145722449
6145722469
6145723319
6145723449
6145724449
6145724509
6145725199
6145725759
6145725869
6145727079
6145727369
6145729099
6145730199
6145730969
6145731879
6145732569
6145733289
6145734189
6145734309
6145734589
6145734599
6145734619
6145734649
6145734659
6145734669
6145734679
6145734709
6145734759
6145734829
6145734849
6145734879
6145735029
6145735049
6145735099
6145735109
6145735149
6145735169
6145735199
6145735209
6145735219
6145735279
6145735299
6145735359
6145735379
6145735399
6145735419
6145735439
6145735449
6145735499
6145735519
6145735529
6145735539
6145735549
6145735579
6145735629
6145735639
6145735679
6145735759
6145735789
6145735799
6145735809
6145735919
6145735939
6145735949
6145735959
6145735969
6145735989
6145736029
6145736069
6145736159
6145736189
6145736209
6145736239
6145736249
6145736269
6145736309
6145736319
6145736329
6145736339
6145736359
6145736409
6145736419
6145736469
6145736509
6145736539
6145736619
6145736629
6145736639
6145736689
6145736699
6145736709
6145736819
6145736919
6145736959
6145737039
6145737069
6145737089
6145737099
6145737139
6145737529
6145737579
6145737599
6145737659
6145737809
6145737849
6145738139
6145738569
6145738669
6145738849
6145739049
6145739739
6145739829
6145739859
6145739989
6145740009
6145740289
6145740309
6145740339
6145740349
6145740489
6145740809
6145741029
6145741089
6145741149
6145741309
6145741509
6145741549
6145741629
6145741639
6145741659
6145741719
6145741929
6145742069
6145742359
6145742409
6145742519
6145743039
6145743059
6145743219
6145743239
6145743339
6145743439
6145743629
6145743709
6145744009
6145744069
6145744459
6145744759
6145745099
6145745169
6145745399
6145745559
6145745579
6145745589
6145745629
6145745679
6145745699
6145745709
6145745789
6145745809
6145745929
6145745989
6145746049
6145746319
6145746409
6145746929
6145747449
6145747529
6145747539
6145747779
6145747899
6145748459
6145748909
6145749199
6145749229
6145749259
6145749409
6145749459
6145749619
6145749819
6145750269
6145750379
6145750819
6145751179
6145751329
6145751389
6145751689
6145751719
6145751729
6145751749
6145751769
6145751789
6145751799
6145751809
6145751859
6145752079
6145752129
6145752279
6145752699
6145752989
6145753209
6145753299
6145753419
6145753529
6145753569
6145753609
6145754549
6145755809
6145755929
6145756439
6145756459
6145756559
6145756949
6145757619
6145757659
6145757669
6145757759
6145758159
6145758179
6145759569
6145759589
6145760329
6145762029
6145765549
6145765559
6145765569
6145765589
6145765609
6145765619
6145765649
6145765659
6145765669
6145765809
6145766149
6145766349
6145766539
6145767779
6145783029
6145783219
6145783679
6145795529
6145796899
6145798099
6145801079
6145810559
6145814629
6146052479
6146081159
6146081779
6146151669
6146172579
6146183719
6146229429
6146307699
6146344479
6146380639
6146401059
6146451349
6146470509
6146488959
6146490319
6146494379
6146499189
6146504389
6146504739
6146506479
6146506609
6146507739
6146508179
6146509249
6146510549
6146517149
6146524109
6146527829
6146539649
6146539719
6146539789
6146545449
6146546629
6146547669
6146554319
6146554869
6146555319
6146559839
6146562769
6146563809
6146564179
6146564349
6146564619
6146565139
6146565559
6146567939
6146568189
6146568829
6146569009
6146569349
6146569399
6146569969
6146571739
6146572119
6146573549
6146574989
6146575439
6146576359
6146576889
6146576899
6146577179
6146577319
6146577379
6146577429
6146577679
6146577999
6146578029
6146578139
6146579389
6146579659
6146579669
6146580329
6146580399
6146582089
6146582199
6146582759
6146582989
6146583009
6146583119
6146583369
6146583619
6146583849
6146583959
6146584059
6146584379
6146584439
6146584519
6146584599
6146584779
6146584969
6146585029
6146585109
6146585129
6146585139
6146585169
6146585179
6146585199
6146585209
6146585219
6146585249
6146585269
6146585289
6146585299
6146585319
6146585329
6146585349
6146585369
6146585379
6146585389
6146585399
6146585409
6146585419
6146585449
6146585479
6146585489
6146585499
6146585519
6146585529
6146585539
6146585549
6146585559
6146585569
6146585579
6146585599
6146585609
6146585619
6146585639
6146585649
6146585659
6146585679
6146585689
6146585729
6146585739
6146585749
6146585759
6146585789
6146585799
6146585829
6146585839
6146585859
6146585869
6146585879
6146585889
6146585899
6146585919
6146585929
6146585949
6146585969
6146585999
6146586009
6146586019
6146586049
6146586059
6146586069
6146586079
6146586089
6146586109
6146586119
6146586149
6146586159
6146586169
6146586199
6146586209
6146586219
6146586239
6146586279
6146586289
6146586299
6146586359
6146586389
6146586419
6146586459
6146586469
6146586479
6146586489
6146586499
6146586509
6146586529
6146586539
6146586549
6146586599
6146586609
6146586619
6146586639
6146586649
6146586659
6146586679
6146586689
6146586699
6146586709
6146586729
6146586739
6146586759
6146586769
6146586799
6146586819
6146586829
6146586859
6146586869
6146586889
6146586909
6146586929
6146586939
6146586969
6146586979
6146586989
6146587009
6146587019
6146587029
6146587039
6146587049
6146587059
6146587069
6146587079
6146587089
6146587109
6146587119
6146587139
6146587149
6146587169
6146587189
6146587199
6146587209
6146587239
6146587249
6146587259
6146587269
6146587279
6146587309
6146587339
6146587349
6146587359
6146587369
6146587379
6146587399
6146587409
6146587429
6146587439
6146587469
6146587499
6146587509
6146587539
6146587569
6146587579
6146587589
6146587599
6146587619
6146587689
6146587709
6146587719
6146587739
6146587759
6146587769
6146587779
6146587799
6146587829
6146587839
6146587849
6146587899
6146587939
6146587959
6146587969
6146587979
6146587989
6146587999
6146588019
6146588029
6146588039
6146588059
6146588069
6146588079
6146588099
6146588109
6146588129
6146588139
6146588159
6146588179
6146588199
6146588209
6146588239
6146588249
6146588279
6146588289
6146588319
6146588349
6146588359
6146588369
6146588399
6146588409
6146588419
6146588449
6146588459
6146588469
6146588489
6146588499
6146588509
6146588519
6146588529
6146588559
6146588569
6146588589
6146588599
6146588629
6146588639
6146588649
6146588669
6146588679
6146588689
6146588699
6146588709
6146588729
6146588739
6146588779
6146588799
6146588809
6146588819
6146588829
6146588839
6146588849
6146588859
6146588869
6146588889
6146588899
6146588919
6146588929
6146588959
6146588979
6146588989
6146588999
6146589019
6146589029
6146589049
6146589089
6146589109
6146589119
6146589129
6146589149
6146589179
6146589189
6146589219
6146589239
6146589279
6146589289
6146589299
6146589329
6146589349
6146589379
6146589389
6146589399
6146589409
6146589419
6146589439
6146589449
6146589459
6146589469
6146589499
6146589529
6146589549
6146589559
6146589569
6146589579
6146589589
6146589599
6146589609
6146589619
6146589639
6146589649
6146589659
6146589669
6146589689
6146589699
6146589709
6146589719
6146589749
6146589769
6146589779
6146589789
6146589799
6146589809
6146589819
6146589829
6146589839
6146589849
6146589869
6146589879
6146589889
6146589899
6146589909
6146589919
6146589929
6146589949
6146589959
6146589979
6146589989
6146589999
6146590009
6146590019
6146590029
6146590039
6146590049
6146590059
6146590069
6146590079
6146590119
6146590129
6146590159
6146590169
6146590179
6146590199
6146590209
6146590219
6146590239
6146590279
6146590289
6146590319
6146590329
6146590339
6146590349
6146590369
6146590379
6146590409
6146590419
6146590429
6146590449
6146590459
6146590469
6146590479
6146590509
6146590529
6146590549
6146590559
6146590569
6146590579
6146590589
6146590619
6146590649
6146590669
6146590679
6146590689
6146590699
6146590719
6146590729
6146590749
6146590769
6146590779
6146590799
6146590839
6146590849
6146590859
6146590869
6146590889
6146590909
6146590919
6146590929
6146590939
6146590949
6146590959
6146590969
6146590979
6146590989
6146590999
6146591019
6146591029
6146591039
6146591049
6146591079
6146591109
6146591119
6146591129
6146591139
6146591149
6146591159
6146591179
6146591189
6146591209
6146591219
6146591249
6146591259
6146591269
6146591279
6146591289
6146591299
6146591309
6146591319
6146591329
6146591339
6146591349
6146591359
6146591369
6146591379
6146591389
6146591399
6146591419
6146591429
6146591439
6146591449
6146591459
6146591469
6146591489
6146591499
6146591509
6146591519
6146591549
6146591559
6146591569
6146591589
6146591599
6146591609
6146591639
6146591649
6146591659
6146591669
6146591699
6146591709
6146591729
6146591739
6146591759
6146591769
6146591779
6146591789
6146591809
6146591819
6146591829
6146591839
6146591849
6146591869
6146591889
6146591899
6146591909
6146591919
6146591929
6146591949
6146591959
6146591969
6146591979
6146592009
6146592019
6146592029
6146592039
6146592049
6146592059
6146592069
6146592079
6146592109
6146592119
6146592129
6146592139
6146592149
6146592159
6146592169
6146592179
6146592189
6146592209
6146592219
6146592229
6146592239
6146592249
6146592259
6146592279
6146592289
6146592309
6146592339
6146592349
6146592389
6146592399
6146592409
6146592419
6146592429
6146592439
6146592449
6146592459
6146592469
6146592479
6146592489
6146592499
6146592509
6146592519
6146592529
6146592539
6146592549
6146592569
6146592579
6146592589
6146592599
6146592619
6146592639
6146592649
6146592659
6146592669
6146592689
6146592699
6146592709
6146592719
6146592739
6146592749
6146592759
6146592769
6146592779
6146592789
6146592809
6146592849
6146592859
6146592889
6146592899
6146592909
6146592919
6146592939
6146592949
6146592959
6146592969
6146592979
6146592989
6146592999
6146593009
6146593019
6146593029
6146593099
6146593109
6146593149
6146593169
6146593199
6146593209
6146593219
6146593229
6146593239
6146593249
6146593259
6146593269
6146593279
6146593289
6146593299
6146593319
6146593329
6146593339
6146593349
6146593389
6146593399
6146593409
6146593419
6146593429
6146593449
6146593459
6146593469
6146593479
6146593489
6146593499
6146593509
6146593519
6146593529
6146593549
6146593559
6146593569
6146593579
6146593589
6146593599
6146593619
6146593629
6146593649
6146593659
6146593669
6146593679
6146593689
6146593719
6146593729
6146593739
6146593749
6146593769
6146593789
6146593799
6146593809
6146593829
6146593839
6146593859
6146593869
6146593899
6146593909
6146593919
6146593929
6146593939
6146593949
6146593959
6146593979
6146593989
6146593999
6146594019
6146594029
6146594039
6146594079
6146594109
6146594119
6146594129
6146594139
6146594149
6146594159
6146594179
6146594219
6146594229
6146594239
6146594259
6146594269
6146594279
6146594289
6146594299
6146594339
6146594349
6146594359
6146594379
6146594399
6146594409
6146594419
6146594439
6146594459
6146594469
6146594489
6146594499
6146594519
6146594539
6146594569
6146594579
6146594589
6146594599
6146594619
6146594639
6146594649
6146594659
6146594679
6146594689
6146594699
6146594709
6146594729
6146594749
6146594759
6146594769
6146594779
6146594799
6146594809
6146594839
6146594849
6146594859
6146594869
6146594879
6146594889
6146594899
6146594909
6146594919
6146594939
6146594949
6146594959
6146594969
6146594989
6146594999
6146595009
6146595029
6146595039
6146595049
6146595059
6146595079
6146595089
6146595099
6146595109
6146595119
6146595139
6146595149
6146595159
6146595169
6146595189
6146595199
6146595219
6146595229
6146595239
6146595249
6146595259
6146595269
6146595279
6146595289
6146595299
6146595309
6146595319
6146595329
6146595339
6146595359
6146595369
6146595379
6146595399
6146595419
6146595429
6146595439
6146595459
6146595479
6146595489
6146595499
6146595519
6146595529
6146595539
6146595569
6146595579
6146595589
6146595599
6146595609
6146595619
6146595629
6146595639
6146595669
6146595679
6146595689
6146595699
6146595709
6146595729
6146595739
6146595759
6146595789
6146595799
6146595809
6146595859
6146595909
6146595919
6146595949
6146595959
6146595969
6146595979
6146595989
6146596009
6146596029
6146596039
6146596049
6146596059
6146596069
6146596079
6146596099
6146596129
6146596139
6146596149
6146596169
6146596179
6146596189
6146596209
6146596219
6146596239
6146596249
6146596269
6146596279
6146596299
6146596319
6146596349
6146596389
6146596409
6146596429
6146596439
6146596449
6146596459
6146596509
6146596519
6146596549
6146596559
6146596579
6146596599
6146596609
6146596629
6146596649
6146596669
6146596689
6146596699
6146596719
6146596749
6146596759
6146596769
6146596779
6146596789
6146596809
6146596819
6146596829
6146596839
6146596859
6146596869
6146596889
6146596899
6146596909
6146596939
6146596949
6146596969
6146596989
6146596999
6146597009
6146597019
6146597029
6146597039
6146597059
6146597089
6146597159
6146597209
6146597219
6146597269
6146597279
6146597289
6146597309
6146597319
6146597329
6146597339
6146597349
6146597429
6146597439
6146597459
6146597469
6146597499
6146597519
6146597529
6146597549
6146597589
6146597609
6146597649
6146597679
6146597689
6146597709
6146597719
6146597759
6146597809
6146597829
6146597849
6146597859
6146597879
6146597899
6146597909
6146598009
6146598079
6146598099
6146598139
6146598179
6146598189
6146598229
6146598239
6146598269
6146598289
6146598339
6146598369
6146598399
6146598429
6146598449
6146598459
6146598499
6146598549
6146598589
6146598619
6146598679
6146598709
6146598799
6146598809
6146598849
6146598859
6146598889
6146598899
6146599069
6146599089
6146599109
6146599139
6146599159
6146599179
6146599209
6146599249
6146599269
6146599289
6146599329
6146599339
6146599359
6146599369
6146599379
6146599399
6146599419
6146599439
6146599449
6146599459
6146599479
6146599519
6146599549
6146599589
6146599609
6146599639
6146599659
6146599669
6146599679
6146599739
6146599749
6146599789
6146599799
6146599819
6146599839
6146599869
6146599889
6146599959
6146599969
6146599989
6146600019
6146600029
6146600049
6146600079
6146600099
6146600109
6146600139
6146600159
6146600189
6146600219
6146600239
6146600259
6146600299
6146600309
6146600339
6146600359
6146600419
6146600449
6146600469
6146600489
6146600499
6146600519
6146600539
6146600589
6146600599
6146600609
6146600619
6146600649
6146600669
6146600719
6146600729
6146600739
6146600759
6146600789
6146600799
6146600809
6146600819
6146600829
6146600869
6146600879
6146600889
6146600929
6146600939
6146600949
6146600959
6146600989
6146601029
6146601049
6146601059
6146601089
6146601099
6146601109
6146601149
6146601169
6146601209
6146601219
6146601229
6146601239
6146601269
6146601309
6146601349
6146601359
6146601379
6146601409
6146601439
6146601449
6146601469
6146601479
6146601489
6146601499
6146601559
6146601569
6146601589
6146601609
6146601619
6146601629
6146601649
6146601669
6146601679
6146601689
6146601709
6146601739
6146601759
6146601769
6146601779
6146601799
6146601809
6146601819
6146601859
6146601869
6146601879
6146601909
6146601919
6146601939
6146601969
6146601989
6146601999
6146602019
6146602039
6146602049
6146602069
6146602079
6146602089
6146602099
6146602119
6146602129
6146602159
6146602189
6146602229
6146602259
6146602269
6146602279
6146602289
6146602299
6146602319
6146602349
6146602369
6146602379
6146602409
6146602419
6146602429
6146602449
6146602479
6146602499
6146602509
6146602519
6146602549
6146602569
6146602579
6146602629
6146602659
6146602669
6146602679
6146602709
6146602719
6146602729
6146602739
6146602749
6146602759
6146602769
6146602779
6146602789
6146602799
6146602809
6146602829
6146602839
6146602859
6146602869
6146602879
6146602929
6146602959
6146602969
6146602979
6146602989
6146602999
6146603009
6146603019
6146603029
6146603109
6146603129
6146603149
6146603159
6146603169
6146603189
6146603199
6146603209
6146603219
6146603229
6146603239
6146603249
6146603279
6146603289
6146603299
6146603309
6146603329
6146603339
6146603349
6146603359
6146603399
6146603409
6146603439
6146603459
6146603479
6146603489
6146603519
6146603529
6146603539
6146603549
6146603559
6146603579
6146603609
6146603619
6146603649
6146603659
6146603669
6146603699
6146603719
6146603779
6146603789
6146603809
6146603839
6146603869
6146603879
6146603899
6146603919
6146603929
6146603959
6146604019
6146604059
6146604089
6146604099
6146604109
6146604129
6146604179
6146604199
6146604209
6146604219
6146604249
6146604259
6146604269
6146604279
6146604299
6146604319
6146604359
6146604369
6146604399
6146604429
6146604439
6146604469
6146604479
6146604519
6146604529
6146604539
6146604569
6146604579
6146604589
6146604609
6146604619
6146604669
6146604679
6146604699
6146604729
6146604759
6146604779
6146604799
6146604819
6146604849
6146604869
6146604879
6146604899
6146604939
6146604959
6146604969
6146604989
6146604999
6146605009
6146605019
6146605039
6146605059
6146605079
6146605089
6146605099
6146605109
6146605119
6146605139
6146605159
6146605209
6146605239
6146605259
6146605289
6146605309
6146605339
6146605379
6146605429
6146605469
6146605489
6146605499
6146605539
6146605549
6146605569
6146605609
6146605629
6146605739
6146605789
6146605839
6146605879
6146605939
6146605999
6146606039
6146606069
6146606109
6146606129
6146606159
6146606189
6146606199
6146606229
6146606259
6146606269
6146606289
6146606339
6146606379
6146606389
6146606419
6146606479
6146606549
6146606569
6146606589
6146606659
6146606679
6146606699
6146606739
6146606799
6146606829
6146607059
6146607149
6146607159
6146607249
6146607259
6146607369
6146607389
6146607489
6146607529
6146607709
6146607739
6146607749
6146607759
6146607789
6146607809
6146607829
6146607969
6146608019
6146608039
6146608049
6146608059
6146608069
6146608079
6146608089
6146608099
6146608109
6146608119
6146608129
6146608139
6146608149
6146608169
6146608179
6146608349
6146608369
6146608579
6146608609
6146608619
6146608669
6146608679
6146608699
6146608709
6146608719
6146608749
6146608759
6146608769
6146608779
6146608789
6146608799
6146608809
6146608819
6146608829
6146608849
6146608859
6146608879
6146608889
6146608899
6146608909
6146608939
6146608949
6146608959
6146608979
6146608989
6146608999
6146609009
6146609019
6146609029
6146609039
6146609059
6146609069
6146609079
6146609089
6146609099
6146609119
6146609129
6146609139
6146609149
6146609169
6146609179
6146609189
6146609199
6146609209
6146609219
6146609229
6146609239
6146609249
6146609259
6146609269
6146609279
6146609309
6146609319
6146609329
6146609339
6146609349
6146609369
6146609379
6146609389
6146609399
6146609409
6146609419
6146609429
6146609439
6146609449
6146609459
6146609469
6050067199
6050771369
6050771619
6050771659
6050772079
6053508469
6055368679
6056778359
6062658489
6064479829
6064921269
6064921429
6065488349
6065488569
6067541499
6069229789
6070034989
6071469389
6072903219
6073650599
6073652539
6073654819
6074530589
6074629959
6074687979
6074716339
6074719579
6074722939
6075283619
6075460469
6076492929
6076493069
6076493249
6076493279
6076493479
6076493529
6076493879
6076493909
6076493959
6076493969
6076494039
6076494289
6076494369
6076494929
6077266549
6077268769
6077275689
6077444459
6077543669
6078705609
6078705839
6079217769
6079291559
6079331279
6079453899
6079454199
6079541729
6079546829
6079547299
6079549859
6079574329
6079579679
6079579959
6079580079
6079580179
6079580229
6079580269
6079581429
6079582499
6079582509
6080214979
6080280359
6080585729
6080591749
6080651289
6080668899
6080669829
6080857849
6080922739
6080971819
6081016919
6081170919
6081186829
6081214179
6081377359
6081382079
6081730259
6081925079
6081973439
6082787839
6082787899
6082982919
6083111929
6083318449
6083569349
6083742019
6083985689
6084428659
6084487319
6084579219
6084603749
6084627079
6084632929
6084659629
6084895969
6085061129
6085111869
6085361019
6085422079
6085465009
6085467589
6085497369
6085678569
6085824399
6086306569
6086306759
6086440549
6086581229
6086583389
6086592909
6086594489
6086629359
6086630449
6086654249
6086660129
6086674949
6086675869
6086754109
6086792409
6086846629
6086960779
6086961319
6086962819
6086963579
6087001599
6087003529
6087162369
6087164769
6087177099
6087233979
6087234279
6087247319
6087269869
6087393559
6087662379
6087710389
6088265819
6088266659
6088528529
6088529719
6088555129
6088557029
6088566489
6088889239
6088940069
6089072479
6089144079
6089202639
6089221849
6089222089
6089271999
6089348309
6089573679
6089585669
6089965749
6090245879
6090252709
6090548689
6090629369
6090886109
6090961969
6091025649
6091228179
6091430849
6091450159
6091500429
6091760509
6091771349
6092415729
6092830069
6093559619
6093737419
6093759039
6094284039
6094431699
6094435579
6094662459
6094707429
6094707769
6095728469
6096020629
6096720639
6098561889
6099081289
6099125819
6099515719
6099515909
6099854249
6099994599
6100431279
6101250319
6101525769
6102562299
6102697839
6103842369
6103934729
6104077389
6104566949
6104582159
6104767489
6104778609
6104779449
6104779789
6104781149
6104783519
6104783599
6104784259
6104785919
6104787009
6104787029
6104787529
6104788079
6104788239
6104788339
6104830329
6104830339
6104830399
6104830429
6104830579
6104830889
6104831009
6104831019
6104985719
6105040469
6105055479
6105839859
6105840819
6106066009
6106385959
6106421789
6106927269
6107006139
6107322809
6109088029
6109145819
6109215229
6109311669
6110220009
6110220019
6110221149
6110542949
6110645189
6110712349
6110824669
6111164959
6111165019
6111165039
6111165059
6111165079
6111165099
6111165119
6111165159
6111165199
6111165219
6111165239
6111165259
6111165319
6111165359
6111165379
6111165399
6111165439
6111165479
6111165499
6111165539
6111165579
6111165599
6111165639
6111165679
6111165719
6111165739
6111165779
6111165799
6111165819
6111165839
6111165859
6111165899
6111165919
6111165939
6111165959
6111165979
6111165999
6111166099
6111166139
6111166179
6111166199
6111166279
6111166299
6111166359
6111166379
6111166419
6111166459
6111166519
6111166539
6111166579
6111166619
6111166639
6111166659
6111166679
6111166759
6111166779
6111166799
6111166839
6111166859
6111166899
6111166919
6111166939
6111166959
6111166979
6111166999
6111167019
6111167039
6111167059
6111167079
6111167119
6111167139
6111167159
6111167179
6111167199
6111167219
6111167239
6111167259
6111167319
6111167379
6111167419
6111167439
6111167499
6111167539
6111167559
6111167579
6111167599
6111167619
6111167659
6111167699
6111167719
6111167739
6111167799
6111167819
6111167839
6111167879
6111167899
6111167939
6111167959
6111168019
6111168059
6111168079
6111168099
6111168159
6111168179
6111168199
6111168239
6111168279
6111168339
6111168359
6111168419
6111168439
6111168459
6111168519
6111168599
6111168659
6111168699
6111168719
6111168839
6111168899
6111168919
6111168939
6111168959
6111169019
6111169059
6111169079
6111169099
6111169159
6111169259
6111169319
6111169379
6111169399
6111169459
6111169479
6111169519
6111169619
6111169639
6111169679
6111169719
6111169739
6111169799
6111169819
6111169839
6111169879
6111169899
6111169919
6111169939
6111170079
6111170099
6111170119
6111170159
6111170179
6111170199
6111170219
6111170239
6111170259
6111170279
6111170299
6111170379
6111170419
6111170439
6111170499
6111170539
6111170559
6111170579
6111170659
6111170679
6111170719
6111170759
6111170779
6111170839
6111170859
6111170879
6111170919
6111170939
6111171039
6111171079
6111171099
6111171139
6111171179
6111171199
6111171219
6111171239
6111171259
6111171299
6111171319
6111171339
6111171359
6111171379
6111171399
6111171419
6111171439
6111171559
6111171579
6111171619
6111171689
6111171699
6111171719
6111171759
6111171899
6111171979
6111171999
6111172019
6111172039
6111172079
6111172099
6111172119
6111172159
6111172179
6111172239
6111172259
6111172279
6111172319
6111172339
6111172399
6111172619
6111172639
6111172719
6111172739
6111172759
6111172799
6111172859
6111172879
6111172899
6111172939
6111173019
6111173159
6111173179
6111173219
6111173239
6111173299
6111173359
6111173379
6111173399
6111173419
6111173439
6111173479
6111173539
6111173549
6111173559
6111173579
6111173599
6111173609
6111173619
6111173629
6111173649
6111173659
6111173689
6111173729
6111173759
6111173779
6111173789
6111173799
6111173819
6111173829
6111173839
6111173859
6111173869
6111173919
6111173939
6111173949
6111173979
6111173989
6111174019
6111174109
6111174119
6111174139
6111174169
6111174179
6111174189
6111174209
6111174219
6111174229
6111174259
6111174299
6111174309
6111174319
6111174349
6111174359
6111174369
6111174379
6111174389
6111174399
6111174409
6111174419
6111174469
6111174479
6111174489
6111174499
6111174509
6111174529
6111174539
6111174549
6111174579
6111174599
6111174609
6111174619
6111174629
6111174639
6111174649
6111174659
6111174669
6111174699
6111174719
6111174739
6111174759
6111174769
6111174779
6111174789
6111174799
6111174839
6111174849
6111174869
6111174879
6111174899
6111174929
6111174939
6111174949
6111174989
6111175009
6111175019
6111175029
6111175049
6111175059
6111175069
6111175079
6111175099
6111175119
6111175139
6111175199
6111175209
6111175229
6111175249
6111175279
6111175289
6111175299
6111175309
6111175319
6111175329
6111175339
6111175349
6111175369
6111175399
6111175409
6111175419
6111175429
6111175439
6111175449
6111175459
6111175479
6111175489
6111175509
6111175549
6111175569
6111175579
6111175589
6111175599
6111175609
6111175619
6111175629
6111175649
6111175659
6111175689
6111175699
6111175709
6111175729
6111175739
6111175769
6111175779
6111175829
6111175839
6111175849
6111175859
6111175879
6111175889
6111175919
6111175929
6111175939
6111175949
6111175969
6111176019
6111176059
6111176069
6111176079
6111176089
6111176099
6111176109
6111176119
6111176129
6111176139
6111176149
6111176169
6111176179
6111176209
6111176219
6111176229
6111176249
6111176269
6111176289
6111176309
6111176319
6111176329
6111176349
6111176359
6111176379
6111176389
6111176409
6111176429
6111176439
6111176459
6111176469
6111176479
6111176489
6111176519
6111176529
6111176539
6111176589
6111176609
6111176619
6111176649
6111176659
6111176669
6111176709
6111176719
6111176729
6111176769
6111176809
6111176829
6111176839
6111176849
6111176859
6111176869
6111176879
6111176889
6111176919
6111176959
6111176969
6111176979
6111176989
6111177009
6111177029
6111177049
6111177059
6111177069
6111177089
6111177109
6111177129
6111177799
6111177879
6111177939
6111334469
6111482479
6111647009
6111830659
6111859209
6111986529
6112278589
6112278659
6112278679
6112278699
6112550319
6112808219
6113094859
6113404149
6113404229
6113405079
6113405839
6114241279
6114245139
6114474359
6114514839
6114514999
6114515109
6114515399
6114515799
6114515969
6114516579
6114879049
6115679749
6115820389
6116019269
6116692539
6116954749
6116954839
6116957619
6116957699
6116959249
6116959949
6116960039
6116960109
6116961749
6116961769
6116963169
6117495799
6118113329
6118113369
6118114249
6118114479
6118114499
6118114559
6118114819
6118114889
6118114929
6118114999
6118115109
6118115169
6118115489
6118115539
6118311619
6118425439
6118674659
6119268369
6119942669
6119969419
6119970259
6119970889
6120097509
6120473879
6120830689
6121135449
6121136649
6121426959
6121497609
6122072979
6122238369
6122299579
6122316419
6122317089
6122317099
6122317119
6122317129
6122317149
6122317169
6122317209
6122317599
6122317989
6122319199
6122319279
6122319309
6122319519
6122319539
6122319659
6122319679
6122319709
6122319719
6122319739
6122319749
6122319759
6122319779
6122319869
6122319889
6122319919
6122319959
6122320019
6122320049
6122320099
6122320199
6122320249
6122320359
6122320479
6122320489
6122320499
6122320519
6122320639
6122320719
6122320739
6122320839
6122320859
6122321099
6122321259
6122321329
6122321439
6122321559
6122321639
6122321649
6122321769
6122321919
6122322089
6122322459
6122326539
6122346119
6122607399
6122871729
6122919759
6123689569
6123880749
6124689359
6124689959
6124690739
6124690819
6124690919
6124690999
6124693899
6124694039
6124696439
6125018319
6125297909
6125776779
6125802319
6125814599
6125814939
6125815559
6125815899
6125817459
6125819399
6125820559
6125820699
6126011239
6126037229
6126190269
6126217429
6126218819
6126260089
6126280259
6126529419
6126924059
6127072189
6127332329
6127403199
6127437989
6127867249
6127904429
6127904849
6127904999
6127905019
6127905219
6127905549
6127906929
6127908869
6128279929
6128301419
6128329289
6128337739
6128464249
6128902369
6128921539
6128923269
6128978929
6128981719
6129047499
6129048009
6129048399
6129048819
6129048979
6129049159
6129049539
6129050009
6129050159
6129050399
6129050489
6129050529
6129050549
6129050629
6129050719
6129051719
6129051889
6129052019
6129052609
6129052799
6129053009
6129053509
6129053709
6129054249
6129054609
6129055259
6129055379
6129393709
6129666809
6129829799
6129972189
6130120289
6130241529
6130242059
6130244509
6130481509
6130495189
6130509659
6130509719
6130627249
6130778519
6130866259
6130925879
6131077219
6131078409
6131357769
6131371789
6131372029
6131595869
6131608449
6131707289
6131729169
6131766679
6131960419
6132108529
6132128599
6132281969
6132387409
6132387659
6132387759
6132388009
6132388299
6132388349
6132388359
6132389019
6132389339
6132389499
6132389669
6132389959
6132390079
6132390559
6132390719
6132390749
6132390789
6132390839
6132390849
6132391139
6132391189
6132391649
6132391719
6132392029
6132392099
6132392279
6132392369
6132392419
6132392879
6132392999
6132393089
6132393229
6132393259
6132393589
6132757749
6132978809
6133039979
6133067659
6133121219
6133127929
6133129159
6133149689
6133184769
6133222909
6133303699
6133501279
6133600059
6133600159
6133600909
6133601479
6133601899
6133602029
6133602649
6133602669
6133602849
6133603009
6133603019
6133603549
6133603699
6133603849
6133603989
6133604009
6133604049
6133604399
6133604569
6133604779
6133605509
6133605919
6133605929
6133606329
6133606809
6133606859
6133607059
6133607379
6133617149
6133641799
6133680879
6134020089
6134116509
6134136119
6134136259
6134229389
6134247629
6134349239
6134362779
6134379519
6134379939
6134382859
6134382869
6134382899
6134382909
6134382929
6134383029
6134383049
6134383059
6134383069
6134383479
6134384279
6134384289
6134384929
6134384979
6134386939
6134387059
6134387749
6134388229
6134388619
6134391679
6134391819
6134391829
6134392249
6134392299
6134392669
6134397779
6134425279
6134428289
6134449939
6134453809
6134486579
6134488539
6134488549
6134488559
6134488569
6134488589
6134492119
6134493559
6134493799
6134493899
6134495339
6134495349
6134495379
6134497279
6134497339
6134497529
6134497559
6134498749
6134498789
6134499019
6134499049
6134501119
6134502219
6134502449
6134502489
6134502569
6134502579
6134503819
6134504029
6134504059
6134505539
6134505729
6134505739
6134505769
6134720959
6134795509
6134797739
6134798009
6134809099
6134856389
6134869669
6134884699
6134945289
6134970409
6134995629
6135032869
6135032889
6135033139
6135033619
6135033699
6135033939
6135033989
6135034609
6135034919
6135035009
6135035179
6135035269
6135036229
6135037029
6135076379
6135076409
6135167039
6135242779
6135535649
6135563549
6135571049
6135734389
6135748289
6135779599
6135873099
6135896229
6135896259
6135896269
6135896299
6135896319
6135896419
6135896449
6135896489
6135928889
6135941039
6136060619
6136061469
6136082259
6136115429
6136136989
6136321299
6136331569
6136331659
6136332239
6136332289
6136333049
6136333339
6136333389
6136333419
6136333489
6136333669
6136334699
6136334909
6136335519
6136337209
6136337819
6136338399
6136339559
6136339659
6136339669
6136340579
6136341079
6136342509
6136342759
6136343859
6136344419
6136344499
6136344809
6136344879
6136345079
6136346719
6136346749
6136362719
6136381949
6136416589
6136511369
6136560639
6136585369
6136633829
6136685609
6136732239
6136771469
6137064339
6137147389
6137158399
6137173069
6137215829
6137219759
6137245029
6137276239
6137280769
6137376629
6137378509
6137407889
6137420249
6137439749
6137459169
6137459509
6137459519
6137459579
6137459619
6137459849
6137459869
6137459909
6137459979
6137459989
6137460119
6137460419
6137460629
6137460699
6137460789
6137461059
6137461259
6137461319
6137461469
6137462019
6137462129
6137462279
6137462409
6137462619
6137463189
6137463309
6137463319
6137463339
6137463569
6137463829
6137464389
6137464449
6137464689
6137464759
6137465029
6137465219
6137465689
6137465709
6137465739
6137465749
6137465759
6137466029
6137466139
6137466369
6137466769
6137466919
6137467059
6137467089
6137467099
6137467109
6137467119
6137467209
6137467729
6137467909
6137468429
6137608729
6137863489
6137971879
6137985509
6138097669
6138104459
6138135959
6138147709
6138148459
6138151599
6138153049
6138153109
6138169879
6138169899
6138195899
6138197779
6138198449
6138201529
6138201769
6138204719
6138208299
6138209229
6138211139
6138214179
6138228169
6138228459
6138228609
6138229529
6138230139
6138230489
6138230639
6138230899
6138231979
6138232719
6138232999
6138235829
6138236949
6138242899
6138245369
6138250459
6138251469
6138251629
6138292539
6138293529
6138328969
6138328999
6138329269
6138331889
6138336459
6138337029
6138337069
6138338859
6138340739
6138342569
6138342789
6138347909
6138373189
6138373289
6138374169
6138375039
6138376159
6138379149
6138379869
6138381729
6138382509
6138382569
6138383329
6138383399
6138384749
6138387349
6138387909
6138388869
6138389619
6138407279
6138408299
6138409579
6138410239
6138411679
6138415639
6138415769
6138415989
6138416169
6138417239
6138418839
6138419829
6138421199
6138424209
6138426909
6138428319
6138428849
6138430189
6138433849
6138434319
6138441319
6138469929
6138470079
6138471509
6138471789
6138471879
6138473459
6138473749
6138473959
6138475029
6138475399
6138478419
6138478809
6138479639
6138482069
6138482839
6138483279
6138483499
6138486469
6138521329
6138521379
6138521489
6138522199
6138522369
6138522549
6138523209
6138523279
6138523429
6138523629
6138523839
6138523999
6138524239
6138524419
6138524829
6138524859
6138524879
6138525239
6138525299
6138525649
6138525769
6138525899
6138526029
6138526219
6138526479
6138526519
6138526529
6138526789
6138526889
6138527039
6138528889
6138529109
6138529169
6138529379
6138529619
6138529979
6138530169
6138530519
6138530549
6138531489
6138531709
6138532009
6138532029
6138532919
6138533059
6138533189
6138534479
6138534629
6138535339
6138535629
6138535639
6138535819
6138536039
6138536269
6138536339
6138536449
6138536589
6138538159
6138538559
6138540489
6138645529
6138663179
6138665779
6138665959
6138666899
6138666979
6138667649
6138670819
6138670869
6138671319
6138672729
6138673399
6138676729
6138742699
6139044999
6139129159
6139136199
6139167699
6139323559
6139376759
6139377789
6139381909
6139394079
6139428429
6139433389
6139435879
6139436249
6139449689
6139466269
6139468989
6139471269
6139487829
6139488619
6139489559
6139533829
6139554079
6139746329
6139822949
6139945119
6139959919
6140004369
6140004589
6140174389
6140195419
6140211129
6140251849
6140262269
6140283979
6140286479
6140287849
6140313249
6140365899
6140366149
6140366189
6140366259
6140366269
6140366299
6140366349
6140366379
6140366389
6140366599
6140366739
6140366819
6140366839
6140366919
6140367049
6140367269
6140367679
6140367729
6140367739
6140367749
6140367819
6140367829
6140367849
6140367949
6140368199
6140368309
6140368339
6140368399
6140368419
6140368639
6140368699
6140368719
6140368839
6140368859
6140369079
6140369139
6140369329
6140369399
6140369469
6140369499
6140369599
6140369609
6140369739
6140369819
6140370039
6140370189
6140370309
6140370559
6140370579
6140370949
6140371069
6140371109
6140371179
6140371369
6140371379
6140371959
6140372069
6140372089
6140372099
6140372209
6140372229
6140372239
6140372309
6140372409
6140372439
6140372509
6140372549
6140372569
6140372789
6140372809
6140372859
6140373569
6140388239
6140420239
6140436869
6140502219
6140503949
6140612479
6140614119
6140777259
6140959509
6141054649
6141064989
6141107539
6141149899
6141201109
6141233439
6141258789
6141259029
6141259039
6141259189
6141259409
6141259429
6141259459
6141259529
6141259839
6141260039
6141260229
6141260709
6141260819
6141260909
6141261019
6141261059
6141261109
6141261339
6141261429
6141261489
6141261569
6141261599
6141261829
6141262749
6141262929
6141263079
6141263309
6141263329
6141263539
6141263559
6141263689
6141263739
6141263909
6141263929
6141264029
6141264519
6141264749
6141264779
6141264869
6141265439
6141266099
6141266179
6141266539
6141266839
6141266869
6141267169
6141267399
6141267419
6141267709
6141267759
6141268379
6141269019
6141269099
6141269269
6141282339
6141335449
6141414799
6141445469
6141445639
6141445939
6141514079
6141587659
6141647669
6141690029
6141858829
6142103319
6142106359
6142143629
6142146349
6142156039
6142171449
6142179829
6142180009
6142180249
6142180379
6142180719
6142180789
6142181599
6142181789
6142182719
6142182769
6142182779
6142182819
6142183579
6142183929
6142184249
6142184349
6142184409
6142184579
6142185229
6142185609
6142186189
6142186429
6142186529
6142186609
6142209059
6142347839
6142445189
6142487739
6142537309
6142549359
6142586619
6142730229
6142741269
6142753119
6142753459
6142782039
6142833169
6142889329
6142889359
6142951209
6142983699
6142983819
6142984129
6142984399
6142984429
6142984669
6142984699
6142985009
6142985019
6142985099
6142985259
6142985399
6142985499
6142985709
6142985849
6142985869
6142985879
6142985979
6142986319
6142986439
6142988069
6142988129
6142988249
6142988409
6142988439
6142988449
6142988529
6142988749
6142988959
6142989149
6142989179
6142989249
6142989259
6142989459
6142989929
6142990009
6142990089
6142990699
6142990909
6142990959
6142990989
6142991079
6142991169
6142991329
6142992179
6142993029
6142993799
6142994259
6142994409
6142995239
6142996419
6143199099
6143253339
6143255869
6143267249
6143297239
6143298369
6143315129
6143321559
6143347059
6143398569
6143404719
6143416479
6143429529
6143557839
6143639909
6143668849
6143685139
6143703769
6143714159
6143715439
6143737579
6143740669
6143772679
6143774369
6143801319
6143801489
6143801529
6143801609
6143801719
6143801739
6143801749
6143801789
6143801809
6143801839
6143802069
6143802119
6143802159
6143802209
6143802379
6143802459
6143802519
6143802669
6143802759
6143802919
6143802959
6143802999
6143803009
6143803039
6143803069
6143803079
6143803169
6143803199
6143803219
6143803249
6143803309
6143803369
6143804039
6143804049
6143804179
6143804249
6143804279
6143804359
6143804369
6143804459
6143804579
6143804589
6143804599
6143804619
6143804639
6143804759
6143804779
6143804829
6143804879
6143805079
6143805219
6143805319
6143805329
6143805399
6143805619
6143805659
6143805729
6143805779
6143805959
6143805999
6143806009
6143806069
6143806159
6143806259
6143806359
6143806399
6143806409
6143806519
6143806759
6143806959
6143806999
6143807019
6143807239
6143807279
6143807299
6143807429
6143807459
6143807739
6143808059
6143808099
6143808279
6143808369
6143808959
6143809139
6143809199
6143809219
6143809259
6143809609
6143809679
6143810009
6143810279
6143810449
6143810569
6143810839
6143822829
6143844179
6143879659
6143918269
6144015009
6144059349
6144095159
6144103799
6144158139
6144179249
6144182829
6144191059
6144198139
6144266109
6144285929
6144285979
6144305899
6144312889
6144312969
6144321679
6144359359
6144359709
6144367169
6144373929
6144378299
6144379179
6144391919
6144397839
6144404059
6144404089
6144405379
6144405469
6144428929
6144430489
6144434909
6144434929
6144436399
6144436669
6144437009
6144486269
6144489849
6144501249
6144510759
6144522889
6144528129
6144560049
6144780569
6144844509
6144851409
6144870979
6144903679
6144904199
6144976219
6144986259
6145016119
6145017529
6145018259
6145038509
6145039059
6145050679
6145054459
6145058119
6145059049
6145061109
6145061709
6145063899
6145063959
6145064849
6145067359
6145078239
6145081019
6145081129
6145083749
6145083959
6145083969
6145083989
6145084009
6145084069
6145084699
6145084859
6145088149
6145091729
6145091889
6145100679
6145108529
6145153459
6145154409
6145227649
6145227689
6145236749
6145239259
6145241339
6145250429
6145322579
6145332169
6145351909
6145393049
6145464569
6145476049
6145500149
6145507589
6145621889
6145624479
6145641659
6145655509
6145669809
6145678329
6145691269
6145694289
6145700829
6145705959
6145710059
6145716059
6145716299
6145717259
6145717459
6145721489
6145726959
6145731249
6145732309
6145735849
6145736549
6145739869
6145744339
6145745019
6145745869
6145746249
6145749089
6145750119
6145752909
6145756419
6145761239
6145765469
6145765479
6145766479
6145766589
6145766669
6145766689
6145766699
6145766719
6145766729
6145766749
6145766769
6145766779
6145766809
6145766919
6145766939
6145767049
6145767289
6145767309
6145767589
6145767729
6145767759
6145767869
6145768099
6145768109
6145768139
6145768169
6145768179
6145768189
6145768199
6145768229
6145768269
6145768279
6145768309
6145768339
6145768349
6145768359
6145768399
6145768429
6145768459
6145768499
6145768529
6145768539
6145768549
6145768589
6145768629
6145768659
6145768669
6145768769
6145768819
6145768849
6145768859
6145768959
6145768979
6145769139
6145769219
6145769239
6145769259
6145769349
6145769399
6145769519
6145769529
6145769569
6145769599
6145769609
6145769699
6145769749
6145769799
6145769939
6145770009
6145770039
6145770139
6145770169
6145770199
6145770309
6145770349
6145770389
6145770619
6145770639
6145770729
6145770759
6145770769
6145770779
6145770789
6145770809
6145770859
6145770869
6145770899
6145770939
6145770959
6145771099
6145771189
6145771209
6145771289
6145771319
6145771449
6145771519
6145771529
6145771629
6145771699
6145771989
6145772269
6145772449
6145772659
6145772689
6145772699
6145772769
6145772789
6145772849
6145772929
6145773019
6145773079
6145773219
6145773319
6145773339
6145773369
6145773399
6145773429
6145773479
6145773539
6145773549
6145773619
6145773649
6145773729
6145773759
6145773939
6145773959
6145774049
6145774159
6145774219
6145774249
6145774269
6145774299
6145774419
6145774459
6145774479
6145774499
6145774519
6145774529
6145774559
6145774569
6145774579
6145774769
6145774969
6145775049
6145775079
6145775199
6145775299
6145775359
6145775389
6145775409
6145775579
6145775769
6145775789
6145775869
6145776009
6145776019
6145776039
6145776059
6145776129
6145776149
6145776169
6145776179
6145776199
6145776249
6145776269
6145776319
6145776339
6145776419
6145776469
6145776479
6145776509
6145776529
6145776549
6145776599
6145776609
6145776699
6145776739
6145776819
6145777789
6145779499
6145785499
6145789219
6145794659
6145796329
6145800129
6145808819
6145808879
6145826759
6145827169
6145827719
6145930799
6145988429
6145988549
6145988579
6145988589
6145988689
6145988739
6145988789
6145988879
6145988889
6145988989
6145989099
6145989259
6145989419
6145989429
6145989519
6146153899
6146230669
6146268239
6146304719
6146340979
6146368519
6146402869
6146426419
6146458439
6146477969
6146520199
6146529779
6146539559
6146545959
6146560349
6146564569
6146565169
6146567059
6146578699
6146579969
6146581759
6146586259
6146587909
6146588579
6146590249
6146590819
6146593089
6146595829
6146598649
6146598669
6146598749
6146598769
6146599049
6146600439
6146600639
6146603259
6146603369
6146603639
6146605269
6146605639
6146605799
6146607019
6146608839
6146608929
6146609359
6146609489
6146609499
6146609509
6146609519
6146609529
6146609539
6146609549
6146609559
6146609569
6146609579
6146609599
6146609609
6146609629
6146609639
6146609649
6146609659
6146609669
6146609699
6146609709
6146609719
6146609729
6146609739
6146609749
6146609759
6146609769
6146609779
6146609799
6146609809
6146609829
6146609839
6146609849
6146609859
6146609869
6146609879
6146609889
6146609899
6146609909
6146609919
6146609929
6146609949
6146609959
6146609969
6146609979
6146609989
6146609999
6146610009
6146610019
6146610029
6146610039
6146610049
6146610079
6146610089
6146610099
6146610109
6146610129
6146610139
6146610149
6146610159
6146610169
6146610189
6146610199
6146610209
6146610219
6146610229
6146610239
6146610259
6146610279
6146610289
6146610309
6146610319
6146610349
6146610359
6146610369
6146610379
6146610389
6146610399
6146610409
6146610419
6146610429
6146610439
6146610459
6146610469
6146610479
6146610529
6146610539
6146610559
6146610569
6146610579
6146610589
6146610599
6146610619
6146610629
6146610639
6146610649
6146610659
6146610679
6146610699
6146610719
6146610779
6146610789
6146610819
6146610839
6146610849
6146610869
6146610879
6146610889
6146610909
6146610939
6146610949
6146611009
6146611019
6146611029
6146611049
6146611059
6146611079
6146611089
6146611099
6146611109
6146611119
6146611139
6146611149
6146611159
6146611169
6146611179
6146611189
6146611199
6146611219
6146611229
6146611239
6146611289
6146611309
6146611369
6146611379
6146611409
6146611439
6146611449
6146611469
6146611479
6146611499
6146611509
6146611539
6146611549
6146611559
6146611589
6146611609
6146611629
6146611639
6146611649
6146611669
6146611679
6146611689
6146611709
6146611739
6146611749
6146611869
6146611879
6146611889
6146611909
6146611929
6146611949
6146611979
6146612029
6146612039
6146612059
6146612079
6146612089
6146612109
6146612119
6146612149
6146612159
6146612169
6146612179
6146612199
6146612209
6146612219
6146612229
6146612239
6146612259
6146612289
6146612299
6146612309
6146612319
6146612339
6146612349
6146612379
6146612389
6146612399
6146612419
6146612429
6146612469
6146612479
6146612489
6146612509
6146612549
6146612559
6146612569
6146612579
6146612599
6146612639
6146612659
6146612679
6146612699
6146612709
6146612729
6146612759
6146612779
6146612799
6146612809
6146612819
6146612829
6146612839
6146612859
6146612869
6146612879
6146612919
6146612939
6146612949
6146613009
6146613069
6146613089
6146613099
6146613109
6146613119
6146613149
6146613159
6146613169
6146613179
6146613209
6146613219
6146613229
6146613239
6146613249
6146613259
6146613269
6146613329
6146613339
6146613369
6146613389
6146613429
6146613439
6146613449
6146613479
6146613489
6146613499
6146613509
6146613519
6146613529
6146613539
6146613559
6146613579
6146613609
6146613619
6146613629
6146613639
6146613649
6146613659
6146613669
6146613689
6146613699
6146613739
6146613749
6146613759
6146613769
6146613779
6146613789
6146613809
6146613819
6146613829
6146613849
6146613859
6146613869
6146613879
6146613889
6146613899
6146613909
6146613939
6146613949
6146613959
6146613969
6146613979
6146614009
6146614029
6146614039
6146614059
6146614069
6146614079
6146614099
6146614109
6146614119
6146614129
6146614139
6146614149
6146614159
6146614169
6146614179
6146614189
6146614199
6146614209
6146614219
6146614229
6146614239
6146614259
6146614289
6146614309
6146614319
6146614339
6146614349
6146614369
6146614379
6146614389
6146614399
6146614419
6146614429
6146614439
6146614449
6146614459
6146614469
6146614489
6146614499
6146614509
6146614519
6146614529
6146614539
6146614559
6146614579
6146614589
6146614599
6146614609
6146614619
6146614629
6146614639
6146614649
6146614659
6146614669
6146614689
6146614709
6146614729
6146614739
6146614749
6146614759
6146614769
6146614779
6146614789
6146614799
6146614809
6146614819
6146614839
6146614849
6146614859
6146614869
6146614909
6146614919
6146614929
6146614939
6146614959
6146614969
6146614979
6146614989
6146614999
6146615009
6146615029
6146615039
6146615049
6146615069
6146615079
6146615089
6146615099
6146615109
6146615129
6146615139
6146615149
6146615159
6146615169
6146615179
6146615189
6146615209
6146615219
6146615229
6146615239
6146615259
6146615269
6146615279
6146615289
6146615299
6146615309
6146615319
6146615339
6146615349
6146615359
6146615369
6146615379
6146615389
6146615399
6146615409
6146615419
6146615429
6146615439
6146615449
6146615459
6146615469
6146615479
6146615489
6146615499
6146615519
6146615529
6146615539
6146615549
6146615579
6146615589
6146615599
6146615609
6146615619
6146615629
6146615639
6146615659
6146615679
6146615699
6146615709
6146615729
6146615739
6146615759
6146615769
6146615779
6146615789
6146615799
6146615809
6146615819
6146615829
6146615839
6146615849
6146615859
6146615869
6146615879
6146615889
6146615909
6146615919
6146615929
6146615939
6146615949
6146615959
6146615969
6146615979
6146615989
6146615999
6146616009
6146616019
6146616039
6146616049
6146616059
6146616069
6146616079
6146616089
6146616099
6146616109
6146616119
6146616149
6146616159
6146616169
6146616179
6146616189
6146616209
6146616229
6146616249
6146616289
6146616299
6146616309
6146616319
6146616329
6146616339
6146616349
6146616359
6146616369
6146616379
6146616389
6146616399
6146616409
6146616419
6146616459
6146616469
6146616479
6146616489
6146616499
6146616529
6146616559
6146616579
6146616589
6146616599
6146616619
6146616629
6146616659
6146616669
6146616679
6146616689
6146616699
6146616719
6146616739
6146616829
6146616839
6146616859
6146616869
6146616879
6146616899
6146616919
6146616949
6146616969
6146617019
6146617039
6146617049
6146617059
6146617079
6146617089
6146617109
6146617119
6146617129
6146617149
6146617159
6146617169
6146617179
6146617189
6146617199
6146617209
6146617219
6146617229
6146617239
6146617269
6146617279
6146617289
6146617299
6146617309
6146617319
6146617369
6146617389
6146617399
6146617419
6146617429
6146617459
6146617489
6146617499
6146617529
6146617539
6146617549
6146617589
6146617599
6146617619
6146617629
6146617639
6146617649
6146617669
6146617699
6146617709
6146617719
6146617729
6146617749
6146617769
6146617799
6146617819
6146617829
6146617839
6146617869
6146617879
6146617889
6146617899
6146617909
6146617939
6146617949
6146617959
6146617969
6146617979
6146617989
6146617999
6146618019
6146618039
6146618059
6146618069
6146618079
6146618089
6146618109
6146618119
6146618129
6146618139
6146618149
6146618179
6146618189
6146618199
6146618209
6146618239
6146618269
6146618279
6146618289
6146618299
6146618309
6146618319
6146618329
6146618349
6146618369
6146618379
6146618389
6146618399
6146618409
6146618419
6146618429
6146618449
6146618459
6146618469
6146618479
6146618489
6146618499
6146618509
6146618529
6146618549
6146618559
6146618579
6146618589
6146618609
6146618619
6146618639
6146618649
6146618659
6146618669
6146618679
6146618699
6146618709
6146618749
6146618759
