7050750825
7054995515
7055949175
7054995505
7055949795
7055949915
7055949425
7055949525
7057958255
7058534635
7055950025
7057957945
7058534695
7056893405
7058534645
7059790235
7058534665
7058534685
7059790245
7059790265
7059790285
7056933785
7056933815
7050750755
7055949285
7055950165
7060048985
7059793045
7059071365
7059790355
7060016865
7054701635
7055950315
7055950425
7055950715
7057327085
7059790375
7059790395
7055950905
7053391715
7055951045
7055950975
7055951075
7055951155
7055951215
7055951305
7055951275
7057263915
7059076175
7059076195
7059790425
7053391825
7060049185
7059334325
7060048705
7060049205
7051267615
7050750835
7057263945
7057959295
7059790475
7060049225
7058534865
7052560595
7051986365
7053760995
7052560605
7053967415
7053967435
7052560665
7053391965
7053967475
7053967515
7053967485
7053967545
7054995835
7055951495
7056893875
7054701825
7057264015
7054995765
7054995825
7055951425
7059790495
7058256305
7059509815
7052748715
7053967645
7060049245
7057951665
7060049275
7058443635
7052560745
7058534935
7052748485
7059076295
7055951445
7059076315
7055951505
7056893905
7056894025
7059076305
7059790545
7060049285
7060049235
7060049305
7055951515
7057959635
7055951545
7059076355
7059076375
7059076345
7059076365
7059076415
7059076405
7059076425
7054995885
7055951525
7055951565
7060049135
7059788255
7060049325
7060049265
7052560655
7053202185
7052560695
7052560755
7052560775
7054177385
7054701925
7054701915
7055951645
7055951635
7055951615
7055951675
7055951735
7056224485
7056224575
7059076485
7056224475
7059790625
7059558395
7059790615
7053202145
7052560675
7053202285
7055951715
7055951725
7058535025
7057264275
7060049355
7060049365
7051780825
7052560785
7052560825
7053915665
7057264325
7052560835
7052725215
7053202155
7059790645
7057264315
7059790635
7059790655
7052560765
7060049375
7060049395
7055951595
7054996065
7059076555
7059076525
7059558455
7059076545
7059076565
7059558445
7059790705
7060049405
7060049385
7060049415
7059793075
7050751015
7051987215
7053762765
7055951985
7054996075
7056467905
7058535285
7056467895
7058535315
7059076625
7059076675
7059076615
7059790755
7053394585
7059790745
7059059445
7060049445
7057031845
7060048495
7052561075
7052561115
7054702155
7052560925
7056894375
7058256595
7052561045
7052561105
7058256605
7058535365
7059790775
7059558485
7059790785
7057966925
7059060205
7060046155
7054996205
7058256645
7059076755
7059076765
7059076785
7059076815
7059076805
7059076855
7059076845
7059076835
7059076865
7059790805
7056467915
7059076825
7060049495
7060049485
7058535455
7059558515
7059790825
7060049515
7059516485
7060049535
7057960285
7059790845
7060049545
7060048915
7059558545
7059349265
7060049525
7060049585
7060049215
7050026235
7050751205
7057960475
7057960465
7057960485
7059077115
7059558585
7060049605
7057266255
7053203095
7053203115
7051043025
7053203375
7053203275
7053203385
7053763285
7053968075
7053763085
7053968095
7053967945
7054996755
7053968835
7054996705
7057264755
7054177705
7056224875
7056225155
7057264545
7056894915
7056894515
7057264605
7057960525
7057960545
7057960605
7056894935
7056894605
7057960555
7058535755
7058535735
7058535705
7058535715
7058535635
7059558625
7053203285
7053968595
7060049655
7045102065
7051781925
7051781935
7051781965
7051989145
7052751575
7052857615
7057549115
7052751685
7058448235
7060049705
7054996865
7058535775
7056894945
7056894965
7059077235
7056895125
7058791725
7059558645
7053204045
7053204105
7058535805
7060049645
7060049715
7058782895
7047222925
7050751965
7050751985
7058535895
7059558695
7050752105
7050752145
7059791055
7051268305
7052224025
7053204125
7060042115
7050208595
7050751975
7050752035
7050752055
7054996975
7054997015
7056225265
7056225295
7056895075
7056895115
7057472065
7058535965
7058235785
7057472075
7060018625
7060018635
7060049765
7060016995
7060049775
7060049805
7060049795
7053204485
7053398605
7053204055
7053398595
7056895225
7056895245
7053763455
7056895265
7053969495
7057022045
7056895235
7056895355
7056895395
7058535975
7058535995
7060049745
7054702575
7060049815
7060049835
7053204415
7052858045
7053204475
7053398645
7057227145
7060049785
7058490295
7056895405
7054702675
7056895445
7056895485
7057265295
7057265305
7057265315
7057265335
7058536025
7059791175
7060049885
7060049875
7060049895
7060049855
7047827425
7050752075
7050752185
7050752115
7050752135
7057265345
7050752175
7057265365
7051990335
7057265385
7057265405
7060049935
7057265355
7057265435
7059558815
7060049905
7044624825
7060016475
7060049945
7060049965
7060049925
7060049955
7060049985
7044997605
7047827435
7048028345
7050208765
7050209025
7050209045
7053204725
7054994005
7057265465
7059558845
7060049995
7054178155
7060050075
7054702905
7049701195
7054702895
7054997295
7059068495
7059077375
7044997615
7060048435
7060050095
7060050115
7042378915
7045867135
7049700515
7050208895
7050208915
7050209015
7053204985
7053970085
7056225695
7057265605
7057961685
7057265595
7057961625
7060050125
7054703085
7054997445
7046938815
7057961655
7057961675
7058536195
7059295625
7059799095
7054305165
7057317865
7047827595
7048028335
7048028405
7048028355
7049701275
7050026755
7050209055
7053399705
7052858845
7053970165
7051991345
7053205525
7053205835
7053970175
7057961705
7059059615
7051991515
7057961725
7053970195
7056895815
7056895745
7057961695
7059059815
7057961715
7059062775
7057961795
7059061395
7059061725
7057961765
7057961775
7059061655
7059061695
7059062845
7059062595
7059069645
7059062875
7059791345
7059070295
7059060405
7059065245
7060050155
7052752875
7055413005
7056895765
7059558955
7059558995
7056895825
7059558965
7059558985
7059559005
7056895835
7059332845
7053970375
7055953445
7056225865
7059559025
7056896015
7059559035
7059559045
7059559015
7059559055
7059559065
7059559085
7059559075
7059559095
7059559115
7059559105
7060050205
7060050215
7042379045
7043025455
7049302255
7054703445
7043235715
7054703465
7056895925
7049702435
7050209375
7051271955
7054703455
7059559145
7053399735
7059559165
7059559135
7058791995
7059559125
7059559195
7056895995
7059559175
7049702415
7060050255
7060050235
7042804045
7043966965
7048193725
7053399895
7053400275
7053763115
7052753005
7054703515
7053763105
7054703635
7053763745
7058536295
7054178465
7056896005
7056896075
7056896065
7059559235
7056896025
7059559255
7059559265
7059559225
7059559275
7059559295
7059559245
7059559285
7045867325
7058613255
7060050265
7059099045
7059562595
7059347815
7056225955
7044731465
7045867405
7045867485
7045867525
7045867565
7060050285
7045867805
7045867415
7045867515
7045867555
7055953695
7056896095
7045867965
7048462065
7050209865
7050209885
7050209905
7050209945
7050471425
7051783665
7051272165
7056896085
7056896105
7059349845
7045867785
7055953725
7045867395
7058536345
7058536365
7045867615
7058536385
7045867635
7045867795
7048461755
7050209875
7050209975
7051272155
7053400535
7053763855
7058536335
7058722005
7060050345
7055953815
7055414725
7049703865
7048680705
7058536395
7058257405
7059559345
7060050355
7060050365
7053971045
7055953855
7055953895
7055953945
7055953915
7058792065
7059077725
7055953935
7055415025
7052128065
7060050375
7050210105
7055953955
7045867675
7049703715
7055415275
7051045185
7059077745
7042274615
7042590685
7045867895
7055954085
7045867875
7055954065
7049704095
7051991835
7055954075
7060050405
7051991855
7055954175
7055954215
7055954255
7055415285
7055954145
7055954165
7043718245
7055954205
7055954265
7042694915
7043718695
7056226165
7055556085
7044732205
7049304245
7048466535
7050027235
7050210385
7050210405
7050210415
7050210425
7050472095
7050753465
7051045545
7055415305
7055954295
7055954325
7055954345
7047612885
7060050415
7059333775
7045868265
7045868255
7045868305
7047613145
7048028985
7048029025
7045868295
7048466615
7048682035
7049302355
7049483835
7050210665
7050027355
7055954385
7055954405
7050210635
7055954445
7055954375
7058792185
7055954435
7059077825
7058792195
7059077815
7059077835
7049483725
7042807425
7045868425
7047613125
7051501285
7050210655
7050210675
7050210695
7049705655
7050211105
7055954485
7053380965
7050210735
7050211115
7050210755
7053381025
7053380955
7055954505
7055954475
7053380935
7059077865
7053381015
7055954495
7052753445
7052753425
7055954795
7055954835
7055954855
7055954925
7055954995
7055954935
7055954975
7058792215
7055955195
7060050495
7043719925
7045868765
7045566815
7047613565
7045868735
7045868695
7049306675
7049306745
7055955515
7057266295
7049306735
7053764175
7057266275
7055955445
7057266285
7043242455
7043719955
7045869935
7043720385
7055955465
7055955545
7055955565
7055955575
7055955595
7055955635
7055955675
7055955695
7057266315
7057266355
7055955535
7044732955
7044732915
7044732975
7044733055
7048683665
7044733015
7057266335
7048683675
7057266305
7055955645
7048683635
7055955705
7049162495
7057266365
7055955665
7055955655
7055955735
7055955725
7055955755
7057266385
7055955815
7057266345
7055955975
7044732885
7044732925
7044733075
7044732985
7044733005
7045871015
7044733085
7045871155
7045871115
7045871125
7045871305
7045871315
7045871145
7055955935
7045871025
7049163115
7055955805
7055955765
7045871295
7049162485
7051047125
7055955855
7055955885
7057266375
7055955955
7055955925
7055955945
7055955965
7060050585
7044733125
7044733065
7045871085
7045871285
7045871185
7045871195
7055955985
7055956025
7055955995
7055956075
7055956035
7055956175
7055956125
7055956135
7055956115
7055956105
7055956145
7055956235
7055956165
7055956195
7055956185
7055956215
7049163135
7055956045
7055956055
7055956065
7045870985
7047218415
7046946875
7052753695
7055956005
7042428095
7043923875
7042377765
7044733275
7042695925
7043721775
7044733295
7043720545
7044733255
7044733335
7044733555
7045347455
7045347475
7045347615
7045871395
7053971895
7057266415
7043721785
7043721865
7043721905
7044733205
7044733245
7044733325
7044733345
7044733365
7044733385
7045871535
7045871575
7045347565
7045347605
7045871485
7045871645
7045871685
7051047145
7055956225
7055956245
7055956265
7044733565
7043721815
7043721795
7060050595
7043721835
7050473955
7059791115
7054704995
7055956545
7055956595
7059741585
7054705015
7054705005
7054705025
7055956575
7055956515
7055956535
7060050635
7059785365
7060050705
7047218835
7047218895
7047218955
7059791755
7059948985
7060050765
7048263455
7056701425
7056673235
7056694715
7056687355
7048255965
7048276255
7047218885
7047218925
7049308305
7060050815
7060050825
7047218945
7053406005
7051047395
7053406045
7053406025
7053406065
7059077975
7060050835
7052156125
7047218995
7047219095
7048249945
7056682595
7056694035
7058788135
7048282735
7059729935
7047219105
7047219335
7047219325
7047219535
7047219465
7048260715
7047219505
7048278515
7047219525
7053764495
7053764535
7052753765
7053764555
7053764575
7053764505
7053764525
7056681085
7047219245
7047219305
7060050885
7060050615
7058338185
7047219315
7047219475
7047219045
7047219635
7047219225
7053406055
7047219365
7048279765
7056706635
7058792575
7057963465
7059051315
7047219485
7060050915
7056894995
7056895005
7059793315
7056895015
7050385085
7060050925
7059516515
7060050905
7047219545
7048247465
7048265645
7048277965
7050757825
7056592195
7058258595
7060050955
7059791735
7059793275
7048290245
7058827785
7060050995
7060051005
7060051015
7060050655
7060047425
7060051025
7059291475
7047219645
7048249345
7048258105
7048278665
7048250355
7054376415
7054376435
7055956835
7055956895
7055985575
7058536615
7058536635
7059078405
7059792025
7059792055
7059078385
7060018745
7060051045
7060051065
7048255805
7044505035
7048276365
7048280085
7050757845
7055956865
7055956885
7055956905
7055956925
7057266525
7057009085
7058536625
7059078445
7059078465
7059792085
7059792125
7059556705
7059763295
7059078335
7059078425
7060051075
7060051105
7055956915
7055956935
7058536675
7059078435
7055957025
7059792095
7059792135
7056227065
7059078455
7057281455
7060051125
7060050425
7060051135
7060050395
7048259485
7048260025
7048274705
7048282425
7056683005
7056683545
7047215995
7056896605
7050757835
7058261845
7058536705
7058536685
7053763315
7058536725
7058792745
7055957035
7059078485
7057964075
7058536715
7058536735
7058792735
7059792175
7054707245
7057314775
7060051155
7060051175
7060051085
7060051115
7060051195
7055957155
7055957085
7055957165
7056896755
7056227125
7058792775
7058262485
7058536765
7059075125
7060051205
7056227105
7059795095
7058722695
7060051245
7052647595
7045830715
7047808895
7047809035
7049124035
7055957215
7055957255
7056227195
7058536795
7055957225
7056227185
7056896785
7057324945
7058792785
7060051265
7060051275
7060051165
7059137935
7059783895
7060050165
7050028205
7055957395
7055957405
7056468955
7056896875
7059792225
7059792285
7059792275
7060046885
7059785265
7058961765
7059898495
7050028225
7047216415
7050028195
7054998765
7055957445
7055957545
7055957475
7056896905
7057269845
7055957615
7059080195
7060051345
7060051335
7060050975
7059510285
7055957955
7060051365
7060051375
7056896935
7057965385
7058792905
7058792925
7059080505
7058792915
7059080435
7059792325
7060051385
7059048215
7060051395
7054376475
7055958405
7058792955
7059081035
7059081055
7059081175
7058792945
7059081275
7059792375
7059081125
7059081145
7059792395
7059081245
7059081285
7059792415
7059081305
7059081325
7059559685
7059792365
7059792455
7060051415
7059792475
7059792495
7059792405
7059792445
7059792485
7059792515
7059792465
7059792505
7060051425
7050664835
7054998865
7056227265
7058243565
7055959255
7056227255
7057960995
7058264645
7058249135
7059103185
7059081535
7059792535
7059792355
7059792545
7059792565
7059792555
7059792585
7059792575
7060051445
7058264625
7058536945
7060051455
7060051465
7060051475
7060051485
7047117735
7049569385
7049124055
7054706035
7055959635
7055959645
7056227305
7056227315
7056897085
7057982415
7057982425
7057982405
7059792605
7059740015
7059744205
7059792615
7059973965
7045990485
7060051495
7059792595
7059792645
7059792655
7060051505
7060051515
7045040855
7054706095
7053202225
7054706045
7056227395
7057271915
7057574255
7057951695
7054998945
7055959905
7058793075
7055960205
7055960185
7056227365
7056897105
7059792675
7059792665
7059792685
7059792695
7059792715
7059792735
7059792705
7059792725
7054706085
7060051545
7059966295
7060051555
7051501525
7055045125
7049446535
7049647095
7055960525
7056897145
7050458175
7050458155
7053078595
7059792765
7056469695
7057272035
7059792755
7057965775
7057965575
7059792775
7060051565
7042674855
7057965655
7060051575
7060051585
7060051595
7060051605
7059056275
7057272045
7059083165
7059083385
7059083565
7059083625
7057965855
7059083595
7059083555
7059792785
7059792795
7059792805
7059792835
7052772545
7059792825
7060038665
7060051625
7051793565
7053406865
7053972405
7055961515
7055961555
7056897215
7059083755
7059083775
7055961405
7056157725
7056897205
7059083795
7059083765
7059792855
7059083785
7057965645
7059792885
7060051645
7053078605
7059083815
7058793185
7059792865
7060051665
7060051655
7056820155
7059576245
7053076965
7056470295
7059792935
7059792945
7059792955
7059792965
7059554705
7060051715
7060051735
7042248905
7042363885
7042396275
7042600485
7042612305
7042698975
7044287685
7042729555
7044287785
7042729455
7044287885
7044304185
7044304825
7044304305
7044287395
7044305225
7044287915
7044305035
7045197495
7045349405
7045199935
7045461985
7045998765
7045263715
7052753835
7046135445
7047753325
7055962155
7053972415
7053972455
7056445045
7057966095
7054706695
7055962285
7057014125
7055962125
7058265185
7058776815
7056581975
7058776895
7058600125
7059793035
7055962525
7058265205
7058777485
7057966105
7058265195
7058777005
7058776785
7058777235
7059793025
7058777155
7058777375
7059793055
7043196775
7045263775
7045394725
7047612905
7058471925
7045221915
7045263695
7045461075
7048026445
7048077945
7045860215
7046012795
7048494105
7048596245
7047221315
7047545875
7049377285
7049378925
7047949815
7047753415
7049378285
7049409045
7048134495
7048085135
7049961965
7048183375
7050737965
7048189375
7050615225
7048785155
7050613085
7049414555
7050695705
7051223865
7051420665
7049586375
7052648585
7051945445
7051224775
7050982915
7050380595
7051730715
7052465545
7052681605
7052761905
7052310435
7051310415
7053063655
7051956915
7052681385
7052681405
7052138355
7052776765
7053024265
7053196605
7052681625
7052681685
7052819705
7053247605
7052766215
7052650815
7053063415
7053442605
7053493875
7053793465
7053024245
7052855405
7055566585
7053061685
7053488905
7057966205
7053208395
7054706785
7053493735
7053493615
7053751395
7055962625
7055566555
7058265305
7055566545
7058265285
7060051755
7057272545
7055566535
7058265385
7054173455
7053972515
7058863195
7058793385
7057966195
7058265345
7057966215
7059793085
7058265265
7058793365
7058265295
7057966275
7058265255
7058265405
7055566595
7058265335
7058265355
7058793405
7059086145
7058265375
7058793355
7059793125
7050424845
7058793375
7049878455
7059793105
7059085315
7059692375
7052759955
7059976145
7053751995
7058265365
7058265275
7058793335
7060051765
7060051785
7060051795
7060051805
7045263465
7051801165
7059793135
7059793145
7059793155
7060051815
7060051825
