6051190883
6051648353
6051682713
6053485493
6053783823
6053889333
6056035463
6056531683
6056580303
6056794593
6057528943
6057655203
6059711243
6059711283
6059712133
6059807513
6065036753
6065526473
6065535633
6065601273
6065604603
6065626833
6065962873
6065963923
6066264663
6066342273
6067003253
6067003263
6067003273
6067003283
6067003293
6067003303
6067003323
6067003343
6067003363
6067003373
6067003393
6067003403
6067003413
6067003423
6067003453
6067003463
6067003483
6067003493
6067456853
6067543003
6067764563
6067791353
6068287013
6068288083
6068288113
6068398033
6068611133
6068864563
6069321833
6069417423
6069532973
6069768343
6070881363
6071026273
6071523683
6072492863
6072501563
6072501753
6072623513
6072662263
6072711533
6072729873
6072754173
6072764113
6072809613
6072811193
6072811233
6072812823
6072826723
6072827793
6072921133
6072956083
6073092973
6073444913
6073451303
6073452263
6073452413
6073485393
6073494123
6073495543
6073495673
6073569983
6073583743
6073645693
6073649963
6073649993
6073650443
6073650653
6073650953
6073652203
6073652313
6073781313
6073869853
6073872713
6073872743
6073872753
6073872813
6073873093
6073880583
6073881473
6073888873
6073889253
6073889563
6073890693
6073910973
6073911753
6074063233
6074282283
6074659613
6074679273
6074795253
6074830703
6074833943
6074836733
6074837073
6074838673
6074841023
6074848703
6074859873
6074868313
6074938503
6075203513
6075612253
6075612413
6075612753
6075641033
6075643043
6075729303
6075965253
6076410823
6076420713
6076435803
6077219593
6077458493
6077802553
6077804133
6077830003
6078043023
6078050663
6078843603
6079157373
6079176583
6079176863
6079189603
6079485123
6079544703
6080063103
6080065783
6080068103
6080077923
6080079953
6080083683
6080090803
6080194253
6080196393
6080311313
6080592173
6080797753
6080797813
6080799813
6080800033
6080800243
6080800773
6080973663
6081019643
6081242493
6081242573
6081381713
6081387293
6081396083
6081397903
6081398163
6081398453
6081398593
6081401113
6081403533
6081407313
6081408103
6081414263
6081417563
6081420473
6081426143
6081427973
6081429583
6081436513
6081492523
6081493633
6081493643
6082200973
6082406273
6082406863
6082407383
6082410863
6082417463
6082419153
6082421613
6082422713
6082422863
6082424133
6082431273
6082433013
6082676883
6082676903
6082676953
6082676963
6082676973
6082677033
6082677083
6082677173
6082677283
6083163113
6083431663
6083434243
6083437553
6083444703
6083446233
6084037873
6084038333
6084158923
6084208753
6084386383
6084388783
6084444273
6084446443
6084448133
6084448363
6084455933
6084457793
6084460253
6084460983
6084461083
6084464393
6084464683
6084465413
6084466183
6084603313
6084631153
6085002323
6085066193
6085167083
6085341763
6085343323
6085434293
6085434303
6085434313
6085434323
6085436733
6085437403
6085438023
6085442173
6085442543
6085442553
6085442703
6085442953
6085442973
6085443443
6085443633
6085443923
6085443943
6085444033
6085444043
6085444213
6085444263
6085444313
6085444323
6085444333
6085444503
6085444513
6085444583
6085444753
6085444793
6085445033
6085445043
6085445093
6085445143
6085445153
6085445333
6085445493
6085445683
6085450103
6085450473
6085456433
6085457073
6086179003
6086179303
6086179383
6086179433
6086179463
6086179523
6086179533
6086179603
6086179623
6086179633
6086179653
6086179663
6086179693
6086695713
6086697063
6086700643
6086701313
6086705763
6086708183
6086710703
6086712493
6086717483
6087189153
6087594673
6087595443
6087599673
6087599783
6087599853
6087601673
6087803953
6088397373
6088400093
6088401623
6088403503
6088409603
6088411813
6088413423
6088413453
6088416933
6088417293
6088418213
6088418573
6088424593
6088681373
6088683183
6088684973
6088685163
6089049593
6089290973
6089307643
6089315543
6089315873
6089316533
6089320813
6089326493
6089328463
6089329903
6089332483
6089334443
6089336593
6089338643
6089351753
6089358243
6089411363
6089585203
6089587703
6089966063
6090094143
6090223313
6090342383
6090345003
6090348563
6090349583
6091238583
6091240223
6091242823
6091254633
6091255823
6091299873
6091300723
6091300763
6091301173
6091302163
6091303513
6091309373
6091309833
6091313773
6091315413
6091316623
6091317203
6091323443
6091325793
6091328013
6091330483
6091330613
6091332963
6091498403
6091508763
6091509203
6092102633
6092236903
6092288913
6092528883
6092529233
6092531003
6092531383
6092535073
6092536903
6092539163
6092541663
6092541923
6092549043
6092549993
6092551953
6092553023
6092553033
6092553563
6092553653
6092554283
6092555393
6092558253
6092559793
6092560233
6092562233
6092572503
6092572853
6092712573
6092755253
6092755813
6092899263
6092900983
6092904843
6092906703
6092941783
6092945943
6092952833
6092960793
6093081873
6093111763
6093253513
6093267693
6093292233
6093311733
6093340073
6093340523
6093341953
6093342523
6093342753
6093346913
6093347823
6093348773
6093348793
6093349373
6093350513
6093350813
6093351433
6093351833
6093351993
6093352853
6093352953
6093353113
6093353123
6093353453
6093353483
6093353653
6093353823
6093354823
6093354973
6093355233
6093356833
6093357333
6093358673
6093359383
6093359653
6093359663
6093359983
6093360523
6093360933
6093360943
6093361783
6093361873
6093362293
6093362923
6093363553
6093364413
6093366023
6093366133
6093366153
6093366693
6093366823
6093367383
6093369903
6093370173
6093370613
6093370763
6093371433
6093371513
6093371553
6093371763
6093372063
6093372743
6093374893
6093374923
6093375063
6093375623
6093375993
6093376733
6093377423
6093377743
6093378153
6093378273
6093378953
6093379063
6093379843
6093379923
6093380643
6093380873
6093381063
6093381173
6093381363
6093382843
6093382863
6093383183
6093383533
6093383573
6093383583
6093384043
6093384083
6093384133
6093384383
6093384413
6093385343
6093385853
6093386093
6093386143
6093386733
6093386763
6093386943
6093386953
6093387123
6093387683
6093387823
6093559923
6093695243
6093695383
6093699793
6093745253
6093746653
6093827813
6093827993
6093854983
6094135453
6094136353
6094136403
6094169153
6094236723
6094393113
6094416603
6094432033
6094432563
6094432843
6094432883
6094434023
6094707623
6094769353
6094855403
6094856453
6094858903
6094861813
6094866213
6095428363
6095475533
6095533733
6095563363
6095564043
6095564353
6095568853
6095573543
6095574343
6095574433
6095574873
6095579983
6095589933
6095590183
6095590343
6095593423
6095597613
6095604223
6095712443
6095737483
6095921673
6096012223
6096064653
6096197173
6096197553
6096609883
6096610113
6096714753
6096730603
6096730953
6096735213
6096736193
6096737503
6096738353
6096738683
6096738883
6096738983
6096739313
6096742243
6096743793
6096744653
6096748823
6096755143
6097078373
6097423353
6097666563
6097672053
6097674033
6097680183
6097680823
6097961433
6097988253
6098198073
6098331883
6098540873
6098540893
6098541093
6098542483
6098542853
6098543293
6098543383
6098543573
6098543713
6098544513
6098544893
6098544913
6098545143
6098546163
6098546893
6098549933
6098550333
6098551453
6098552363
6098552813
6098553493
6098723943
6098742053
6099087433
6099326123
6099375853
6099376633
6099378493
6099455823
6099471463
6099525963
6099528693
6099534553
6099535553
6099535613
6099535853
6099536103
6099538123
6099538813
6099539413
6099539563
6099540543
6099542793
6099545033
6099546033
6099546733
6099547553
6099551243
6099552723
6099553073
6099553403
6099553623
6099554233
6099555473
6099556343
6099556993
6099557913
6099558603
6099559963
6099560073
6099561773
6099563233
6099563303
6099563473
6099564463
6099565603
6099566153
6099566693
6099570853
6099571053
6099584903
6099585823
6099656063
6099706163
6099896323
6099905683
6099912943
6100076413
6100207723
6100272013
6100323173
6100346023
6100380653
6100407653
6100409233
6100411523
6100417073
6100420903
6100421193
6100422063
6100422663
6100428783
6100479293
6100805453
6100806073
6100806103
6100832753
6100925423
6100931963
6100937613
6100938603
6101132663
6101138193
6101139623
6101139733
6101194203
6101195123
6101195273
6101195573
6101195603
6101196023
6101196143
6101196363
6101196853
6101196863
6101197783
6101198463
6101198893
6101200793
6101202263
6101210343
6101211343
6101213783
6101220993
6101225813
6101227563
6101227733
6101231343
6101232163
6101232703
6101235353
6101337323
6101745903
6101833663
6101834753
6101844843
6101845363
6102453203
6102492183
6102496243
6102497383
6102565523
6102565863
6102566263
6102621373
6102621643
6102624693
6102630853
6102631593
6102631743
6102633313
6102634123
6102635463
6102638233
6102639163
6102639423
6102640253
6102641243
6102641903
6102643683
6102643793
6102644113
6102646343
6102646433
6102647113
6102649773
6102651213
6102676533
6102745133
6102745393
6102881193
6102961153
6103220003
6103222063
6103356973
6103551503
6103907923
6103916993
6103919573
6103920513
6103921303
6103921723
6103921743
6103922213
6103941633
6103983323
6103983493
6103983753
6103984593
6104756093
6104895153
6104977513
6104978133
6104979233
6104980753
6104981393
6104983343
6104984413
6104984423
6105584153
6105701583
6105701613
6105701703
6105737733
6105749573
6105795073
6105796763
6105796823
6105798993
6105800303
6105803283
6105805733
6105806003
6105806013
6105806463
6105806653
6105807313
6105809973
6105810223
6105814403
6105815233
6105816603
6105820063
6105820373
6105820463
6105823353
6105824153
6105824303
6105833553
6106576943
6106971363
6106971413
6106972333
6106973613
6106973663
6106974133
6106975143
6106975883
6106977303
6106977633
6106977913
6106978023
6106981393
6106983873
6106983973
6106983983
6106984053
6106984163
6106984183
6106984333
6106984443
6106984933
6106985313
6106987003
6106988773
6106989023
6106990563
6106991003
6106991633
6106992883
6106993993
6106994273
6106996583
6106996663
6106997633
6106998053
6106998093
6106998903
6106999233
6107005763
6107070573
6107362023
6107439523
6107540493
6107865343
6107867853
6107949093
6107951933
6107952063
6108069443
6108075173
6108099903
6108116603
6108164503
6108166083
6108174773
6108178523
6108180283
6108180313
6108180753
6108182113
6108209963
6108211723
6108211863
6108212423
6108227063
6108332803
6108640563
6109078393
6109241823
6109243443
6109246493
6109279703
6109282143
6109301163
6109330603
6109483593
6109484213
6109484603
6109590533
6109626173
6109626953
6109823883
6110018063
6110048583
6110097753
6110104873
6110105813
6110105873
6110175723
6110196083
6110198033
6110198093
6110198103
6110198113
6110199513
6110199753
6110199773
6110200223
6110200303
6110201023
6110201273
6110201343
6110202063
6110203383
6110203843
6110204333
6110204593
6110205503
6110206593
6110206633
6110207063
6110207393
6110208553
6110208983
6110210523
6110210703
6110210943
6110211273
6110211303
6110211763
6110212033
6110212053
6110212073
6110212173
6110213663
6110214733
6110218283
6110218733
6110226173
6110278253
6110299073
6110366593
6110471513
6110525053
6110554783
6110554793
6110611093
6110886893
6111075543
6111145683
6111145993
6111147733
6111148763
6111152053
6111153173
6111153513
6111153943
6111154093
6111154143
6111155053
6111156343
6111156473
6111156493
6111157853
6111157923
6111158033
6111158243
6111158353
6111159353
6111159363
6111164793
6111164813
6111164853
6111164863
6111164893
6111164903
6111164913
6111164923
6111164933
6111164973
6111164993
6111165033
6111165073
6111165093
6111165113
6111165133
6111165153
6111165213
6111165313
6111165353
6111165393
6111165413
6111165433
6111165453
6111165493
6111165533
6111165553
6111165573
6111165673
6111165693
6111165713
6111165753
6111165773
6111165833
6111165873
6111165893
6111165913
6111165933
6111165953
6111165973
6111165993
6111166013
6111166033
6111166053
6111166093
6111166113
6111166133
6111166233
6111166253
6111166273
6111166293
6111166313
6111166333
6111166353
6111166393
6111166413
6111166453
6111166473
6111166513
6111166533
6111166553
6111166633
6111166673
6111166693
6111166793
6111166813
6111166833
6111166853
6111166913
6111166933
6111166953
6111166993
6111167013
6111167033
6111167053
6111167073
6111167093
6111167153
6111167193
6111167213
6111167273
6111167293
6111167333
6111167373
6111167433
6111167473
6111167493
6111167533
6111167573
6111167593
6111167653
6111167673
6111167693
6111167773
6111167813
6111167833
6111167853
6111168053
6111168073
6111168113
6111168133
6111168153
6111168173
6111168193
6111168213
6111168253
6111168313
6111168353
6111168373
6111168413
6111168433
6111168453
6111168593
6111168633
6111168773
6111168793
6111168853
6111168933
6111168953
6111168973
6111169013
6111169113
6111169133
6111169253
6111169273
6111169333
6111169393
6111169433
6111169453
6111169493
6111169553
6111169613
6111169633
6111169653
6111169673
6111169713
6111169733
6111169773
6111169833
6111169893
6111169913
6111169973
6111170073
6111170113
6111170153
6111170193
6111170233
6111170273
6111170313
6111170373
6111170413
6111170433
6111170453
6111170533
6111170593
6111170673
6111170693
6111170773
6111170793
6111170813
6111170833
6111170853
6111170873
6111170893
6111171073
6111171093
6111171133
6111171173
6111171193
6111171253
6111171293
6111171313
6111171353
6111171393
6111171413
6111171473
6111171553
6111171573
6111171593
6111171633
6111171673
6111171713
6111171753
6111171773
6111171793
6111171813
6111171833
6111171953
6111171973
6111171993
6111172033
6111172053
6111172073
6111172093
6111172113
6111172133
6111172173
6111172193
6111172213
6111172233
6111172253
6111172333
6111172353
6111172373
6111172393
6111172413
6111172553
6111172713
6111172753
6111172773
6111172793
6111172813
6111172833
6111172873
6111172893
6111172953
6111172973
6111173013
6111173053
6111173073
6111173153
6111173173
6111173193
6111173243
6111173253
6111173313
6111173353
6111173373
6111173393
6111173413
6111173473
6111173493
6111175583
6111175663
6111176283
6111176623
6111185783
6111304143
6111304393
6111339603
6111349293
6111397613
6111438623
6111842773
6112069053
6112237463
6112268903
6112269473
6112270373
6112270553
6112270693
6112271333
6112273543
6112274733
6112274793
6112275373
6112275943
6112276463
6112632483
6112641353
6112888033
6112888263
6112892713
6113139223
6113168793
6113369403
6113370233
6113370603
6113372813
6113372943
6113375653
6113376063
6113376283
6113382313
6113383943
6113384013
6113385463
6113386143
6113386203
6113387323
6113387563
6113388513
6113390273
6113391893
6113391923
6113392183
6113392493
6113392603
6113393223
6113393963
6113395853
6113400533
6113401773
6113469323
6113589763
6113596983
6113718293
6113718373
6113835803
6114086273
6114161863
6114205163
6114207903
6114370803
6114441723
6114459533
6114474523
6114476313
6114476763
6114476843
6114476993
6114480273
6114481233
6114481703
6114481853
6114483133
6114484023
6114484723
6114485043
6114486263
6114488013
6114489943
6114490033
6114490583
6114491363
6114491413
6114491703
6114492253
6114492403
6114493093
6114493653
6114493713
6114493883
6114494503
6114494993
6114495403
6114497113
6114499503
6114501043
6114503423
6114508663
6114508703
6114509063
6115474873
6115493563
6115520153
6115578833
6115580303
6115602753
6115605793
6115610053
6115611123
6115632723
6115634383
6115634633
6115634663
6115635473
6115635513
6115637343
6115638683
6115639463
6115640193
6115641463
6115641943
6115742013
6115999803
6116584193
6116733893
6116733923
6116776723
6116798453
6116807833
6116810843
6116884543
6116884613
6116884643
6116884693
6116885083
6116886013
6116887783
6116887983
6116888283
6116888413
6116888923
6116889173
6116889473
6116890683
6116890853
6116892353
6116892803
6116893023
6116893333
6116896783
6116897223
6116897833
6116898393
6116900833
6116901143
6116901793
6116903693
6116904173
6116904293
6116904833
6116905453
6116907433
6116908073
6116908113
6116910563
6116911173
6116916043
6116917523
6116918363
6116920133
6116920513
6116921113
6116921293
6116921373
6116921813
6116921963
6116922553
6116923343
6116924373
6116924553
6116924933
6116924943
6116925153
6116925223
6116925503
6116925643
6116925893
6116925973
6116926103
6116926363
6116926533
6116926723
6116927333
6116927443
6116927663
6116927963
6116928053
6116928073
6116928683
6116929373
6116929753
6116929943
6116929963
6116930963
6116931003
6116931063
6116931073
6116931083
6116931663
6116931843
6116932393
6116932443
6116932553
6116932563
6116932843
6116933163
6116933553
6116933683
6116933713
6116934023
6116934163
6116934223
6116934843
6116935113
6116935203
6116935343
6116935383
6116935633
6116935823
6116936663
6116936703
6116936893
6116936923
6116938163
6116938303
6116938483
6116938503
6116938563
6116938653
6116939103
6116939123
6116939243
6116939283
6116939323
6116940153
6116940323
6116940633
6116940803
6116940923
6116941703
6116942613
6116942653
6116942993
6116943153
6116943293
6116943353
6116943803
6116943903
6116943933
6116943953
6116944393
6116944443
6116944453
6116944523
6116944993
6116945093
6116945153
6116945733
6116945973
6116946293
6116946323
6116946493
6116946573
6116946623
6116946673
6116946783
6116947183
6116947263
6116947303
6116947353
6116947553
6116947803
6116947903
6116948043
6116948233
6116948253
6116948453
6116948873
6116949303
6116949783
6117316213
6117417613
6117450503
6117750613
6117815873
6117816603
6118009263
6118035353
6118040113
6118082373
6118082523
6118082923
6118083203
6118083263
6118083293
6118083333
6118083853
6118084203
6118084573
6118084713
6118084853
6118084893
6118084933
6118085023
6118087753
6118087933
6118088563
6118088813
6118089593
6118089873
6118090133
6118091133
6118091163
6118091333
6118092063
6118092453
6118092463
6118092573
6118092613
6118092683
6118092723
6118092793
6118093013
6118093183
6118093423
6118093513
6118093783
6118094303
6118094353
6118094373
6118094463
6118096163
6118096753
6118098183
6118099343
6118099703
6118102753
6118103083
6118103313
6118103503
6118103733
6118103813
6118104123
6118104253
6118105943
6118106263
6118106443
6118106633
6118108923
6118109163
6118109273
6118148553
6118189783
6118559713
6118633533
6118680683
6118838353
6118956123
6118956903
6118957413
6118957483
6118958943
6118960323
6118961013
6118962163
6118966633
6118967803
6118968503
6118968713
6118969853
6118971283
6118971973
6118972063
6118973743
6118981643
6118984873
6118985573
6118986403
6118986933
6118986943
6118987723
6118987883
6118988003
6118988463
6118988573
6118988643
6118988823
6118988873
6118989243
6118992423
6118994183
6118996943
6119001913
6119002513
6119002883
6119003043
6119005033
6119005673
6119018433
6119120213
6119146293
6119338223
6119592323
6119605653
6119679173
6119691743
6119692763
6119887353
6119941183
6119942943
6119954063
6119954713
6119954923
6119955853
6119955883
6119956613
6119956623
6119956733
6119956863
6119958183
6119958943
6119959313
6119959363
6119959853
6119960363
6119960373
6119960513
6119960553
6119961193
6119961533
6119961803
6119962663
6119962713
6119962723
6119963163
6119963633
6119963913
6119965253
6120699423
6120733063
6120733773
6120918793
6121023713
6121062653
6121063373
6121065753
6121066333
6121066583
6121066943
6121067883
6121068113
6121068763
6121068863
6121069143
6121069763
6121070133
6121070173
6121070373
6121070693
6121071423
6121072563
6121072973
6121074423
6121075133
6121076943
6121080643
6121080663
6121082663
6121083393
6121083843
6121084393
6121086083
6121088373
6121088763
6121091993
6121092463
6121095733
6121098023
6121099253
6121099263
6121100553
6121101663
6121101693
6121102123
6121102453
6121107593
6121107933
6121108653
6121111863
6121112073
6121112213
6121115183
6121118213
6121119493
6121120383
6121120463
6121120563
6121122253
6121122743
6121123953
6121124683
6121126393
6121126683
6121127143
6121156733
6121419813
6121429983
6121972823
6122072873
6122096943
6122182453
6122185173
6122194913
6122208903
6122278973
6122279743
6122279773
6122280553
6122280603
6122280983
6122281073
6122281603
6122282033
6122284513
6122284813
6122284873
6122284943
6122285183
6122285883
6122285913
6122285973
6122286073
6122286253
6122286503
6122286713
6122287733
6122288063
6122288783
6122289483
6122289943
6122290123
6122290723
6122291283
6122291843
6122292483
6122293253
6122293803
6122293833
6122294293
6122294303
6122294353
6122294383
6122294473
6122294773
6122295213
6122295263
6122296483
6122296583
6122296773
6122297223
6122297533
6122298023
6122299113
6122299123
6122299143
6122300143
6122300983
6122301033
6122301053
6122301363
6122304053
6122304393
6122305083
6122306263
6122306473
6122307493
6122307743
6122308283
6122310733
6122311743
6122313503
6122478673
6122867923
6122930023
6122944323
6122962783
6122969453
6122971173
6123378313
6123382443
6123382703
6123383763
6123384203
6123437273
6123799673
6124199863
6124248573
6124249913
6124250093
6124250423
6124269943
6124472903
6124656483
6124657033
6124658593
6124659393
6124660223
6124660453
6124661893
6124661963
6124662353
6124662693
6124662883
6124664583
6124665343
6124665423
6124666133
6124667033
6124667083
6124667943
6124668693
6124669483
6124670413
6124671393
6124671523
6124671633
6124672283
6124672793
6124672853
6124672973
6124673013
6124673163
6124673203
6124674403
6124674813
6124675773
6124676133
6124676453
6124676663
6124677133
6124677143
6124677153
6124677203
6124677213
6124677283
6124677333
6124677413
6124677763
6124677803
6124679243
6124679393
6124679533
6124679553
6124681693
6124681903
6124681973
6124685143
6124685613
6124686243
6124686373
6124686983
6124687763
6124688743
6125004963
6125339733
6125343483
6125700383
6125700413
6125732033
6125771763
6125777173
6125777523
6125777703
6125777963
6125778663
6125778803
6125779413
6125779493
6125779563
6125780863
6125781163
6125781373
6125783773
6125785333
6125785593
6125785653
6125786243
6125786263
6125786743
6125786853
6125787473
6125788073
6125788113
6125788333
6125788353
6125788363
6125788603
6125788773
6125788813
6125788873
6125790463
6125791043
6125791313
6125791493
6125791843
6125792293
6125792903
6125792953
6125793323
6125793503
6125793853
6125793873
6125794003
6125794083
6125794163
6125794593
6125794783
6125794873
6125794893
6125795173
6125795493
6125795563
6125795573
6125795843
6125796473
6125796493
6125796943
6125797083
6125797353
6125798073
6125798353
6125798543
6125798673
6125798683
6125798713
6125798733
6125798823
6125798843
6125799043
6125799253
6125799413
6125799453
6125799693
6125799723
6125800633
6125800673
6125800823
6125801103
6125801183
6125802113
6125804173
6125805223
6125805873
6125806033
6125806203
6125806253
6125807903
6125808773
6125809433
6125813943
6125882553
6125976403
6125976473
6125976803
6125976823
6125976833
6125977043
6125977303
6125977403
6125978243
6125978953
6126074733
6126291323
6126302683
6126626483
6126677673
6126759823
6126833693
6126835113
6126857183
6126873293
6126874443
6126882953
6126888373
6126888703
6126889713
6126890903
6126892313
6126892433
6126892713
6126892763
6126892773
6126893463
6126893603
6126894883
6126895293
6126896573
6126896943
6126897193
6126897643
6126897693
6126897973
6126898183
6126898463
6126899073
6126899583
6126900733
6126901643
6126901853
6126901913
6126903293
6126903773
6126903813
6126903903
6126903943
6126904423
6126906073
6126906123
6126906603
6126906673
6126906683
6126906873
6126910283
6126910293
6126910393
6126912513
6126916623
6126916893
6126917183
6126919383
6127045003
6127152893
6127256053
6127277883
6127301843
6127488173
6127660093
6127809623
6127852743
6127878633
6127885423
6127890853
6127894663
6127897343
6127903063
6127903113
6128307233
6128548023
6128566063
6128657663
6128658833
6128913413
6128943343
6128983943
6128995843
6128996903
6128997363
6128997443
6128997453
6128997693
6128997713
6128999693
6128999843
6129000953
6129000973
6129001473
6129001773
6129001803
6129002243
6129002783
6129003253
6129003493
6129003833
6129003883
6129005163
6129005253
6129006163
6129007523
6129007563
6129007573
6129007613
6129007633
6129007803
6129008133
6129008353
6129009793
6129010343
6129010873
6129012273
6129013223
6129013453
6129013483
6129013613
6129015073
6129015363
6129015393
6129016143
6129016253
6129016683
6129016753
6129017003
6129017643
6129018333
6129019763
6129020683
6129020723
6129020743
6129024353
6129024713
6129026483
6129029753
6129032723
6129033253
6129035123
6129037903
6129037923
6129038363
6129038693
6129040693
6129041383
6129042133
6129047413
6129172573
6129356713
6129392393
6129926713
6129982233
6130088653
6130130033
6130135353
6130135583
6130136803
6130137693
6130142783
6130154433
6130159553
6130184613
6130184793
6130185123
6130185433
6130203733
6130205723
6130205853
6130205983
6130206833
6130206903
6130207003
6130209023
6130211563
6130212293
6130212573
6130213343
6130213433
6130214923
6130215793
6130216413
6130217093
6130219113
6130219303
6130219453
6130220303
6130220473
6130220623
6130220723
6130220733
6130221013
6130221663
6130221853
6130221963
6130222543
6130223033
6130223703
6130223723
6130224223
6130224483
6130224553
6130224823
6130226193
6130226503
6130226553
6130226613
6130228103
6130228143
6130229363
6130229593
6130229613
6130229653
6130230193
6130233443
6130236783
6130240683
6130275473
6130417103
6130689023
6130746903
6131082553
6131165353
6131165903
6131177703
6131281603
6131281813
6131281953
6131303003
6131312653
6131352503
6131352963
6131352983
6131353173
6131353503
6131354393
6131354663
6131354773
6131354863
6131355003
6131355013
6131355343
6131355353
6131355373
6131355423
6131355433
6131355453
6131355463
6131355473
6131355483
6131355503
6131355523
6131355533
6131355543
6131355553
6131355563
6131355573
6131355593
6131355623
6131355903
6131355943
6131356013
6131356793
6131357563
6131358603
6131358803
6131358903
6131359033
6131359383
6131359543
6131359733
6131360513
6131360643
6131361713
6131362283
6131363123
6131363273
6131363943
6131364643
6131364823
6131365733
6131369583
6131369673
6131369683
6131369923
6131387243
6131611273
6131640803
6131660393
6131842523
6131843183
6131888073
6132000163
6132086163
6132087173
6132097093
6132109573
6132242053
6132287203
6132311733
6132360173
6132360343
6132362123
6132362403
6132362663
6132362973
6132363043
6132363173
6132364113
6132364453
6132364573
6132364603
6132364753
6132364843
6132365053
6132365103
6132365893
6132366473
6132366633
6132367353
6132367873
6132367993
6132368263
6132368333
6132368643
6132368803
6132368813
6132368823
6132369363
6132370103
6132371863
6132372413
6132372423
6132372513
6132372523
6132372713
6132372813
6132372843
6132373343
6132373953
6132375453
6132375623
6132375713
6132376413
6132376533
6132377843
6132378373
6132378393
6132379113
6132380483
6132380633
6132381443
6132382123
6132382183
6132384843
6132385413
6132385513
6132385583
6132385693
6132386863
6132387113
6132620103
6132714003
6132714273
6132715133
6132715193
6133257613
6133327643
6133397303
6133400073
6133404893
6133438363
6133440573
6133441523
6133444493
6133450413
6133459143
6133489413
6133493523
6133547603
6133547783
6133548023
6133548303
6133548333
6133548463
6133548473
6133548973
6133552613
6133553223
6133553543
6133554373
6133554933
6133555143
6133556843
6133557383
6133558813
6133558963
6133559313
6133559713
6133559753
6133560653
6133561103
6133562393
6133563783
6133563893
6133564043
6133564943
6133565373
6133565593
6133565603
6133565823
6133566733
6133567883
6133568693
6133569443
6133569633
6133569753
6133570153
6133570273
6133571953
6133571973
6133572063
6133572213
6133572563
6133572883
6133573313
6133574023
6133574913
6133575203
6133575213
6133575863
6133577283
6133577973
6133579143
6133579513
6133579783
6133580933
6133580983
6133581213
6133582403
6133585473
6133586113
6133590013
6133590423
6133591703
6133591983
6133593533
6133597813
6133771983
6133782073
6133789843
6133791423
6133834523
6133840703
6133847773
6133848943
6133887613
6133957043
6133974363
6133974793
6134008663
6134161953
6134221493
6134436943
6134451803
6134452063
6134454403
6134558183
6134760033
6134869573
6134869703
6134873383
6134915033
6134942943
6134960263
6134962343
6134983943
6134991413
6134991493
6134991823
6134991913
6134992013
6134992103
6134992533
6134993053
6134993153
6134993393
6134993463
6134994093
6134996093
6134996863
6134997133
6134997503
6134997773
6134997833
6134997873
6134998253
6134998863
6134999583
6135001103
6135001533
6135001733
6135002613
6135002833
6135003173
6135003353
6135003593
6135003873
6135003933
6135004613
6135005313
6135005603
6135005623
6135007943
6135008593
6135008763
6135009833
6135009993
6135010743
6135011573
6135012493
6135014203
6135015723
6135017623
6135019033
6135021173
6135022643
6135023553
6135025423
6135026213
6135027683
6135028263
6135029103
6135031393
6135032113
6135032133
6135032373
6135032393
6135032443
6135032693
6135034903
6135035543
6135376773
6135387713
6135423253
6135446843
6135538053
6135562013
6135614733
6135654233
6135661763
6135700993
6136024013
6136083723
6136135433
6136304223
6136304243
6136311463
6136316813
6136317403
6136320073
6136320463
6136321083
6136321213
6136321633
6136323023
6136324723
6136325823
6136325853
6136327473
6136327813
6136329903
6136330073
6136413563
6136418113
6136453463
6136453473
6136458643
6136461423
6136461433
6136461493
6136502123
6136577193
6136598073
6136653083
6136657963
6136706773
6136773463
6136876813
6136941393
6137000743
6137001463
6137057383
6137057413
6137061333
6137103063
6137158763
6137178983
6137274043
6137382353
6137410653
6137411923
6137412223
6137412523
6137412553
6137412853
6137412933
6137413143
6137413783
6137414043
6137414363
6137416383
6137417113
6137418133
6137418703
6137419283
6137420083
6137420183
6137420193
6137420243
6137420743
6137421193
6137421253
6137421943
6137423533
6137425093
6137425133
6137425643
6137426443
6137427233
6137427863
6137427873
6137427943
6137428093
6137428843
6137428903
6137429693
6137429913
6137430043
6137430343
6137430523
6137430653
6137430733
6137431343
6137431793
6137431893
6137432003
6137432033
6137432093
6137432163
6137432543
6137432953
6137433233
6137433383
6137433493
6137434103
6137434843
6137435613
6137435683
6137435693
6137435703
6137435843
6137435873
6137436073
6137436233
6137436513
6137437013
6137437143
6137437533
6137437673
6137438383
6137438853
6137439353
6137439813
6137443483
6137445983
6137446173
6137449253
6137450273
6137454543
6137454723
6137454943
6137454963
6137456083
6137458203
6137461763
6137480733
6137538253
6137644773
6137784523
6137793273
6137887403
6137990953
6138015913
6138085273
6138092843
6138103063
6138104773
6138136853
6138159743
6138166063
6138182283
6138334153
6138336713
6138347623
6138376723
6138415853
6138417003
6138424463
6138439713
6138473083
6138473173
6138473183
6138473303
6138473373
6138473383
6138473453
6138473533
6138474003
6138474043
6138474213
6138474263
6138474383
6138474683
6138474693
6138474783
6138474803
6138474873
6138474933
6138475073
6138475243
6138475263
6138475373
6138476203
6138476393
6138476663
6138477163
6138477433
6138478123
6138478643
6138479013
6138479073
6138479113
6138479123
6138479133
6138479393
6138480283
6138480383
6138480753
6138480863
6138481123
6138482743
6138482983
6138483663
6138483903
6138484033
6138484763
6138484863
6138484953
6138485133
6138485803
6138486153
6138486733
6138486963
6138487383
6138487603
6138488103
6138488173
6138488263
6138488283
6138488303
6138488313
6138488323
6138488563
6138489973
6138490663
6138490733
6138491833
6138492113
6138493223
6138494373
6138494383
6138494593
6138495173
6138495643
6138495783
6138495813
6138496633
6138496653
6138496883
6138497513
6138497823
6138501653
6138502003
6138504923
6138506473
6138506483
6138506503
6138506523
6138506533
6138506543
6138506673
6138506873
6138507583
6138582453
6138617263
6138652933
6138670733
6138729613
6138796783
6138872313
6138878543
6138959943
6138979583
6139003753
6139139603
6139171253
6139222103
6139229633
6139354563
6139356663
6139356913
6139359403
6139391463
6139426433
6139428533
6139446013
6139457003
6139458013
6139459343
6139478953
6139479023
6139479053
6139479183
6139479853
6139479943
6139480203
6139480603
6139480963
6139480973
6139480993
6139481033
6139481153
6139481503
6139483073
6139483093
6139483563
6139484153
6139485323
6139485823
6139485943
6139486323
6139655033
6139682673
6139682803
6139723293
6139723383
6139732813
6139824673
6139835613
6139838523
6139848963
6139853123
6139853243
6139854953
6139864933
6139866903
6139874703
6139930793
6139945153
6139951473
6139978763
6140033163
6140034663
6140038483
6140046523
6140048443
6140122873
6140162423
6140162473
6140208933
6140208973
6140214483
6140215903
6140236943
6140240513
6140241293
6140244033
6140255433
6140255943
6140262063
6140275483
6140288753
6140290963
6140334043
6140337373
6140342093
6140343083
6140343953
6140344243
6140344263
6140344483
6140344853
6140345063
6140345183
6140345893
6140346193
6140346763
6140346893
6140346983
6140347043
6140347073
6140347113
6140347503
6140347553
6140347603
6140347613
6140347623
6140347773
6140348503
6140348623
6140349093
6140349193
6140349303
6140349333
6140349703
6140349843
6140349913
6140350373
6140350973
6140351023
6140351113
6140351363
6140351543
6140351563
6140351893
6140351903
6140351953
6140352103
6140352163
6140352233
6140352443
6140352463
6140352493
6140352973
6140353023
6140353043
6140353413
6140353463
6140353473
6140353503
6140353613
6140353683
6140354203
6140354213
6140354223
6140354333
6140354343
6140354493
6140354523
6140354603
6140354653
6140354663
6140354693
6140354803
6140355003
6140355023
6140355343
6140355443
6140355503
6140355523
6140355893
6140356073
6140356183
6140356203
6140356803
6140357193
6140357403
6140357443
6140357523
6140357683
6140357693
6140357703
6140358403
6140361863
6140361883
6140361893
6140362513
6140362623
6140362743
6140363483
6140364053
6140364113
6140364163
6140364173
6140364303
6140364433
6140364513
6140365003
6140365143
6140365243
6140365283
6140365583
6140365603
6140418663
6140418723
6140450553
6140510833
6140524953
6140553133
6140696563
6140700653
6140820483
6140821023
6140821663
6140821833
6140874673
6140931023
6140950773
6140972343
6141065513
6141119693
6141143933
6141195983
6141210273
6141214103
6141218093
6141226863
6141227003
6141227233
6141227763
6141228523
6141228753
6141229023
6141229093
6141229553
6141229633
6141229933
6141230053
6141230193
6141230203
6141230273
6141230293
6141230633
6141231013
6141231023
6141231063
6141231193
6141231343
6141231363
6141231543
6141232073
6141232393
6141232403
6141232543
6141233303
6141233323
6141233923
6141234143
6141234193
6141234953
6141235063
6141235193
6141235213
6141235963
6141236693
6141236893
6141237333
6141239023
6141239253
6141239293
6141240003
6141241393
6141241673
6141243793
6141245313
6141246543
6141246703
6141249413
6141250383
6141254033
6141255893
6141256063
6141256753
6141257433
6141257493
6141257523
6141257533
6141257543
6141257773
6141257913
6141258333
6141258363
6141258373
6141258603
6141275723
6141333663
6141371283
6141384193
6141408263
6141411833
6141424793
6141443693
6141486363
6141568823
6141656993
6141690293
6141707583
6141708223
6141730933
6141788663
6141808153
6141867173
6141908553
6141912873
6141970473
6142085143
6142105383
6142146473
6142161923
6142163533
6142164053
6142164183
6142164883
6142164943
6142165013
6142165063
6142165163
6142165323
6142165493
6142165503
6142165523
6142165613
6142165643
6142165663
6142165693
6142165703
6142165733
6142165963
6142166053
6142166073
6142166353
6142166393
6142166473
6142166533
6142166553
6142166723
6142166763
6142166893
6142166933
6142167163
6142167413
6142167433
6142167533
6142167593
6142167623
6142167683
6142167763
6142167833
6142167863
6142167883
6142168073
6142168193
6142168263
6142168503
6142168603
6142169093
6142169373
6142169803
6142170083
6142170333
6142170493
6142170853
6142170863
6142170893
6142170903
6142170993
6142171323
6142171673
6142171773
6142171853
6142172163
6142173053
6142174963
6142175733
6142176153
6142176173
6142176223
6142176293
6142176303
6142204473
6142209113
6142232953
6142272023
6142274383
6142276833
6142277263
6142316863
6142317613
6142321563
6142465133
6142502673
6142546093
6142552023
6142554883
6142559173
6142560123
6142571393
6142598113
6142598773
6142599423
6142616113
6142660273
6142729483
6142747473
6142761033
6142812443
6142835343
6142840623
6142843583
6142902223
6142914863
6142974333
6142974443
6142974593
6142974633
6142974643
6142974693
6142974783
6142974833
6142975143
6142975703
6142976133
6142977133
6142977373
6142977423
6142978003
6142978153
6142978543
6142978853
6142978963
6142979053
6142979273
6142979383
6142979583
6142980373
6142980923
6142981123
6142981153
6142981163
6142981203
6142981213
6142981353
6142981363
6142981463
6142981473
6142981483
6142981493
6142981503
6142981883
6142982063
6142982203
6142982213
6142982223
6142982233
6142982873
6142983203
6143007003
6143012573
6143012593
6143050143
6143050173
6143054203
6143070153
6143072553
6143166283
6143176953
6143183003
6143248403
6143274973
6143282153
6143283803
6143288493
6143296873
6143298783
6143303663
6143308123
6143362623
6143363573
6143393543
6143403463
6143411583
6143414573
6143417113
6143426613
6143456303
6143463733
6143479033
6143497953
6143543503
6143561593
6143574353
6143579443
6143589123
6143600023
6143617993
6143623283
6143632353
6143635963
6143638673
6143644493
6143648453
6143661563
6143668343
6143670903
6143699773
6143707723
6143709033
6143714413
6143715043
6143744353
6143769633
6143773643
6143773653
6143773663
6143773733
6143773863
6143773883
6143774043
6143774133
6143774313
6143774403
6143774643
6143774653
6143774863
6143774983
6143775063
6143775173
6143775243
6143775623
6143775953
6143776293
6143776813
6143777183
6143777203
6143777363
6143777893
6143778133
6143778663
6143778683
6143778743
6143778823
6143778913
6143779373
6143779483
6143779613
6143779973
6143780023
6143780253
6143780523
6143780733
6143780853
6143781133
6143781893
6143782003
6143782503
6143782783
6143782993
6143783143
6143783253
6143783283
6143783443
6143783573
6143783583
6143783623
6143783643
6143783943
6143783953
6143783963
6143783993
6143784103
6143784163
6143784603
6143784613
6143784713
6143785203
6143785993
6143786183
6143786213
6143786713
6143786753
6143787423
6143787653
6143787713
6143788553
6143788933
6143788943
6143790013
6143790653
6143790983
6143791183
6143792243
6143793263
6143793703
6143793833
6143794383
6143794863
6143794953
6143795333
6143796483
6143796493
6143801183
6143828043
6143888473
6143973473
6143979433
6144036293
6144043943
6144056013
6144082023
6144121373
6144146473
6144162633
6144189213
6144202893
6144203783
6144213673
6144226723
6144233543
6144283213
6144283443
6144320463
6144327513
6144346233
6144359243
6144363883
6144381003
6144393123
6144403933
6144417903
6144421903
6144424533
6144430763
6144431433
6144431453
6144433733
6144433853
6144433873
6144434103
6144435083
6144435773
6144438393
6144459583
6144462413
6144469763
6144489133
6144494243
6144494253
6144506523
6144520053
6144527573
6144544543
6144561323
6144561913
6144575093
6144591723
6144677813
6144696933
6144791363
6144860663
6144876473
6144891573
6144899043
6144901153
6144901503
6144908903
6144946093
6144959283
6144959633
6144962043
6144969793
6144981833
6144983633
6144983973
6144986453
6144986483
6144990023
6144997853
6145013543
6145013553
6145013593
6145013603
6145013613
6145013623
6145017013
6145026133
6145027153
6145028193
6145037443
6145038633
6145040503
6145041023
6145042013
6145051623
6145053423
6145053833
6145054633
6145055113
6145055443
6145055493
6145055793
6145055913
6145056053
6145056073
6145056183
6145056203
6145056413
6145056513
6145056643
6145056673
6145056753
6145056843
6145056953
6145057113
6145057183
6145057393
6145057493
6145057513
6145057523
6145057543
6145057553
6145057583
6145057693
6145057703
6145057763
6145058213
6145058503
6145060593
6145061733
6145063853
6145064013
6145064193
6145064653
6145067073
6145067183
6145068043
6145068613
6145070223
6145070413
6145070623
6145070643
6145070653
6145070663
6145070713
6145070733
6145070773
6145070813
6145070823
6145070853
6145070893
6145070953
6145070993
6145071023
6145071033
6145071063
6145071113
6145071173
6145071203
6145071213
6145071223
6145071253
6145071293
6145071313
6145071343
6145071473
6145071533
6145071943
6145071953
6145072003
6145072143
6145072503
6145072513
6145073253
6145073613
6145074003
6145074163
6145074273
6145075033
6145075233
6145076123
6145076673
6145076763
6145076903
6145077803
6145078003
6145078303
6145078393
6145078403
6145078443
6145078453
6145080013
6145085143
6145092663
6145149583
6145165073
6145180623
6145257593
6145285713
6145327773
6145330173
6145371433
6145374623
6145377793
6145419663
6145449873
6145450243
6145469973
6145474973
6145501323
6145503603
6145523163
6145531173
6145534303
6145539873
6145558693
6145578023
6145616363
6145616433
6145619423
6145628353
6145631903
6145652653
6145653693
6145665343
6145668413
6145669663
6145669833
6145671313
6145671323
6145671713
6145673033
6145674993
6145676673
6145687233
6145687553
6145691113
6145691863
6145692303
6145697063
6145699253
6145700713
6145700973
6145702603
6145704423
6145705923
6145706243
6145706853
6145707163
6145707563
6145709283
6145716793
6145718453
6145718523
6145718773
6145720133
6145722103
6145722463
6145722483
6145722503
6145723243
6145724033
6145724793
6145730983
6145731443
6145731813
6145732653
6145733233
6145733273
6145734113
6145734403
6145734543
6145734553
6145734603
6145734613
6145734763
6145734773
6145734783
6145734823
6145734863
6145734873
6145734913
6145734943
6145734963
6145734983
6145735013
6145735033
6145735053
6145735103
6145735113
6145735123
6145735153
6145735163
6145735203
6145735243
6145735253
6145735273
6145735303
6145735313
6145735333
6145735343
6145735353
6145735363
6145735383
6145735393
6145735403
6145735473
6145735523
6145735533
6145735553
6145735563
6145735603
6145735623
6145735703
6145735723
6145735733
6145735743
6145735773
6145735793
6145735843
6145735873
6145735883
6145735913
6145735953
6145736093
6145736133
6145736183
6145736253
6145736273
6145736343
6145736373
6145736483
6145736493
6145736573
6145736623
6145736713
6145736733
6145736863
6145736893
6145736903
6145736923
6145736933
6145736983
6145737103
6145737163
6145737223
6145737533
6145737743
6145737773
6145737793
6145737933
6145737993
6145738173
6145738273
6145738303
6145738563
6145738603
6145738663
6145738703
6145738713
6145738733
6145738963
6145739153
6145739223
6145739533
6145739543
6145739633
6145739693
6145739713
6145739733
6145739763
6145740013
6145740103
6145740193
6145740233
6145740583
6145740613
6145740703
6145740713
6145740953
6145740973
6145740993
6145741443
6145741463
6145741763
6145742333
6145742403
6145742423
6145742633
6145742673
6145742693
6145742703
6145742813
6145742863
6145742993
6145743023
6145743103
6145743353
6145743603
6145743833
6145743853
6145743873
6145744093
6145744533
6145745083
6145745303
6145745313
6145745483
6145745503
6145745513
6145745543
6145745563
6145745573
6145745583
6145745593
6145745623
6145745783
6145745813
6145745893
6145746043
6145746213
6145746293
6145746493
6145746713
6145747533
6145747633
6145747673
6145747823
6145747963
6145748343
6145748613
6145748683
6145748843
6145748993
6145749373
6145749443
6145749483
6145749493
6145749503
6145749593
6145749693
6145749763
6145749843
6145749853
6145749963
6145750043
6145750073
6145750093
6145750123
6145750183
6145750523
6145750763
6145751093
6145751433
6145751673
6145751723
6145751743
6145751823
6145751983
6145752093
6145752163
6145752623
6145753143
6145753183
6145753193
6145753993
6145754033
6145754063
6145754313
6145754323
6145755043
6145755513
6145755743
6145755813
6145755863
6145756023
6145756323
6145756363
6145756613
6145756643
6145756743
6145756803
6145756943
6145757143
6145757213
6145757273
6145757483
6145757853
6145758013
6145758143
6145758303
6145758933
6145759063
6145760093
6145760433
6145765543
6145765553
6145765603
6145765643
6145765653
6145765853
6145765903
6145766083
6145766463
6145768073
6145769463
6145777053
6145777663
6145778613
6145779663
6145783333
6145784713
6145813273
6145888093
6145969243
6146087673
6146185353
6146225303
6146253673
6146322523
6146344323
6146394733
6146436893
6146483683
6146485203
6146486013
6146486183
6146502133
6146503283
6146504533
6146508823
6146509573
6146510003
6146529893
6146536473
6146538123
6146539033
6146540403
6146540713
6146548803
6146549473
6146552833
6146553113
6146564483
6146565053
6146566623
6146569283
6146569683
6146570103
6146570183
6146570653
6146571193
6146571253
6146571603
6146573763
6146575063
6146575073
6146575143
6146575733
6146576263
6146576523
6146576713
6146577693
6146577853
6146577993
6146578103
6146578433
6146579973
6146580233
6146582783
6146583113
6146583343
6146583423
6146583493
6146583513
6146583833
6146584033
6146584123
6146584233
6146584353
6146584533
6146584783
6146584943
6146584993
6146585003
6146585073
6146585083
6146585093
6146585103
6146585113
6146585123
6146585143
6146585163
6146585173
6146585203
6146585213
6146585223
6146585233
6146585243
6146585253
6146585263
6146585283
6146585293
6146585323
6146585333
6146585343
6146585373
6146585383
6146585393
6146585413
6146585433
6146585443
6146585473
6146585483
6146585503
6146585553
6146585563
6146585573
6146585593
6146585603
6146585643
6146585673
6146585683
6146585703
6146585713
6146585723
6146585733
6146585743
6146585753
6146585763
6146585783
6146585793
6146585823
6146585833
6146585853
6146585863
6146585873
6146585883
6146585893
6146585903
6146585923
6146585933
6146585943
6146585953
6146585963
6146585973
6146585983
6146586003
6146586043
6146586053
6146586073
6146586093
6146586113
6146586123
6146586133
6146586143
6146586153
6146586163
6146586173
6146586193
6146586203
6146586223
6146586233
6146586243
6146586253
6146586263
6146586293
6146586303
6146586323
6146586353
6146586363
6146586373
6146586383
6146586413
6146586423
6146586443
6146586453
6146586473
6146586483
6146586503
6146586533
6146586543
6146586553
6146586563
6146586573
6146586583
6146586593
6146586603
6146586623
6146586633
6146586663
6146586673
6146586703
6146586713
6146586723
6146586733
6146586763
6146586773
6146586793
6146586863
6146586903
6146586913
6146586953
6146586963
6146586973
6146586983
6146587003
6146587013
6146587043
6146587063
6146587073
6146587113
6146587153
6146587183
6146587193
6146587203
6146587223
6146587233
6146587253
6146587283
6146587293
6146587303
6146587313
6146587323
6146587333
6146587343
6146587353
6146587363
6146587393
6146587403
6146587433
6146587443
6146587453
6146587463
6146587483
6146587493
6146587503
6146587513
6146587543
6146587563
6146587583
6146587593
6146587603
6146587613
6146587623
6146587643
6146587653
6146587683
6146587743
6146587753
6146587773
6146587793
6146587803
6146587833
6146587863
6146587883
6146587893
6146587903
6146587923
6146587943
6146587953
6146587973
6146587983
6146587993
6146588023
6146588033
6146588043
6146588063
6146588073
6146588083
6146588103
6146588113
6146588143
6146588193
6146588213
6146588243
6146588263
6146588273
6146588283
6146588313
6146588323
6146588333
6146588343
6146588353
6146588373
6146588383
6146588393
6146588403
6146588413
6146588423
6146588453
6146588463
6146588473
6146588483
6146588493
6146588503
6146588523
6146588533
6146588583
6146588593
6146588603
6146588643
6146588653
6146588663
6146588683
6146588693
6146588713
6146588723
6146588733
6146588743
6146588753
6146588763
6146588803
6146588813
6146588823
6146588843
6146588853
6146588883
6146588913
6146588933
6146588953
6146588963
6146588983
6146589023
6146589033
6146589053
6146589063
6146589073
6146589093
6146589103
6146589133
6146589153
6146589163
6146589173
6146589193
6146589243
6146589253
6146589263
6146589283
6146589293
6146589303
6146589313
6146589343
6146589373
6146589383
6146589413
6146589423
6146589443
6146589473
6146589543
6146589553
6146589563
6146589573
6146589583
6146589603
6146589623
6146589633
6146589643
6146589653
6146589663
6146589673
6146589683
6146589693
6146589713
6146589733
6146589743
6146589753
6146589763
6146589773
6146589783
6146589793
6146589823
6146589833
6146589853
6146589863
6146589873
6146589883
6146589893
6146589903
6146589913
6146589933
6146589943
6146589953
6146589963
6146589973
6146589983
6146589993
6146590003
6146590013
6146590043
6146590063
6146590073
6146590083
6146590093
6146590123
6146590133
6146590153
6146590163
6146590173
6146590193
6146590203
6146590213
6146590223
6146590233
6146590243
6146590253
6146590263
6146590273
6146590283
6146590293
6146590303
6146590313
6146590323
6146590333
6146590343
6146590353
6146590383
6146590393
6146590403
6146590423
6146590443
6146590463
6146590473
6146590483
6146590493
6146590503
6146590513
6146590533
6146590543
6146590553
6146590563
6146590573
6146590583
6146590613
6146590623
6146590643
6146590653
6146590673
6146590683
6146590693
6146590723
6146590733
6146590743
6146590753
6146590763
6146590803
6146590833
6146590843
6146590853
6146590883
6146590903
6146590923
6146590933
6146590943
6146590953
6146590963
6146590973
6146590993
6146591013
6146591023
6146591033
6146591043
6146591063
6146591073
6146591083
6146591093
6146591103
6146591133
6146591143
6146591153
6146591163
6146591183
6146591193
6146591203
6146591213
6146591233
6146591243
6146591253
6146591263
6146591273
6146591283
6146591293
6146591303
6146591313
6146591343
6146591353
6146591383
6146591393
6146591403
6146591413
6146591423
6146591443
6146591473
6146591483
6146591513
6146591533
6146591543
6146591563
6146591583
6146591603
6146591613
6146591623
6146591633
6146591653
6146591663
6146591683
6146591713
6146591723
6146591733
6146591743
6146591753
6146591763
6146591773
6146591783
6146591793
6146591803
6146591813
6146591823
6146591833
6146591843
6146591853
6146591863
6146591873
6146591903
6146591923
6146591933
6146591943
6146591953
6146591973
6146592003
6146592023
6146592033
6146592043
6146592073
6146592083
6146592113
6146592123
6146592133
6146592163
6146592173
6146592183
6146592193
6146592203
6146592233
6146592243
6146592283
6146592293
6146592303
6146592313
6146592323
6146592333
6146592343
6146592353
6146592373
6146592383
6146592393
6146592403
6146592413
6146592423
6146592433
6146592443
6146592453
6146592463
6146592473
6146592483
6146592493
6146592503
6146592513
6146592523
6146592533
6146592543
6146592563
6146592573
6146592583
6146592593
6146592603
6146592613
6146592623
6146592633
6146592643
6146592653
6146592673
6146592693
6146592703
6146592713
6146592723
6146592733
6146592743
6146592753
6146592763
6146592773
6146592783
6146592803
6146592813
6146592843
6146592873
6146592893
6146592903
6146592913
6146592943
6146592963
6146592973
6146592983
6146593003
6146593013
6146593023
6146593033
6146593043
6146593053
6146593063
6146593083
6146593093
6146593113
6146593133
6146593143
6146593163
6146593173
6146593183
6146593193
6146593203
6146593213
6146593233
6146593243
6146593263
6146593273
6146593293
6146593303
6146593313
6146593323
6146593353
6146593373
6146593393
6146593403
6146593413
6146593423
6146593443
6146593453
6146593463
6146593473
6146593483
6146593493
6146593503
6146593513
6146593523
6146593543
6146593563
6146593573
6146593593
6146593603
6146593623
6146593633
6146593643
6146593683
6146593693
6146593713
6146593723
6146593733
6146593743
6146593753
6146593773
6146593783
6146593793
6146593803
6146593813
6146593823
6146593833
6146593873
6146593883
6146593893
6146593913
6146593923
6146593953
6146593963
6146593973
6146593983
6146594023
6146594043
6146594073
6146594083
6146594093
6146594103
6146594123
6146594143
6146594153
6146594163
6146594173
6146594183
6146594193
6146594203
6146594213
6146594223
6146594233
6146594253
6146594263
6146594273
6146594283
6146594293
6146594323
6146594333
6146594343
6146594353
6146594363
6146594383
6146594393
6146594403
6146594433
6146594443
6146594453
6146594483
6146594493
6146594513
6146594523
6146594543
6146594573
6146594593
6146594603
6146594613
6146594623
6146594633
6146594643
6146594653
6146594673
6146594683
6146594693
6146594703
6146594713
6146594723
6146594743
6146594753
6146594763
6146594773
6146594793
6146594803
6146594813
6146594823
6146594833
6146594863
6146594893
6146594903
6146594913
6146594923
6146594933
6146594953
6146594963
6146594973
6146594993
6146595013
6146595023
6146595033
6146595043
6146595063
6146595073
6146595113
6146595123
6146595133
6146595153
6146595163
6146595183
6146595193
6146595203
6146595213
6146595233
6146595243
6146595253
6146595263
6146595293
6146595303
6146595313
6146595323
6146595363
6146595373
6146595383
6146595393
6146595413
6146595423
6146595433
6146595473
6146595483
6146595493
6146595523
6146595533
6146595543
6146595553
6146595563
6146595573
6146595583
6146595623
6146595643
6146595663
6146595673
6146595693
6146595703
6146595713
6146595733
6146595783
6146595793
6146595823
6146595843
6146595853
6146595863
6146595903
6146595913
6146595923
6146595933
6146595943
6146595953
6146595963
6146595983
6146596043
6146596053
6146596063
6146596073
6146596093
6146596103
6146596113
6146596143
6146596163
6146596173
6146596203
6146596213
6146596233
6146596243
6146596253
6146596263
6146596273
6146596293
6146596303
6146596313
6146596323
6146596333
6146596343
6146596353
6146596363
6146596393
6146596403
6146596443
6146596453
6146596463
6146596483
6146596493
6146596513
6146596523
6146596533
6146596543
6146596553
6146596563
6146596573
6146596583
6146596593
6146596603
6146596643
6146596653
6146596673
6146596683
6146596703
6146596753
6146596763
6146596793
6146596813
6146596823
6146596833
6146596843
6146596853
6146596863
6146596883
6146596893
6146596913
6146596923
6146596943
6146596973
6146596983
6146596993
6146597003
6146597013
6146597023
6146597033
6146597053
6146597063
6146597073
6146597093
6146597103
6146597153
6146597163
6146597223
6146597243
6146597273
6146597283
6146597343
6146597353
6146597363
6146597393
6146597423
6146597433
6146597443
6146597453
6146597463
6146597493
6146597503
6146597523
6146597543
6146597623
6146597643
6146597673
6146597683
6146597703
6146597713
6146597763
6146597783
6146597793
6146597823
6146597843
6146597853
6146597873
6146597883
6146597933
6146597953
6146597973
6146597993
6146598003
6146598013
6146598033
6146598053
6146598063
6146598073
6146598083
6146598103
6146598123
6146598143
6146598163
6146598173
6146598203
6146598273
6146598293
6146598313
6146598353
6146598373
6146598393
6146598403
6146598433
6146598443
6146598533
6146598553
6146598563
6146598573
6146598593
6146598613
6146598673
6146598683
6146598733
6146598803
6146598833
6146598873
6146598913
6146598943
6146598953
6146598963
6146598973
6146598983
6146599003
6146599033
6146599043
6146599053
6146599083
6146599133
6146599163
6146599173
6146599253
6146599323
6146599403
6146599423
6146599443
6146599513
6146599533
6146599553
6146599573
6146599593
6146599613
6146599633
6146599683
6146599703
6146599713
6146599743
6146599763
6146599773
6146599793
6146599803
6146599813
6146599853
6146599863
6146599943
6146599953
6146599983
6146600023
6146600043
6146600083
6146600113
6146600123
6146600163
6146600223
6146600233
6146600253
6146600273
6146600283
6146600293
6146600313
6146600323
6146600363
6146600373
6146600383
6146600393
6146600493
6146600513
6146600523
6146600533
6146600543
6146600563
6146600593
6146600623
6146600643
6146600673
6146600693
6146600723
6146600743
6146600763
6146600773
6146600783
6146600793
6146600823
6146600863
6146600873
6146600883
6146600903
6146600913
6146600953
6146600983
6146600993
6146601003
6146601013
6146601043
6146601053
6146601083
6146601093
6146601133
6146601153
6146601173
6146601203
6146601213
6146601223
6146601233
6146601243
6146601253
6146601293
6146601323
6146601343
6146601353
6146601373
6146601413
6146601443
6146601493
6146601503
6146601513
6146601523
6146601533
6146601543
6146601563
6146601573
6146601593
6146601623
6146601633
6146601653
6146601663
6146601683
6146601713
6146601743
6146601753
6146601763
6146601773
6146601803
6146601813
6146601823
6146601853
6146601883
6146601943
6146601993
6146602003
6146602033
6146602053
6146602063
6146602073
6146602093
6146602113
6146602143
6146602163
6146602173
6146602193
6146602213
6146602263
6146602303
6146602313
6146602343
6146602353
6146602363
6146602373
6146602383
6146602403
6146602413
6146602423
6146602443
6146602463
6146602483
6146602503
6146602553
6146602563
6146602573
6146602583
6146602603
6146602623
6146602633
6146602673
6146602683
6146602693
6146602723
6146602733
6146602743
6146602753
6146602763
6146602783
6146602793
6146602813
6146602823
6146602843
6146602883
6146602913
6146602923
6146602953
6146602973
6146602983
6146603003
6146603013
6146603023
6146603033
6146603083
6146603103
6146603153
6146603183
6146603193
6146603213
6146603233
6146603293
6146603313
6146603373
6146603383
6146603433
6146603443
6146603463
6146603493
6146603503
6146603523
6146603533
6146603553
6146603563
6146603583
6146603593
6146603613
6146603643
6146603673
6146603693
6146603723
6146603733
6146603753
6146603783
6146603793
6146603803
6146603813
6146603843
6146603873
6146603883
6146603893
6146603903
6146603923
6146603933
6146603953
6146603963
6146603983
6146603993
6146604003
6146604013
6146604033
6146604053
6146604063
6146604083
6146604103
6146604133
6146604143
6146604153
6146604173
6146604193
6146604213
6146604223
6146604233
6146604243
6146604253
6146604263
6146604273
6146604293
6146604303
6146604323
6146604343
6146604353
6146604373
6146604403
6146604413
6146604423
6146604433
6146604463
6146604503
6146604513
6146604543
6146604563
6146604573
6146604593
6146604613
6146604643
6146604663
6146604673
6146604703
6146604733
6146604743
6146604753
6146604763
6146604773
6146604793
6146604823
6146604833
6146604853
6146604873
6146604903
6146604913
6146604923
6146604953
6146604963
6146604973
6146604983
6146604993
6146605013
6146605063
6146605073
6146605083
6146605093
6146605113
6146605123
6146605153
6146605173
6146605183
6146605203
6146605213
6146605223
6146605233
6146605253
6146605283
6146605303
6146605313
6146605323
6146605333
6146605353
6146605383
6146605403
6146605433
6146605453
6146605463
6146605473
6146605523
6146605543
6146605553
6146605563
6146605593
6146605623
6146605633
6146605643
6146605653
6146605723
6146605753
6146605803
6146605823
6146605873
6146606013
6146606183
6146606193
6146606253
6146606283
6146606293
6146606323
6146606403
6146606483
6146606563
6146606573
6146606643
6146606663
6146606843
6146606933
6146606943
6146607003
6146607153
6146607253
6146607263
6146607363
6146607393
6146607523
6146607593
6146607613
6146607703
6146607723
6146607753
6146607763
6146607793
6146607823
6146608033
6146608053
6146608063
6146608073
6146608083
6146608093
6146608103
6146608113
6146608123
6146608133
6146608143
6146608153
6146608163
6146608173
6146608193
6146608203
6146608373
6146608523
6146608553
6146608573
6146608593
6146608613
6146608633
6146608643
6146608693
6146608703
6146608713
6146608723
6146608733
6146608743
6146608753
6146608783
6146608793
6146608803
6146608823
6146608833
6146608843
6146608853
6146608873
6146608883
6146608893
6146608903
6146608913
6146608923
6146608953
6146608963
6146608973
6146608983
6146608993
6146609003
6146609013
6146609023
6146609033
6146609043
6146609053
6146609063
6146609073
6146609083
6146609093
6146609103
6146609113
6146609123
6146609133
6146609143
6146609153
6146609163
6146609173
6146609183
6146609193
6146609203
6146609213
6146609223
6146609233
6146609243
6146609253
6146609263
6146609273
6146609293
6146609303
6146609313
6146609323
6146609333
6146609343
6146609353
6146609373
6146609383
6146609393
6146609403
6146609413
6146609423
6146609443
6146609453
6050771393
6050771983
6050772233
6053485333
6055377553
6064924013
6065123843
6065488413
6065488453
6065488463
6066383303
6067526603
6068649333
6071309063
6072829173
6073446583
6074320573
6074515083
6074587823
6074695223
6074719223
6074751353
6075013403
6075063043
6075330983
6075557213
6075809763
6075958423
6076493173
6076493273
6076493553
6076493703
6076493953
6076493993
6076494013
6076494103
6076494203
6076494383
6076494393
6076494513
6076494833
6076494943
6077160133
6078101933
6078705703
6079114063
6079114093
6079170263
6079170483
6079183983
6079335743
6079337223
6079337293
6079342153
6079541813
6079544393
6079547053
6079547623
6079547703
6079551343
6079579673
6079582483
6079647873
6080221563
6080314963
6080317473
6080384593
6080429133
6080567473
6080591453
6080795003
6080800383
6080800403
6080855583
6080887373
6080897393
6080954283
6080971983
6080997403
6081006813
6081007223
6081084403
6081088513
6081103273
6081160373
6081336123
6081347283
6081386073
6081507563
6081556223
6081641283
6081728543
6081848003
6081848673
6081998773
6083049713
6083103833
6083742533
6083755733
6083756053
6083768783
6084485093
6084603583
6084632583
6084653613
6084662923
6084675273
6085064083
6085113073
6085467893
6085677063
6086176003
6086226543
6086229803
6086306293
6086306733
6086440053
6086440703
6086445753
6086584403
6086592983
6086653783
6086717503
6086718363
6086739273
6086740533
6086792543
6086792673
6086808673
6086809003
6086846763
6086855823
6086856063
6086956503
6087040543
6087176983
6087268913
6087275913
6087282513
6087392563
6087393143
6087408403
6087710733
6088344943
6088381473
6088480423
6088503413
6088550863
6088555273
6088719163
6088936113
6089064243
6089144763
6089155893
6089185073
6089404353
6089574173
6089574313
6089965553
6089965793
6089966533
6090146613
6090349173
6090549113
6090629333
6090839533
6090960113
6091107643
6091109393
6091189353
6091262423
6091505073
6091516373
6091771713
6093107223
6093711083
6093745343
6093827623
6094283413
6094310423
6094722173
6094808633
6094815393
6095746143
6096126733
6096720303
6097145733
6098118943
6098562213
6099079453
6099083473
6099087003
6099089953
6099090413
6099126193
6099127153
6099127233
6099514773
6099588323
6099782273
6100742403
6101250553
6101251063
6101526423
6101695593
6101895433
6101910743
6102446113
6102699963
6103166783
6103222963
6104581853
6104767133
6104767523
6104767733
6104767763
6104767803
6104768613
6104768673
6104769213
6104769353
6104769403
6104783613
6104785983
6104786063
6104786913
6104786943
6104787353
6104787453
6104787533
6104787613
6104788253
6104788333
6104830473
6104830733
6104830743
6104830933
6104831013
6105490693
6105635173
6105745753
6106385713
6106566233
6106641893
6107006153
6107006273
6107006803
6107621823
6107621833
6108323783
6108435093
6108765103
6109311903
6109553893
6109645753
6109933883
6109955493
6110220073
6110458613
6110764373
6110895993
6110954203
6111164963
6111164983
6111165003
6111165023
6111165123
6111165143
6111165193
6111165203
6111165223
6111165243
6111165303
6111165343
6111165403
6111165463
6111165483
6111165503
6111165643
6111165663
6111165683
6111165723
6111165743
6111165763
6111165783
6111165803
6111165843
6111165863
6111165883
6111165903
6111165943
6111165963
6111166023
6111166043
6111166063
6111166083
6111166103
6111166163
6111166203
6111166243
6111166263
6111166283
6111166303
6111166343
6111166363
6111166383
6111166443
6111166483
6111166523
6111166543
6111166563
6111166583
6111166603
6111166623
6111166643
6111166723
6111166843
6111166923
6111166943
6111166963
6111166983
6111167003
6111167043
6111167063
6111167083
6111167123
6111167163
6111167183
6111167203
6111167243
6111167283
6111167383
6111167403
6111167463
6111167483
6111167543
6111167563
6111167643
6111167663
6111167683
6111167763
6111167783
6111167803
6111167863
6111167883
6111167923
6111167983
6111168023
6111168063
6111168103
6111168143
6111168183
6111168223
6111168243
6111168263
6111168283
6111168303
6111168323
6111168383
6111168403
6111168523
6111168603
6111168623
6111168643
6111168663
6111168723
6111168743
6111168763
6111168783
6111168803
6111168843
6111168903
6111168923
6111168943
6111168963
6111168983
6111169003
6111169043
6111169083
6111169103
6111169123
6111169143
6111169203
6111169243
6111169263
6111169303
6111169343
6111169363
6111169383
6111169403
6111169423
6111169463
6111169523
6111169543
6111169623
6111169643
6111169663
6111169683
6111169703
6111169723
6111169783
6111169843
6111169883
6111169903
6111169923
6111169943
6111170023
6111170043
6111170063
6111170103
6111170123
6111170163
6111170203
6111170303
6111170323
6111170383
6111170463
6111170483
6111170503
6111170523
6111170543
6111170563
6111170623
6111170683
6111170723
6111170763
6111170823
6111170843
6111170863
6111170903
6111170923
6111170983
6111171043
6111171143
6111171163
6111171203
6111171223
6111171243
6111171263
6111171283
6111171303
6111171343
6111171383
6111171403
6111171423
6111171443
6111171483
6111171543
6111171583
6111171623
6111171693
6111171723
6111171743
6111171783
6111171823
6111171883
6111171923
6111171963
6111171983
6111172023
6111172083
6111172123
6111172163
6111172183
6111172223
6111172243
6111172263
6111172283
6111172303
6111172363
6111172403
6111172423
6111172443
6111172483
6111172583
6111172603
6111172723
6111172743
6111172763
6111172803
6111172843
6111172863
6111172883
6111172903
6111173023
6111173043
6111173163
6111173263
6111173283
6111173303
6111173343
6111173363
6111173383
6111173423
6111173443
6111173463
6111173503
6111173513
6111173523
6111173533
6111173543
6111173563
6111173573
6111173583
6111173593
6111173613
6111173673
6111173683
6111173703
6111173713
6111173733
6111173743
6111173773
6111173803
6111173813
6111173863
6111173873
6111173893
6111173903
6111173923
6111174043
6111174063
6111174083
6111174103
6111174113
6111174123
6111174133
6111174163
6111174173
6111174193
6111174213
6111174253
6111174303
6111174313
6111174343
6111174373
6111174383
6111174393
6111174403
6111174443
6111174473
6111174483
6111174493
6111174503
6111174513
6111174523
6111174533
6111174543
6111174563
6111174593
6111174603
6111174623
6111174653
6111174663
6111174683
6111174693
6111174703
6111174713
6111174733
6111174743
6111174763
6111174783
6111174793
6111174813
6111174833
6111174843
6111174853
6111174863
6111174883
6111174893
6111174913
6111174923
6111174953
6111174983
6111174993
6111175003
6111175013
6111175023
6111175033
6111175063
6111175083
6111175113
6111175133
6111175143
6111175173
6111175183
6111175193
6111175203
6111175233
6111175263
6111175323
6111175333
6111175353
6111175363
6111175393
6111175403
6111175433
6111175453
6111175473
6111175503
6111175533
6111175543
6111175553
6111175573
6111175603
6111175613
6111175623
6111175633
6111175653
6111175673
6111175683
6111175703
6111175723
6111175743
6111175753
6111175763
6111175773
6111175793
6111175813
6111175823
6111175843
6111175863
6111175873
6111175883
6111175903
6111175923
6111175933
6111175943
6111175953
6111176003
6111176013
6111176023
6111176043
6111176083
6111176103
6111176133
6111176143
6111176153
6111176163
6111176183
6111176193
6111176213
6111176223
6111176233
6111176243
6111176253
6111176273
6111176323
6111176373
6111176393
6111176443
6111176483
6111176493
6111176513
6111176523
6111176563
6111176573
6111176583
6111176603
6111176613
6111176643
6111176653
6111176663
6111176673
6111176703
6111176713
6111176753
6111176763
6111176773
6111176793
6111176813
6111176823
6111176833
6111176843
6111176853
6111176863
6111176883
6111176923
6111176933
6111176943
6111176953
6111176983
6111177013
6111177023
6111177053
6111177063
6111177093
6111177103
6111177123
6111177133
6111177143
6111177173
6111177183
6111177353
6111177893
6111701943
6111721773
6111859253
6112277903
6112278453
6112278473
6112278513
6112278583
6112281873
6112411233
6112751303
6113404143
6113404313
6113404593
6113472853
6114270273
6114476783
6114515063
6114515483
6114516793
6114684943
6115531953
6115828343
6115832013
6116076523
6116229863
6116542143
6116876263
6116954473
6116955193
6116956233
6116957233
6116958383
6116958933
6116960243
6116960263
6116961203
6116961563
6116962083
6117264483
6117278623
6117971203
6118114033
6118114113
6118114313
6118114463
6118114673
6118114703
6118114843
6118114903
6118115013
6118115173
6118115183
6118115343
6118115663
6118322153
6118379803
6118384273
6118390343
6118781593
6119139363
6119268383
6119650133
6119714953
6119814103
6119913723
6119962753
6119969093
6120298673
6120830083
6120942923
6121132113
6121132713
6121133593
6121134013
6121134733
6121339373
6121365593
6121366553
6121426493
6121498953
6121659823
6121839323
6122238303
6122279053
6122288053
6122316683
6122317023
6122317093
6122317113
6122317123
6122317143
6122317153
6122317183
6122317213
6122317233
6122318193
6122318473
6122319173
6122319243
6122319283
6122319313
6122319453
6122319553
6122319593
6122319673
6122319703
6122319743
6122319753
6122319843
6122319873
6122319883
6122319893
6122319903
6122319933
6122319953
6122319973
6122319983
6122320013
6122320063
6122320093
6122320103
6122320113
6122320133
6122320173
6122320203
6122320373
6122320633
6122320803
6122320833
6122320843
6122321083
6122321093
6122321183
6122321213
6122321223
6122321283
6122321443
6122321513
6122321713
6122321743
6122321883
6122447593
6122606673
6122650143
6122741473
6123404653
6124689143
6124691003
6124692163
6124692303
6124692843
6125103733
6125108663
6125108693
6125110433
6125186283
6125515973
6125780143
6125814803
6125816443
6125817983
6125820303
6125820983
6125960713
6126127483
6126528733
6126790753
6126925063
6126925643
6126940333
6127267923
6127387173
6127747703
6127904263
6127904603
6127905083
6127905203
6127906603
6127908203
6128301213
6128328753
6128563023
6128563203
6128623573
6128623603
6128623643
6128652373
6128831603
6128970093
6128981473
6129010053
6129047963
6129048073
6129048183
6129048293
6129048393
6129048453
6129048773
6129048793
6129048893
6129049213
6129049923
6129049983
6129050483
6129050553
6129050563
6129050733
6129050893
6129051063
6129051143
6129051793
6129051813
6129051883
6129052123
6129053283
6129053763
6129053893
6129054083
6129054183
6129054563
6129055063
6129055223
6129055693
6129059613
6129086553
6129593053
6129916863
6129930123
6130241273
6130241473
6130242693
6130484783
6130625003
6130625823
6130780013
6130937793
6131076623
6131077033
6131079133
6131084023
6131356053
6131370333
6131370513
6131370973
6131371353
6131371403
6131596523
6131707443
6132098483
6132119423
6132119863
6132257493
6132261483
6132268423
6132281633
6132282023
6132282063
6132353823
6132387263
6132387703
6132387733
6132387833
6132387853
6132387893
6132387943
6132387963
6132388013
6132388023
6132388153
6132388213
6132388303
6132388513
6132388573
6132388693
6132388773
6132389513
6132389653
6132390163
6132390643
6132390823
6132391553
6132392043
6132392163
6132392233
6132392443
6132392653
6132393173
6132393183
6132393253
6132681073
6133039773
6133058293
6133062883
6133115573
6133127923
6133127963
6133129143
6133497473
6133598753
6133599823
6133600433
6133600993
6133601433
6133601483
6133601833
6133602073
6133602193
6133602333
6133602643
6133602743
6133602773
6133602953
6133603043
6133603063
6133603193
6133603423
6133603493
6133603893
6133606223
6133606743
6133606803
6133607243
6133607823
6133717603
6134116783
6134126243
6134169713
6134347653
6134364693
6134382873
6134382883
6134382893
6134382993
6134383063
6134383083
6134384283
6134384833
6134384953
6134384973
6134384983
6134386083
6134386283
6134386383
6134386913
6134386923
6134387063
6134387073
6134387753
6134387873
6134388213
6134388283
6134390853
6134391673
6134391823
6134391843
6134392253
6134392263
6134392663
6134392703
6134392983
6134401013
6134413553
6134423983
6134425243
6134425253
6134425283
6134434303
6134436963
6134449943
6134449963
6134485043
6134486603
6134486613
6134488543
6134492083
6134493813
6134495363
6134495373
6134496983
6134497243
6134497303
6134497323
6134499013
6134499073
6134501173
6134502203
6134502213
6134502413
6134502443
6134502503
6134502523
6134504053
6134504063
6134504083
6134505763
6134714033
6134797863
6134845393
6134888373
6134924993
6134961353
6135002653
6135004543
6135032843
6135033273
6135033283
6135033353
6135033453
6135033463
6135033793
6135034063
6135034233
6135034283
6135035133
6135035143
6135035283
6135037203
6135037453
6135507403
6135535353
6135549433
6135691033
6135770643
6135778593
6135780453
6135896323
6135896333
6135896423
6135896473
6135896533
6135896543
6135940913
6135962353
6136021883
6136031323
6136055243
6136058943
6136082103
6136114883
6136117323
6136234403
6136248293
6136272113
6136325133
6136331293
6136331323
6136331643
6136332053
6136332173
6136332293
6136332433
6136332453
6136332663
6136333443
6136333573
6136333583
6136333653
6136335173
6136335193
6136335463
6136336053
6136336733
6136338403
6136339773
6136340103
6136340223
6136340353
6136340913
6136341253
6136341573
6136341783
6136342593
6136342883
6136343683
6136343703
6136344073
6136344273
6136344443
6136344573
6136344703
6136344753
6136344863
6136345753
6136347053
6136347393
6136347583
6136451673
6136885173
6136914613
6136937883
6137086483
6137122103
6137158393
6137201343
6137276243
6137379863
6137384283
6137414563
6137459093
6137459183
6137459393
6137459673
6137459683
6137459933
6137460043
6137460053
6137460063
6137460203
6137460373
6137460443
6137460513
6137460583
6137460593
6137460813
6137461003
6137461163
6137461283
6137461313
6137461543
6137461983
6137461993
6137462253
6137462503
6137462913
6137463263
6137463523
6137463813
6137464003
6137464413
6137464473
6137464683
6137464833
6137464873
6137464953
6137465673
6137465713
6137465723
6137465743
6137465783
6137466003
6137466223
6137466303
6137467053
6137467103
6137467123
6137467133
6137467583
6137467993
6137468433
6137961893
6137984053
6138047913
6138078333
6138125323
6138125813
6138152993
6138153153
6138169503
6138169543
6138169573
6138169953
6138170053
6138195753
6138196913
6138197263
6138201393
6138205363
6138208583
6138228373
6138228693
6138228753
6138229703
6138235543
6138239103
6138240263
6138244183
6138249833
6138251023
6138252273
6138252523
6138255063
6138255683
6138265823
6138328923
6138329593
6138330943
6138333993
6138336263
6138337613
6138338753
6138340843
6138347903
6138349463
6138372363
6138372903
6138375913
6138379193
6138379923
6138380163
6138380293
6138381903
6138382563
6138382653
6138387913
6138388753
6138389003
6138410943
6138411113
6138411353
6138412083
6138412643
6138413093
6138413873
6138414193
6138415373
6138419713
6138423693
6138424783
6138425773
6138426383
6138429583
6138430413
6138431413
6138431943
6138433043
6138435893
6138438193
6138438813
6138439783
6138469143
6138469193
6138469323
6138469683
6138471733
6138471843
6138472563
6138474513
6138474863
6138475913
6138478143
6138479373
6138479863
6138481343
6138481983
6138482303
6138486323
6138487503
6138489983
6138500983
6138520983
6138521363
6138521383
6138521433
6138522713
6138522893
6138523583
6138523603
6138523933
6138524673
6138524703
6138524773
6138524923
6138525053
6138525073
6138525373
6138525433
6138525613
6138526333
6138526413
6138526703
6138526883
6138527163
6138527483
6138528303
6138528313
6138528383
6138528463
6138528723
6138528903
6138529333
6138529803
6138530713
6138530793
6138530953
6138531013
6138531313
6138531343
6138531683
6138531883
6138532773
6138533483
6138533673
6138534633
6138534783
6138534853
6138535013
6138535273
6138536013
6138536153
6138536523
6138536663
6138537413
6138538843
6138539053
6138539963
6138540113
6138540703
6138543133
6138545033
6138593373
6138660103
6138661733
6138661783
6138662023
6138662183
6138662443
6138662723
6138663153
6138663583
6138663643
6138665003
6138665293
6138665743
6138665853
6138666033
6138666943
6138667143
6138667683
6138671773
6138675933
6138806273
6138965653
6139013783
6139045603
6139046603
6139380523
6139382573
6139382743
6139405553
6139428423
6139430153
6139435893
6139439603
6139463423
6139486373
6139488093
6139488743
6139488993
6139490263
6139490313
6139534133
6139907623
6140085313
6140191573
6140194013
6140199023
6140291783
6140339353
6140342513
6140349573
6140355153
6140356213
6140359553
6140365913
6140366133
6140366173
6140366653
6140366893
6140366983
6140367163
6140367213
6140367363
6140367413
6140367553
6140367583
6140367663
6140367793
6140368093
6140368133
6140368223
6140368243
6140368273
6140368303
6140368323
6140368333
6140368343
6140368353
6140368383
6140368463
6140368493
6140368593
6140368723
6140368773
6140368803
6140368813
6140369123
6140369183
6140369373
6140369403
6140369463
6140369583
6140369623
6140369653
6140370013
6140370373
6140370683
6140370793
6140370983
6140371063
6140371113
6140371213
6140371343
6140371353
6140371383
6140371423
6140371593
6140371653
6140371693
6140371793
6140371873
6140371933
6140371983
6140372053
6140372123
6140372393
6140372413
6140372423
6140372613
6140372673
6140372833
6140372933
6140372943
6140373123
6140373443
6140396113
6140466243
6140485913
6140503683
6140503803
6140504803
6140639603
6140816453
6140945623
6140993073
6141003633
6141064523
6141121293
6141239423
6141258863
6141258943
6141258963
6141259153
6141259323
6141259333
6141259343
6141259353
6141259423
6141259633
6141259673
6141259693
6141259723
6141259933
6141260373
6141260683
6141260723
6141261113
6141261133
6141261623
6141261643
6141261923
6141262103
6141262253
6141262783
6141262883
6141262973
6141263163
6141263253
6141263533
6141263583
6141263593
6141263653
6141263833
6141263973
6141264003
6141264123
6141264233
6141264293
6141264443
6141264483
6141264543
6141264633
6141264883
6141264893
6141265053
6141265223
6141265423
6141265443
6141265523
6141265703
6141265753
6141265893
6141266083
6141266263
6141266443
6141267023
6141267083
6141267233
6141267433
6141267693
6141267743
6141267933
6141268543
6141268853
6141281923
6141282783
6141308373
6141319403
6141572633
6141577183
6141655443
6141656403
6141681083
6141684283
6141706533
6141716023
6141720443
6141746543
6141870253
6141920803
6142008693
6142111293
6142165713
6142167843
6142170743
6142180013
6142180883
6142180893
6142180913
6142180993
6142181423
6142182863
6142183923
6142183963
6142184143
6142184393
6142184713
6142184913
6142185573
6142185613
6142185723
6142185793
6142185873
6142186093
6142187013
6142210653
6142290303
6142394763
6142401533
6142435343
6142445393
6142496233
6142548893
6142625653
6142678633
6142730043
6142753173
6142753283
6142789043
6142830453
6142913053
6142983843
6142984123
6142984313
6142984503
6142984523
6142984683
6142984883
6142985023
6142985043
6142985203
6142985243
6142985383
6142985423
6142985493
6142985503
6142985793
6142985843
6142986113
6142986753
6142986933
6142987013
6142987183
6142987473
6142987493
6142987543
6142987633
6142987643
6142987733
6142987853
6142988463
6142988703
6142988713
6142989063
6142989273
6142989283
6142989473
6142989623
6142989853
6142989863
6142990103
6142990573
6142990863
6142991403
6142991843
6142991963
6142992103
6142992193
6142993003
6142993533
6142993633
6142993723
6142993783
6142993793
6142994003
6142994273
6142995503
6142995773
6142995943
6143007743
6143046693
6143080623
6143215533
6143251373
6143286053
6143333083
6143351863
6143382963
6143473423
6143532763
6143533833
6143564123
6143573563
6143587803
6143622443
6143675643
6143715423
6143737393
6143739713
6143784503
6143785683
6143786483
6143789663
6143801153
6143801303
6143801363
6143801443
6143801503
6143801693
6143801703
6143801733
6143801743
6143801783
6143801893
6143802013
6143802193
6143802223
6143802243
6143802293
6143802343
6143802463
6143802723
6143802773
6143802803
6143803163
6143803213
6143803333
6143803363
6143803503
6143803933
6143804013
6143804143
6143804333
6143804733
6143804763
6143804773
6143804793
6143804803
6143804823
6143804933
6143805023
6143805163
6143805273
6143805343
6143806043
6143806083
6143806333
6143806383
6143806563
6143806603
6143806633
6143806843
6143807353
6143807413
6143807673
6143807993
6143808103
6143808193
6143808483
6143808753
6143808923
6143809133
6143809183
6143809193
6143809223
6143809433
6143809573
6143809763
6143809873
6143810013
6143810033
6143810163
6143823033
6143835803
6143841973
6143920803
6143942263
6143957293
6144013813
6144051473
6144059793
6144082123
6144129613
6144138993
6144165543
6144222003
6144244163
6144245603
6144256203
6144272303
6144285633
6144330783
6144344243
6144360103
6144373833
6144374613
6144377613
6144378293
6144378333
6144379153
6144402213
6144404233
6144405203
6144435123
6144436223
6144436453
6144437123
6144437433
6144441013
6144443063
6144444683
6144470753
6144491693
6144526233
6144528333
6144589393
6144612613
6144731463
6144778103
6144780533
6144828583
6144828833
6144904603
6144950983
6144959903
6144980943
6144985283
6144986243
6145003623
6145008363
6145008963
6145016023
6145016453
6145035703
6145038993
6145052733
6145056213
6145058243
6145063503
6145064783
6145066923
6145068983
6145081003
6145082793
6145083413
6145083613
6145083883
6145084053
6145084223
6145096643
6145101573
6145111393
6145148983
6145153503
6145154263
6145316453
6145321143
6145442963
6145467293
6145508103
6145539753
6145566233
6145617203
6145618873
6145624893
6145646403
6145663703
6145671983
6145673753
6145686273
6145686373
6145687913
6145700493
6145714763
6145715883
6145715963
6145717303
6145717693
6145720283
6145723483
6145726983
6145727583
6145730523
6145735513
6145736203
6145737093
6145737303
6145737553
6145745643
6145745923
6145746013
6145747923
6145748043
6145749883
6145749973
6145750893
6145754713
6145756333
6145756433
6145756673
6145759783
6145760693
6145766553
6145766633
6145766683
6145766693
6145766753
6145766783
6145766793
6145766863
6145766883
6145766943
6145766963
6145767073
6145767093
6145767173
6145767213
6145767253
6145767273
6145767373
6145767593
6145767623
6145767663
6145767683
6145767693
6145767723
6145767743
6145767753
6145767903
6145767923
6145767933
6145768023
6145768113
6145768123
6145768133
6145768173
6145768203
6145768223
6145768253
6145768263
6145768273
6145768293
6145768303
6145768313
6145768333
6145768343
6145768363
6145768373
6145768383
6145768403
6145768413
6145768463
6145768473
6145768483
6145768513
6145768573
6145768603
6145768743
6145768793
6145768803
6145768863
6145768893
6145768913
6145768943
6145769193
6145769223
6145769273
6145769443
6145769513
6145769583
6145769603
6145769663
6145769693
6145769713
6145769803
6145769903
6145769993
6145770033
6145770073
6145770093
6145770133
6145770143
6145770173
6145770263
6145770313
6145770413
6145770553
6145770613
6145770633
6145770713
6145770753
6145770773
6145770783
6145770853
6145770893
6145770943
6145770993
6145771043
6145771053
6145771063
6145771113
6145771183
6145771213
6145771303
6145771363
6145771393
6145771613
6145771733
6145772123
6145772143
6145772743
6145772833
6145772843
6145772933
6145772963
6145772973
6145772983
6145773023
6145773073
6145773103
6145773123
6145773153
6145773253
6145773343
6145773543
6145773613
6145773623
6145773683
6145773693
6145773713
6145773743
6145773763
6145773883
6145773943
6145774153
6145774203
6145774383
6145774413
6145774443
6145774513
6145774523
6145774593
6145774603
6145774613
6145774723
6145774783
6145774843
6145774893
6145775053
6145775343
6145775523
6145775593
6145775923
6145776013
6145776093
6145776103
6145776113
6145776133
6145776333
6145776343
6145776413
6145776423
6145776473
6145776493
6145776563
6145776593
6145776603
6145776613
6145776773
6145776793
6145776833
6145776843
6145779803
6145780553
6145780653
6145783123
6145788853
6145789403
6145791553
6145792553
6145793553
6145799813
6145799833
6145808463
6145808533
6145819823
6145854733
6145956663
6145988313
6145988393
6145988463
6145988533
6145988603
6145988673
6145988743
6145988783
6145988793
6145988833
6145988873
6145988913
6145988973
6145989113
6145989123
6145989173
6145989283
6145989433
6145989443
6146113273
6146165613
6146183583
6146216113
6146327233
6146501783
6146503483
6146507143
6146512643
6146512993
6146513693
6146528163
6146545303
6146546093
6146548823
6146553893
6146556563
6146563193
6146569093
6146570693
6146576333
6146577243
6146578623
6146579043
6146579413
6146581853
6146588783
6146588863
6146592853
6146592953
6146594063
6146597333
6146603913
6146605693
6146606083
6146606493
6146606613
6146607043
6146607353
6146608393
6146608583
6146608763
6146608933
6146608943
6146609363
6146609433
6146609473
6146609483
6146609493
6146609513
6146609523
6146609533
6146609543
6146609553
6146609563
6146609573
6146609593
6146609613
6146609623
6146609633
6146609643
6146609653
6146609663
6146609673
6146609693
6146609703
6146609713
6146609723
6146609733
6146609743
6146609753
6146609763
6146609783
6146609793
6146609823
6146609833
6146609843
6146609853
6146609863
6146609873
6146609893
6146609903
6146609923
6146609943
6146609953
6146609973
6146609983
6146609993
6146610003
6146610013
6146610023
6146610033
6146610043
6146610063
6146610073
6146610083
6146610093
6146610103
6146610113
6146610123
6146610133
6146610143
6146610153
6146610173
6146610183
6146610193
6146610203
6146610223
6146610243
6146610253
6146610273
6146610283
6146610293
6146610303
6146610323
6146610333
6146610343
6146610373
6146610383
6146610403
6146610413
6146610423
6146610433
6146610443
6146610453
6146610463
6146610473
6146610483
6146610493
6146610503
6146610513
6146610523
6146610533
6146610543
6146610553
6146610563
6146610583
6146610603
6146610623
6146610633
6146610643
6146610663
6146610673
6146610683
6146610693
6146610713
6146610723
6146610753
6146610763
6146610793
6146610833
6146610893
6146610963
6146610983
6146610993
6146611003
6146611013
6146611023
6146611033
6146611053
6146611103
6146611113
6146611123
6146611133
6146611143
6146611153
6146611163
6146611173
6146611183
6146611193
6146611203
6146611213
6146611223
6146611233
6146611253
6146611273
6146611283
6146611293
6146611303
6146611313
6146611323
6146611333
6146611373
6146611383
6146611393
6146611403
6146611413
6146611423
6146611433
6146611443
6146611463
6146611473
6146611483
6146611493
6146611503
6146611533
6146611543
6146611553
6146611623
6146611633
6146611653
6146611673
6146611683
6146611743
6146611753
6146611763
6146611773
6146611783
6146611803
6146611813
6146611823
6146611833
6146611853
6146611863
6146611883
6146611913
6146611923
6146611933
6146611943
6146611983
6146611993
6146612013
6146612063
6146612073
6146612083
6146612103
6146612123
6146612133
6146612153
6146612173
6146612203
6146612213
6146612243
6146612253
6146612273
6146612283
6146612293
6146612323
6146612343
6146612353
6146612373
6146612403
6146612413
6146612423
6146612433
6146612453
6146612473
6146612483
6146612513
6146612533
6146612553
6146612563
6146612573
6146612583
6146612593
6146612623
6146612633
6146612663
6146612673
6146612713
6146612743
6146612763
6146612773
6146612783
6146612813
6146612843
6146612853
6146612863
6146612873
6146612883
6146612893
6146612933
6146612943
6146612953
6146612963
6146612973
6146612983
6146612993
6146613013
6146613023
6146613033
6146613043
6146613063
6146613083
6146613093
6146613143
6146613153
6146613193
6146613233
6146613243
6146613253
6146613263
6146613273
6146613303
6146613313
6146613323
6146613333
6146613343
6146613353
6146613363
6146613373
6146613393
6146613413
6146613423
6146613443
6146613453
6146613473
6146613493
6146613503
6146613513
6146613533
6146613543
6146613553
6146613603
6146613663
6146613673
6146613693
6146613733
6146613753
6146613763
6146613773
6146613783
6146613813
6146613823
6146613853
6146613873
6146613883
6146613923
6146613933
6146613943
6146613953
6146613963
6146613973
6146613993
6146614003
6146614023
6146614043
6146614063
6146614073
6146614083
6146614093
6146614103
6146614113
6146614123
6146614143
6146614153
6146614163
6146614173
6146614193
6146614203
6146614213
6146614243
6146614253
6146614273
6146614283
6146614303
6146614313
6146614333
6146614343
6146614363
6146614373
6146614383
6146614403
6146614413
6146614423
6146614433
6146614443
6146614453
6146614473
6146614483
6146614493
6146614503
6146614513
6146614523
6146614533
6146614543
6146614553
6146614563
6146614573
6146614583
6146614593
6146614603
6146614613
6146614623
6146614633
6146614643
6146614653
6146614663
6146614673
6146614683
6146614703
6146614713
6146614723
6146614733
6146614743
6146614753
6146614773
6146614783
6146614793
6146614813
6146614823
6146614833
6146614843
6146614863
6146614883
6146614893
6146614913
6146614923
6146614933
6146614943
6146614953
6146614963
6146614973
6146614983
6146614993
6146615003
6146615013
6146615023
6146615033
6146615043
6146615053
6146615063
6146615073
6146615083
6146615093
6146615123
6146615133
6146615143
6146615153
6146615163
6146615173
6146615183
6146615203
6146615223
6146615233
6146615243
6146615253
6146615263
6146615273
6146615283
6146615293
6146615303
6146615313
6146615323
6146615333
6146615343
6146615353
6146615363
6146615373
6146615383
6146615393
6146615403
6146615413
6146615443
6146615453
6146615463
6146615473
6146615483
6146615493
6146615503
6146615513
6146615523
6146615533
6146615543
6146615553
6146615563
6146615573
6146615583
6146615603
6146615613
6146615623
6146615633
6146615643
6146615653
6146615663
6146615673
6146615683
6146615693
6146615713
6146615723
6146615733
6146615743
6146615753
6146615763
6146615773
6146615793
6146615803
6146615813
6146615833
6146615843
6146615853
6146615863
6146615873
6146615883
6146615893
6146615903
6146615913
6146615923
6146615933
6146615943
6146615953
6146615963
6146615993
6146616013
6146616043
6146616053
6146616063
6146616073
6146616083
6146616093
6146616103
6146616153
6146616173
6146616203
6146616213
6146616223
6146616233
6146616253
6146616323
6146616333
6146616353
6146616363
6146616373
6146616393
6146616403
6146616433
6146616473
6146616483
6146616513
6146616523
6146616543
6146616553
6146616573
6146616583
6146616623
6146616643
6146616653
6146616673
6146616683
6146616693
6146616703
6146616723
6146616733
6146616743
6146616753
6146616773
6146616783
6146616793
6146616813
6146616863
6146616873
6146616893
6146616903
6146616913
6146616923
6146616933
6146616943
6146616953
6146616963
6146616983
6146616993
6146617003
6146617023
6146617083
6146617093
6146617123
6146617133
6146617153
6146617163
6146617173
6146617183
6146617203
6146617223
6146617233
6146617253
6146617263
6146617283
6146617373
6146617393
6146617403
6146617413
6146617423
6146617493
6146617503
6146617513
6146617533
6146617553
6146617573
6146617613
6146617653
6146617663
6146617673
6146617683
6146617693
6146617703
6146617713
6146617733
6146617753
6146617763
6146617783
6146617793
6146617803
6146617823
6146617843
6146617853
6146617863
6146617873
6146617903
6146617923
6146617933
6146617953
6146617963
6146617973
6146618003
6146618013
6146618023
6146618053
6146618073
6146618083
6146618093
6146618103
6146618113
6146618123
6146618133
6146618143
6146618153
6146618173
6146618183
6146618193
6146618203
6146618213
6146618223
6146618243
6146618263
6146618273
6146618293
6146618303
6146618323
6146618343
6146618393
6146618413
6146618423
6146618433
6146618443
6146618453
6146618463
6146618473
6146618483
6146618493
6146618503
6146618513
6146618523
6146618533
6146618543
6146618583
6146618593
6146618603
6146618613
6146618643
6146618663
6146618683
6146618693
6146618703
6146618713
6146618723
6146618733
6146618763
