7050750706
7054995486
7055949216
7055949146
7055949286
7055949526
7055949886
7055949986
7055950026
7056223916
7055950166
7056893436
7056893466
7057263856
7056893526
7059790256
7059790276
7058256086
7058534626
7059790286
7060046786
7056933796
7056933816
7050750716
7050750836
7050750746
7055949176
7055949296
7060048976
7060048986
7060049026
7060049036
7055676716
7059790356
7059790346
7059553796
7060049086
7059555866
7059781206
7045232866
7054992536
7055950236
7055950676
7057958626
7057958886
7057263916
7057958816
7058534766
7059790366
7055950296
7060049106
7060049146
7051267506
7054995706
7055950786
7058256196
7055950866
7059076176
7055951206
7055951246
7059798966
7060047606
7060049136
7060049186
7060049206
7060047556
7055951076
7057263946
7058534866
7057959296
7059790466
7059076236
7059199656
7060049166
7059555626
7053967496
7058534876
7053967526
7056893826
7053967516
7054701756
7060049256
7060049226
7060049236
7060049266
7060049276
7051267716
7052748076
7053967576
7059076306
7053967596
7055951536
7055951556
7059790526
7058534976
7059076376
7059076456
7057959466
7060049296
7060049306
7053202176
7059076296
7059076416
7055951526
7055951546
7059076366
7059076386
7059076426
7059076446
7055951566
7058780596
7060049316
7053202166
7052560656
7053202156
7053202466
7053202236
7053393926
7053202296
7053967886
7054177406
7053202376
7055951586
7055951606
7055951626
7055951646
7055951616
7055951736
7055951796
7055951816
7055951846
7055951836
7059076466
7059790606
7059790626
7056224516
7059558396
7053202256
7053760806
7053202436
7055951856
7060049356
7060004136
7060049246
7052560666
7053202506
7055951596
7059076526
7060049366
7054995996
7059790636
7060049376
7060049396
7059741136
7058535236
7059076536
7054996066
7055951886
7059076576
7058256486
7058535266
7059076566
7059076586
7059558446
7058873786
7060049416
7059781116
7052560676
7051987386
7052560756
7052560776
7052560786
7052560836
7052560886
7052560976
7056894286
7055952026
7055951966
7053968016
7056467886
7054996076
7056467896
7058535326
7056224716
7058535336
7059558476
7059790746
7059790736
7059790756
7060049426
7051500636
7051987326
7052560746
7057264446
7060049436
7059778886
7057120956
7059752186
7052561036
7052561056
7056467906
7058535346
7060048426
7060049446
7060049466
7052560926
7052560946
7053968316
7052561046
7052561146
7056467916
7052561166
7057264536
7059076736
7053762786
7059076776
7053762826
7054996186
7054996206
7059076746
7059076766
7059076826
7059558506
7053762816
7059076796
7059076816
7060049486
7060049496
7058535446
7059558516
7057932026
7060049516
7060049386
7059508336
7060049506
7057960286
7058535486
7059076976
7059077036
7060049546
7060048606
7058640986
7060049566
7057960326
7059558566
7059556696
7059790876
7059785166
7059283146
7059785696
7059349266
7057953296
7058808496
7059792296
7060049576
7057960456
7057960466
7057960476
7057960486
7059556716
7059555616
7059200926
7060049616
7059776946
7059585676
7051781976
7060049636
7049299406
7051987596
7052751536
7051987626
7052751546
7053203276
7053203596
7053203106
7053203126
7053398536
7053763116
7053763156
7053203166
7053760706
7053203386
7053968036
7053968096
7053968116
7054996536
7053763286
7054996436
7055952316
7054177676
7054996796
7054996816
7054996656
7055952226
7056894926
7055952116
7054996866
7054996666
7056225066
7056225096
7056894846
7055952426
7056467976
7056894466
7055952306
7056894576
7056894826
7057960576
7057960496
7059323396
7057264806
7058535696
7058535736
7058535716
7058535726
7059558596
7059790926
7057264786
7057960526
7058535746
7057960506
7051043106
7051987776
7053763086
7053763226
7053968106
7057264826
7059077146
7057960536
7058535686
7060049286
7060049656
7060049666
7058790866
7057788226
7059480716
7058448256
7056894896
7056894966
7056894976
7056895026
7057264856
7058535786
7058535766
7059558656
7059558646
7058791726
7059791046
7054177926
7054996856
7058535776
7050026476
7050208656
7050751976
7053969316
7054996896
7059558696
7059791066
7059791056
7059791096
7060038436
7060039636
7060042106
7060018746
7047255046
7050208606
7050752006
7050752026
7052871666
7053204066
7050752016
7050752056
7055952826
7050752096
7050752116
7050752156
7056895106
7056895146
7056895166
7053203976
7057472066
7053204116
7058535966
7053398596
7054996976
7054997016
7056895116
7056895136
7056895156
7056895236
7056895256
7057472076
7058535976
7059791116
7050751986
7054996746
7060016996
7060049776
7060049786
7060049806
7053204486
7054997106
7056895186
7056895206
7056895386
7060049756
7053763466
7060049816
7060016916
7056895336
7056895396
7057227136
7058490296
7060016476
7060048086
7056895426
7055952976
7056895446
7057265326
7057265336
7053398716
7060049746
7060049876
7060049886
7060049906
7060049916
7060049926
7042378906
7047827396
7047827446
7049700176
7050752196
7051990496
7053969766
7057265366
7056225516
7057265356
7057265426
7057265416
7057265436
7060049936
7047612046
7053204496
7060049896
7060049946
7060049956
7060049966
7060049976
7048028086
7049699306
7050208686
7050752066
7057265456
7050752086
7050752106
7050752126
7059558856
7050752546
7050752946
7051043426
7051782766
7054994006
7057265446
7057265566
7060049986
7049482866
7059077376
7050752166
7060050076
7060050096
7056895616
7057265576
7059558866
7060049996
7059791246
7059558876
7059491546
7060050116
7042429946
7053204746
7053204966
7053969986
7048028336
7053970046
7053970086
7048028356
7049701076
7049701296
7057265626
7057265586
7057265606
7050026596
7051990996
7051991216
7056224916
7057961636
7059791276
7050208896
7050208916
7050209056
7051991356
7059558906
7053204976
7053205056
7053970096
7058748826
7057997656
7057305356
7057892426
7059296486
7060050136
7059558686
7047612346
7049483136
7049942036
7051991456
7051991476
7052858776
7053399776
7053205456
7049701186
7050208926
7053970176
7057961696
7053399756
7053970276
7051271526
7050209046
7054703096
7057961716
7054178246
7053763686
7059060316
7057961776
7059059816
7053970206
7056895746
7057961726
7057961796
7059060406
7059062876
7059061646
7059069656
7059062596
7059068496
7059061726
7059065246
7059062846
7059061686
7059791336
7059070306
7059060086
7059062776
7059069646
7059558966
7059559006
7059059616
7059061396
7060050156
7060050166
7046938806
7047612386
7056895816
7050208906
7051783006
7056895806
7059791376
7048028346
7056895766
7060050176
7060050186
7053970366
7056895836
7059559026
7059559046
7059559036
7059559056
7059559066
7059559096
7059559106
7059559116
7059559076
7053970356
7059559086
7060050206
7058535416
7060050216
7042590606
7042748896
7043920756
7054703446
7054703466
7059559146
7048679416
7056895926
7047217556
7051044596
7059559186
7050209196
7052753016
7053763096
7054703456
7052858876
7054703436
7058792016
7053400256
7054178376
7055413936
7058791996
7059559176
7059559196
7059559216
7059559236
7059559256
7059559276
7059559126
7053763776
7043025466
7043717926
7043898946
7048459986
7051783606
7052858886
7053763126
7053763746
7056896006
7056896046
7056896026
7056896066
7059559266
7059559206
7059559226
7059559246
7059559286
7060050236
7043920786
7060050266
7060050276
7056896056
7053400206
7045867396
7045867516
7045867536
7045867556
7045867796
7050026936
7050209876
7053400476
7057962196
7058536336
7056896106
7060050296
7060050306
7045343746
7045556226
7045867406
7045867486
7045867526
7045867806
7047217586
7048028646
7049302706
7050209866
7050209886
7050209966
7050209986
7051272166
7054375746
7055953706
7055953726
7055953746
7055953786
7056468226
7058536346
7058536366
7058536386
7060050336
7055414526
7055953846
7057581706
7055953836
7059559346
7058257406
7058536396
7059793806
7060050366
7055953856
7054375826
7055953876
7058792066
7055953986
7055953886
7055953966
7055953976
7059077726
7060050386
7042379096
7045867616
7045867676
7045867756
7049303446
7045867876
7045867896
7050753406
7047612696
7047828456
7055415266
7049703456
7051272216
7055415256
7058792096
7054375856
7045867786
7055415276
7045867886
7049704136
7055954076
7049303186
7048681006
7051784206
7055954196
7055954086
7059791676
7042590716
7045867636
7042590806
7042694906
7045346146
7045561406
7045868026
7045868066
7045868266
7047612906
7048029006
7055415286
7055954166
7049304946
7042590736
7050210426
7043718876
7050210606
7048681256
7050210666
7055954236
7050210726
7050210686
7050210706
7050210746
7050210806
7050211126
7050753526
7055954276
7051501286
7053380966
7053381026
7055954206
7055954226
7055954266
7055954286
7055954326
7055954346
7055954366
7055954386
7056226166
7058792186
7055954256
7047613146
7055954466
7050210416
7045868256
7045868276
7048682036
7049704856
7050210576
7050210596
7050210616
7050210656
7050210676
7055954376
7055954416
7055954456
7059077816
7055954426
7045563016
7043718926
7050210716
7050211116
7055954526
7059077866
7053380936
7055954576
7053381076
7055954636
7050210756
7053380956
7055954666
7055954766
7058792206
7058550436
7055954756
7054998296
7055954876
7055955016
7055954916
7045868396
7045868586
7058792216
7045566166
7049306046
7052753436
7059559456
7048682636
7055954966
7055955006
7044999916
7049306676
7049306736
7045000006
7045868666
7055955436
7045868686
7049306106
7052753496
7055955466
7049306666
7049306746
7052753506
7055955486
7055955536
7057266296
7045869926
7057266276
7043719846
7056226586
7057266336
7057266356
7057266366
7053078206
7057266286
7055955566
7057266306
7042427706
7043720376
7044732926
7055955696
7044732986
7045871026
7049162506
7045870966
7048683666
7055955626
7055955646
7055955766
7057266346
7057266386
7045871146
7044733126
7044732976
7044733016
7044733036
7045347356
7042591326
7045870886
7048683476
7048683636
7045871186
7045871286
7055955776
7045871086
7055955796
7045871306
7055955736
7055955756
7055955836
7055955856
7044732956
7048683656
7055955716
7042427896
7044732916
7044733076
7055955726
7055955786
7055955846
7045871036
7045871156
7045871076
7045871116
7042379436
7044733286
7044733326
7044733386
7044733096
7044733346
7044733466
7044733136
7045871316
7045347606
7055955906
7053971896
7055955876
7055955936
7055955976
7055955986
7055955916
7055955996
7055955926
7055955946
7055955886
7055956016
7042695986
7044733256
7043923946
7044733336
7044733356
7051047146
7050027826
7051047166
7044733276
7044733296
7045871346
7044733246
7058489116
7042428106
7044733266
7055956136
7055956146
7055956196
7055956206
7055956096
7055956156
7055956176
7057266416
7055956286
7044733576
7045347576
7045347616
7045871356
7045871496
7045871576
7045871636
7044733476
7060050596
7059777876
7043721796
7043721806
7043721876
7043721906
7053971916
7043721776
7059791126
7060050616
7054704966
7054704996
7054705006
7054705016
7055956586
7055956596
7055956606
7055956536
7055956546
7059736286
7060050626
7055956566
7051047376
7051047396
7059791746
7060050196
7060050636
7043489726
7060050656
7060050756
7056690796
7056700916
7056706816
7056705226
7056690356
7056676896
7048286706
7048243606
7056692956
7060050776
7059791776
7059260086
7059793546
7059791796
7060050796
7047218826
7047218866
7047218816
7047218846
7047218926
7047219106
7047218836
7047218896
7052753766
7047218956
7047219046
7053406026
7047218946
7053406006
7053764466
7047218876
7047218996
7047219166
7047219036
7053764546
7059791826
7053406016
7053406076
7060050836
7060050646
7048261796
7048259956
7047219026
7060050856
7047219316
7048275046
7048295746
7056677626
7053764536
7056679136
7059791876
7059340106
7060050886
7060050896
7060050246
7047219306
7047219366
7047219486
7053406046
7047219196
7056677726
7056678346
7053764496
7056682216
7053406066
7059791896
7056894986
7056895016
7060050926
7059789426
7058465876
7059516516
7060050936
7057884106
7047219326
7047219526
7048252746
7059791916
7059791926
7060050966
7059731586
7060050976
7053764506
7047219456
7053764526
7055956826
7055956886
7056683646
7059791996
7058443476
7060050996
7058615276
7059009816
7060051026
7048254626
7055956926
7056687846
7056706866
7059078306
7048246156
7049869196
7059792026
7053764556
7059792066
7053764576
7055956796
7055956836
7055956896
7055956916
7057963716
7059792036
7057966776
7060051046
7060051036
7060051056
7044505026
7044505036
7048241026
7044505056
7048276486
7047219636
7048276396
7048276556
7059078346
7050757836
7058536636
7059078386
7059078406
7059078376
7059078396
7059792086
7059792106
7059078416
7059078476
7048268086
7047219536
7050757846
7057009086
7047219656
7060051076
7060018836
7060051086
7060049346
7058534536
7058719226
7060051096
7060051106
7060051006
7059796456
7057481666
7060049336
7054568406
7055305326
7055956946
7058536656
7058536666
7058792686
7059078456
7059078446
7059792146
7059553426
7058536676
7059078426
7060015716
7059590766
7060051126
7060051146
7059494816
7059792226
7048262286
7055957036
7053763326
7058536716
7058536736
7056227066
7055957046
7056697146
7056697766
7056702926
7059792156
7059744316
7058536706
7058536726
7058536766
7059078486
7059792176
7060051136
7058536696
7058536686
7060051186
7058442906
7060051196
7056227106
7056227126
7057964066
7055957156
7055957176
7059078666
7056227136
7056896736
7057268276
7059792206
7055957166
7060051206
7060051236
7060051166
7052647596
7059972606
7045830716
7055957196
7056227196
7057268716
7057329456
7057964116
7058536796
7059078436
7059079316
7056227186
7059792256
7056468946
7060051266
7060051276
7060051296
7060051306
7043715016
7050028196
7050028206
7055957356
7055957406
7056896896
7057269296
7057324916
7060051316
7055957366
7060023876
7060051326
7060049706
7059740176
7049950756
7050028226
7057269816
7057269656
7055958026
7059080356
7056896886
7059792316
7059792306
7059506316
7058264246
7060051016
7058792916
7058792906
7059080566
7059792326
7059788936
7059790796
7060051396
7058778816
7060049526
7060051406
7057750096
7055958446
7055958546
7056227246
7056227236
7056896996
7058792926
7058792946
7059080966
7059080956
7059081346
7059081366
7059081116
7059081196
7060051416
7059081216
7058783386
7059081316
7059081426
7059081356
7059792366
7059792386
7059792376
7059792506
7059792416
7058792936
7059081226
7059792436
7060050986
7060051426
7059794656
7059792486
7060051436
7042749956
7050664826
7055959286
7055959226
7056469066
7054705896
7054998856
7056227256
7058256766
7058243716
7059791966
7059081506
7058245796
7058536936
7058536956
7059792566
7059792586
7059792546
7059792536
7059792556
7060051446
7059792576
7048640076
7056863646
7057965586
7059792446
7058264616
7060051366
7047934296
7060051456
7060051486
7043951706
7048641026
7055959416
7057271956
7054706086
7055959646
7056227306
7059740016
7059792596
7059792656
7059744206
7059792606
7059792636
7059792646
7060051496
7059792626
7060051516
7060051526
7055959826
7056227366
7054706056
7055959936
7059082326
7056227376
7056897116
7059792686
7059792706
7059792676
7059792716
7059792736
7060051536
7060051546
7060051556
7047066136
7042674826
7043952166
7049647096
7050458156
7050327066
7053764636
7054706226
7059699176
7059082616
7056897146
7059792746
7059792766
7059792776
7059516406
7060051066
7059782796
7060051586
7060051596
7060051606
7055680346
7056438396
7055960886
7055960986
7057272036
7055961046
7059083396
7057272106
7059792816
7059792796
7059083526
7059083686
7059792786
7059792826
7059792806
7056469966
7059006396
7059006296
7054999526
7055680366
7055961206
7056897206
7055961476
7059083806
7059083906
7056470116
7056470216
7059792866
7059792846
7059792886
7059792876
7059792916
7060051626
7058793196
7059792896
7060051646
7060051656
7060051666
7055954706
7053076966
7042239526
7055961816
7056470366
7058793226
7059084286
7059792936
7059792926
7059792966
7060051676
7060051696
7055680406
7060051716
7060051726
7042239886
7042700966
7042923046
7042953266
7043961976
7044286346
7044286886
7044287736
7044623886
7045019086
7045263246
7045939816
7045307526
7045263166
7053972396
7053078586
7056470526
7053972446
7053972406
7055962126
7056581156
7053972426
7055962486
7056585506
7058265196
7058776806
7058265186
7059084966
7055962456
7058776866
7058466216
7058777046
7059793056
7058776796
7058776976
7058777216
7058777366
7058777516
7059793036
7059085306
7060051736
7060051746
7058533246
7058496466
7053480396
7046535896
7047155376
7047465836
7047612686
7047706066
7048602796
7047998026
7047946236
7048594546
7049419376
7059557316
7049961256
7049117446
7049105066
7049779606
7049961336
7050369616
7049945406
7050695456
7052175646
7051177306
7051521686
7051994896
7052327726
7051439786
7052755646
7051259036
7051312656
7052644966
7052681286
7051393956
7052642906
7052678666
7052641346
7052158496
7052678166
7052681336
7052655346
7053266426
7052681326
7052640576
7052705176
7053215856
7052681306
7053297006
7053379706
7052433816
7053711646
7052767576
7052681316
7053078736
7055566566
7053078636
7053320786
7053972466
7053197576
7053266836
7053486986
7053713086
7060051756
7053211656
7057272516
7053078676
7055566576
7053764776
7053926326
7057966206
7054706906
7057966226
7058265236
7057966336
7053972456
7058265386
7053972496
7058265406
7047239776
7058265256
7058265316
7058265366
7058265356
7058265396
7059793086
7058793386
7058793356
7058265276
7057966196
7058793406
7058265376
7058793316
7058793366
7058793346
7052655156
7053787886
7053024256
7053972476
7053975246
7049258326
7058793336
7059339726
7060051766
7047259866
7048025546
7051944046
7052562766
7052562826
7059607216
7059793156
