7050750707
7050750837
7054993017
7054995487
7055949387
7055949847
7055950127
7056893407
7055949597
7057263687
7057957727
7055949737
7055949917
7055950057
7057958287
7057958507
7056893417
7058534677
7059790257
7059790277
7059790297
7050750647
7055949807
7058534727
7059790237
7060049027
7060049017
7059515647
7059075927
7059071367
7059790337
7059790287
7059790307
7059790327
7059790347
7059790317
7059059347
7054995527
7055950237
7055950307
7055950347
7055950457
7055950387
7055950547
7055950637
7055950527
7055950607
7056224137
7057958687
7058534737
7059069657
7059558297
7054992407
7054995507
7060049107
7060048967
7053391717
7050750827
7051267467
7052560567
7053201967
7055950937
7055950977
7055950997
7055951037
7055951097
7055951147
7055951197
7059076167
7059076187
7059790407
7059076177
7059790437
7060049167
7051780687
7059560927
7060048667
7057959287
7060049227
7058872227
7060048367
7057993037
7060049237
7060049187
7052560657
7053201977
7053967477
7053967667
7054995827
7053967637
7054177277
7054701777
7055951377
7059790477
7059790497
7059778407
7053760977
7053967527
7053967607
7060049257
7056600847
7052560677
7052560697
7058534927
7052560757
7059076307
7055951497
7059790547
7058256337
7059076317
7058329037
7060049277
7055951527
7055951547
7054995857
7055951517
7055951537
7059076387
7059076407
7059076397
7059076427
7059076437
7059076457
7059790577
7059790597
7057995577
7060049317
7055951507
7059076367
7058783687
7060049287
7060049327
7060049337
7047229017
7052560667
7053202177
7053202237
7053202297
7052560767
7053202357
7053760837
7053202167
7053202187
7054177497
7054177447
7054177487
7054701917
7055951587
7055951617
7055951597
7055951607
7055951697
7055951787
7055951827
7055951727
7059076517
7055951797
7055951847
7058535067
7058535017
7059790617
7059790627
7053202157
7054177457
7055951837
7055951857
7060049357
7059786587
7052560777
7052560857
7052560897
7052560827
7058535157
7059787757
7053202267
7053202347
7057959787
7059790667
7059790637
7060049377
7060049387
7055951867
7055951887
7051267757
7054177477
7055951877
7059075727
7059076547
7059076587
7059558447
7059076537
7059076557
7059076597
7060049407
7060049417
7059815707
7053077327
7053762777
7053762817
7053767927
7054177527
7056224677
7056224717
7056467887
7058535317
7058535337
7058789987
7059790737
7059790747
7060049427
7053202747
7059790757
7060049437
7060049247
7059791917
7060049447
7060015387
7060049457
7052560967
7052561007
7052561087
7052561107
7054702147
7054996187
7052560977
7052561017
7058535367
7052561097
7052561137
7052561157
7052561197
7058535377
7059558477
7059790777
7060049467
7060049347
7060048647
7052560957
7054996207
7055952047
7056467917
7058535407
7058535397
7059076727
7059076737
7059076757
7059076767
7059076777
7059076787
7059076817
7059076797
7059076827
7059076837
7059076857
7059076867
7059558497
7059556627
7059076847
7058249637
7059561937
7055157207
7060049487
7060049507
7058256727
7059558527
7059339637
7060049497
7060049527
7060049517
7060049537
7057960197
7057960277
7059689877
7060048457
7060049547
7060049557
7060049567
7058535517
7058256787
7059790167
7060049577
7059349257
7060049587
7060049597
7056894567
7057960467
7057960457
7057960487
7057960477
7057146417
7050208307
7050208447
7051043027
7051781247
7053077527
7053203127
7053203107
7051267817
7052561297
7053203097
7053203117
7053203307
7051987497
7051987737
7053203527
7051987537
7053203137
7051988537
7053203277
7053203217
7053763177
7053763267
7053398537
7053969067
7053969187
7053968057
7053968587
7053968947
7055952247
7054996867
7053968117
7054996727
7053968097
7055952227
7054996557
7056894947
7054996497
7056467957
7056894497
7057264847
7057960557
7057264697
7057960497
7057960537
7057960617
7058535697
7057960527
7057960547
7057960587
7057960607
7059392847
7058535707
7058535747
7058535757
7059558607
7060049267
7053203177
7053203317
7059077137
7060049647
7060049657
7060049667
7060049677
7049699157
7050208577
7051781707
7051782057
7054316717
7054318297
7053474327
7059790957
7056894907
7054996897
7056894937
7056894957
7058535767
7056894977
7056895057
7056895157
7059790987
7059791047
7058535777
7056895017
7056895117
7059077197
7056895137
7058257037
7053203957
7058535787
7058535817
7060049717
7050208677
7050208607
7050752017
7050752157
7059791067
7053204057
7059558697
7059791057
7060049617
7060039637
7060042117
7060049737
7060018747
7050751987
7052871647
7053969367
7054375467
7056225337
7056895107
7058535967
7059791107
7060049747
7054996977
7057472077
7060049757
7060049777
7060038427
7053203967
7053398657
7053204047
7053204127
7056895217
7056895237
7053969487
7056895207
7056895227
7058257117
7056895247
7059558737
7059558747
7059791127
7053398637
7053398587
7056895197
7060018617
7060049807
7060016917
7057227127
7053763437
7059791147
7060016477
7060049817
7060016467
7059792767
7060049867
7054375517
7057265297
7056895447
7057265317
7057265337
7059791177
7060049877
7060049897
7060049907
7060049927
7042378907
7042590517
7048678027
7049699387
7048678357
7050752047
7050752067
7050752087
7050752107
7050752197
7050752147
7050752167
7050752187
7057265377
7057265437
7057575737
7057265367
7057265387
7057265407
7057265487
7060049857
7060049887
7047827407
7058810157
7060049917
7060049937
7060049957
7060049977
7060049947
7043717777
7045867117
7047612297
7047827447
7051782967
7048028337
7048028357
7048028377
7050208897
7054994007
7050208917
7050209057
7054997257
7056225657
7056895557
7057265457
7057265477
7057265497
7060049997
7060050007
7047612337
7060050097
7043717767
7054997307
7057265577
7059077377
7059059607
7060049987
7060050107
7049701107
7049701287
7050208887
7050208927
7053969997
7053970037
7053969987
7054178237
7053970007
7055953267
7056224917
7056225717
7057961657
7057265587
7057265607
7057265637
7057265627
7059558897
7057961637
7060050117
7060050127
7059060317
7057961627
7057961647
7059558927
7058748777
7059296037
7059777557
7058747437
7042378937
7042429957
7048028347
7048028437
7049942037
7050209047
7051991367
7052561847
7052858727
7056895767
7053970177
7059059617
7053202577
7051991427
7053205797
7053399687
7056895747
7057961797
7057961697
7059060407
7053970127
7057961717
7059065247
7059062837
7059062877
7059061727
7059062587
7059070297
7058446787
7056895787
7046532677
7051991437
7056895797
7059558967
7056895817
7056895837
7059558987
7059559007
7059558957
7059558977
7059791417
7060050137
7060050177
7059559037
7059559027
7059559047
7059559057
7059559097
7059559067
7059559087
7059791437
7059559117
7060050207
7042430017
7042849237
7042994437
7043025477
7042590527
7043025497
7047612447
7054703437
7053970397
7056895937
7056895917
7053400167
7059559157
7059559197
7054703447
7059791477
7051501107
7059559167
7056895927
7059559177
7059559187
7059559147
7060050197
7060050247
7052561987
7051044397
7051044717
7051783477
7052752997
7053762997
7053970467
7053763117
7056896027
7056896067
7054178437
7056895997
7059559207
7059559227
7059559247
7058791997
7059559267
7059559237
7059559287
7059559257
7059559297
7052752987
7059559217
7059790517
7043920857
7043967257
7045867517
7045867557
7060050277
7060050287
7045867637
7045867677
7045867757
7045867797
7045867877
7045867897
7056896087
7048028657
7050209857
7050209957
7053400277
7053400397
7053400557
7056896117
7043718127
7060050297
7056896097
7059008917
7055953717
7056468417
7058536357
7045867407
7045867627
7045867807
7047214887
7048680287
7049302627
7050209947
7056468227
7058257407
7058536347
7058536387
7045867527
7058294267
7060050347
7055953797
7057962237
7058536397
7059559347
7058828287
7060050357
7060050367
7055953877
7055953887
7058792067
7055953907
7055953977
7055954007
7059077737
7055953867
7059790967
7059381117
7050210097
7050753377
7042379107
7059077727
7060050147
7048028727
7048028847
7049703667
7050753437
7055954037
7060050397
7045867887
7048028677
7048681027
7048681007
7055954097
7051991827
7055954087
7055954207
7055954267
7055954117
7055954177
7055954237
7043026257
7043718657
7042379187
7059788217
7043718637
7043718857
7044731597
7045561837
7045562317
7047612797
7045559207
7050210397
7050210407
7051992247
7055954287
7055954317
7055954367
7055954327
7045867987
7045868257
7045868277
7045868297
7048029037
7048682037
7047217827
7049483737
7049483797
7047613187
7050210597
7055954377
7050210587
7050210607
7055954437
7050210647
7055954407
7059077817
7055954447
7058792187
7059077827
7045868397
7045868267
7050210777
7049483967
7049306047
7050211097
7050210737
7053380937
7053380957
7050210807
7050210787
7059077857
7050211107
7055954557
7059077837
7055954517
7052753407
7050210767
7053380967
7053381027
7053380987
7055954697
7055954487
7059077847
7059077867
7053381077
7058861157
7060050417
7048682097
7050211117
7058550437
7055954727
7055954767
7055954807
7055954867
7055954737
7055954837
7055954857
7055954997
7058792217
7042379317
7059559457
7055955017
7055954977
7055955007
7043719427
7060050497
7043921877
7047831407
7044999887
7045868547
7045868657
7055955407
7045869927
7053078167
7055955487
7050472807
7055955457
7057266277
7045868697
7043922837
7045000037
7055955627
7055955687
7055955607
7055955647
7055955707
7057266307
7057266347
7057266367
7055955587
7048683637
7044732987
7055955677
7048683667
7057266357
7055955697
7057266337
7055955717
7055955737
7055955767
7055955777
7055955727
7055955807
7055955757
7055955747
7057266377
7055955827
7055955867
7055955847
7055955837
7055955817
7057266387
7055955927
7044733107
7042591417
7044732977
7044732917
7044733037
7044733057
7045871077
7045871127
7044733077
7045871187
7045871147
7049162497
7045871117
7044733137
7055955797
7055955967
7055955917
7055955947
7055955897
7055955937
7045870887
7045871027
7045870947
7045871307
7049163107
7045871297
7055955977
7055956007
7055956047
7055956067
7055956117
7055956207
7045870987
7055956147
7055956197
7055956167
7053971887
7055956077
7055956017
7060050587
7042695917
7044733247
7042428077
7053971897
7044733347
7057266417
7044733567
7044733387
7044733487
7045347567
7044733587
7042428157
7055956157
7043721817
7043721877
7043721917
7044733257
7044733317
7045871487
7044733557
7045871547
7045871567
7050027827
7045347577
7045347677
7055956287
7045871157
7045871577
7045871637
7050027917
7051945317
7055956217
7055956277
7043721797
7043721827
7058595147
7060050607
7043721807
7043721887
7043721867
7043721907
7045000527
7054704957
7055956577
7054705027
7055956607
7054705007
7055956587
7059555997
7054704997
7054705017
7055956517
7060050627
7059062417
7049308237
7054704967
7059780157
7059790157
7060048167
7060050657
7047218847
7047218867
7047218927
7047218947
7060050707
7060050767
7056591777
7056699277
7048291897
7048295937
7048247187
7056683357
7056679567
7056700917
7048278587
7056592117
7056699087
7056700317
7048253627
7059530847
7058569987
7045023937
7047218837
7047218877
7047218897
7047218957
7051047397
7059342577
7060050807
7060050817
7051047377
7051047387
7058536547
7051047367
7056170467
7059077977
7058466077
7060050847
7057515387
7047219167
7056680857
7048272807
7053406007
7059791857
7059112727
7060050857
7055581007
7060050877
7047219037
7047219297
7047219367
7047219467
7047219527
7047219357
7048259747
7047219457
7047219477
7048241907
7053406067
7047219537
7047219597
7047219617
7053764527
7047219637
7053764547
7053764537
7059791887
7047218997
7060050887
7060050837
7060050897
7047218987
7047219327
7048276887
7047219197
7053406047
7053764467
7048263657
7052753757
7056679107
7056680467
7056676817
7053764497
7056681817
7056691557
7056702417
7057963477
7059078147
7059512287
7058792497
7059791897
7053764507
7056894987
7056894997
7056895007
7060050927
7059555137
7059516517
7060050907
7060050937
7047219517
7047219377
7047219307
7047219647
7052753767
7056688987
7057963707
7059791947
7060050967
7053794047
7055702267
7060050977
7059792007
7047219317
7056683377
7056706977
7057963657
7060015987
7060050997
7060051007
7060051017
7060051027
7047219557
7048254157
7055956797
7048286367
7054376407
7054376447
7058253357
7058536617
7055956807
7055956847
7058792637
7056690227
7058185187
7059078397
7059781067
7059792027
7059792067
7060051037
7057009087
7059078307
7059793507
7060051047
7060051057
7058121337
7060051067
7048276297
7044505027
7048276317
7044505047
7048276417
7048276537
7048276387
7048276577
7048276567
7053764557
7053764577
7055956857
7059078347
7059078367
7055956897
7055956917
7055956937
7059792107
7058536637
7058536677
7058536657
7059078477
7059078437
7059792077
7060018837
7054376457
7059792087
7060051077
7059061347
7060051097
7054928297
7057011257
7060051107
7060051117
7055305327
7056468867
7058536667
7058899787
7059078387
7059078427
7050028137
7059078447
7055956997
7059078467
7059792147
7056896577
7059792137
7044323937
7055957037
7059586997
7057281497
7060051137
7048264717
7053763337
7056468877
7056704977
7048278307
7053763307
7050757847
7058536737
7058536717
7056227127
7055957047
7056680867
7059792197
7057268067
7057964027
7058536727
7058262507
7059077227
7059078487
7059744207
7056683457
7059744317
7060049627
7060051127
7048406177
7057268457
7058262477
7058536757
7057717387
7059078657
7060051207
7059307257
7052647597
7059290487
7056227187
7056468947
7047808897
7056896767
7048339477
7055957217
7058536807
7059079247
7056227197
7056896777
7058536797
7059792257
7055957247
7060051267
7060051257
7057010927
7060051277
7060051237
7060051297
7043715017
7050028127
7053132717
7057964367
7059792237
7060047127
7060051287
7055957357
7060012897
7060049137
7060051327
7059293597
7047216397
7050028207
7050028227
7054998767
7055957717
7056896897
7055957647
7055957747
7056896917
7058792877
7058536867
7059080027
7059792297
7060051347
7058734077
7058792907
7060051377
7060051397
7058778767
7060051407
7056227247
7056227237
7058264487
7058792927
7059080947
7059081067
7059081187
7059081247
7058792937
7059080817
7059081267
7059081407
7059792367
7059081097
7059792407
7059081297
7059792427
7059792447
7059081437
7059792467
7060051417
7059792397
7059792437
7059792507
7059792477
7059792457
7059081077
7059792497
7059792517
7059785217
7060051427
7058869187
7050664827
7050664837
7056227257
7058243637
7056227267
7058536937
7058536957
7059792537
7059191787
7059792577
7059792567
7059792587
7060051447
7050664817
7059792547
7047934297
7060051467
7060050407
7060051477
7043951707
7053972267
7055959677
7055959587
7056227307
7058264717
7059740017
7058264647
7059792597
7059792627
7059792637
7059082247
7059792617
7059792657
7060051457
7060051487
7043527347
7059082207
7059082267
7060051497
7059792607
7058781697
7060051507
7060051517
7060051527
7054706067
7054706097
7055959937
7058793087
7055960017
7059700867
7059734467
7059792667
7059792687
7059792707
7059792677
7059792697
7059792717
7060051537
7058793077
7057271877
7060051547
7060051557
7052114437
7047933707
7048038047
7049647107
7055960237
7050115127
7052753827
7053764647
7055960207
7055960267
7057965747
7057965767
7056897127
7054995737
7059792777
7059645947
7054706237
7056438397
7055960757
7057272037
7057965817
7055045127
7055960987
7058793147
7059083577
7059083537
7059083657
7059083347
7059083677
7059083697
7059083717
7059083447
7059083587
7059083607
7059792797
7059792807
7059792827
7059083747
7059792817
7059792847
7060051607
7059504007
7058144527
7060051617
7060051597
7058334537
7060051627
7059047887
7043526017
7043755817
7055961407
7053972417
7056470187
7053972437
7057272027
7055961337
7055961357
7055961517
7056897197
7055961477
7057272057
7059083797
7059792867
7059083897
7059792857
7059792877
7059792897
7059792917
7058265017
7060051657
7060051677
7053076967
7054961467
7053972397
7055961777
7056897277
7057966017
7057966037
7058793227
7059792927
7059792957
7059792967
7059792947
7059792977
7060051697
7060051727
7042600377
7042576167
7043000697
7044286737
7042840387
7043195947
7044286767
7044304497
7044297057
7044304537
7044287707
7044286507
7045197657
7047202217
7047283677
7053972427
7055962407
7056585127
7056583057
7055962357
7055962557
7047596737
7055962157
7055962487
7047949277
7056897307
7058265207
7056470477
7056959057
7058537187
7058721227
7059793027
7058265197
7058777477
7058777407
7059793067
7058776867
7058776907
7058776957
7058776877
7059793047
7053764727
7058776797
7059779747
7060051757
7059135267
7045941087
7046545767
7048547177
7046535447
7047588567
7047460547
7048789037
7049309637
7049961497
7048011487
7048567147
7049959417
7048568927
7049371727
7049966467
7049414247
7051258537
7051328777
7050615997
7052219837
7052306777
7051943787
7050610707
7051995197
7052681297
7053024267
7052177047
7051512847
7052650857
7052129387
7052563527
7053505757
7052875107
7053754217
7052644947
7053764777
7052819817
7052755927
7053380057
7057966197
7053273847
7053972497
7053317207
7053208427
7053782157
7053204687
7053968737
7055962657
7055566557
7053457627
7058265297
7053792647
7053972457
7053468567
7057966177
7053468127
7053793507
7058265217
7055566577
7053783847
7055963187
7053972467
7057966217
7057272557
7058265277
7053505787
7053750027
7060051767
7058265327
7055566547
7058793297
7058265357
7058793347
7058265347
7058793337
7058265397
7059793107
7057966207
7058265247
7058265307
7058265377
7049470857
7058793357
7058265387
7058793367
7058793377
7058793397
7058265407
7058265267
7058793387
7059085787
7059793087
7053564717
7053135217
7058265237
7057965797
7057966227
7058266437
7060051787
7045263787
7052681277
7059793147
7060051797
