6023842417
6042254907
6042255067
6042255257
6042255317
6042255547
6042255557
6042255807
6042255977
6042256477
6042257027
6042258277
6042260637
6042261127
6042262587
6042262647
6042263097
6042263427
6042263827
6042263867
6042264207
6042264587
6042265347
6042265987
6042266347
6042266527
6042268797
6042268907
6042269007
6042269347
6042269987
6042270027
6042270487
6042270657
6042270997
6042271027
6042271337
6042271537
6042272677
6042273607
6042274307
6042274347
6042275467
6042277817
6042277957
6042278897
6042279817
6042280797
6042281827
6043060537
6043061207
6043062527
6043076747
6044716587
6044718067
6045626737
6045631197
6047574467
6047574547
6047575617
6049632787
6050665367
6050701057
6050997597
6051127327
6051195427
6051648527
6052010507
6055402467
6055615697
6055837467
6056255047
6057654197
6057655317
6059431177
6060336677
6067003247
6067003257
6067003267
6067003297
6067003317
6067003327
6067003337
6067003347
6067003357
6067003367
6067003377
6067003387
6067003397
6067003407
6067003417
6067003437
6067003447
6067003457
6067207157
6067539847
6067543187
6067543747
6067544007
6067546307
6067546427
6067546747
6067623477
6067747867
6067748517
6067767047
6068140537
6068200717
6068484627
6068864427
6069108747
6069229987
6069417697
6069470687
6070894207
6070909567
6070910597
6071519607
6072217487
6072253817
6072482087
6072501627
6072502547
6072655817
6072667907
6072669877
6072711447
6072713117
6072762737
6072811217
6072820057
6072821787
6072825357
6072825947
6072828197
6072891097
6072891187
6072891257
6072916917
6073243137
6073299057
6073312127
6073401687
6073414887
6073444887
6073446277
6073446867
6073485577
6073493977
6073494977
6073495847
6073496387
6073497287
6073593407
6073645157
6073650207
6073843947
6073871667
6073873327
6073875737
6073880997
6073889797
6073889947
6073903147
6073905277
6073905977
6073910937
6073911047
6074629157
6074716977
6074719717
6074829727
6074830007
6074830497
6074831287
6074834707
6074836287
6074837937
6074839947
6074840947
6074868647
6074903827
6075607497
6075609797
6075612197
6075639277
6075639927
6075807217
6075809677
6075837587
6075844877
6076419877
6076423267
6076437137
6077041417
6077217607
6077218027
6077219317
6077529957
6077662937
6077815727
6077876357
6078043997
6078045407
6078492367
6078709167
6079168517
6079173287
6079176537
6079180487
6079180627
6079180777
6079182967
6079187937
6079188267
6079720907
6080062747
6080063497
6080063747
6080064027
6080066897
6080068167
6080070587
6080078687
6080079497
6080080437
6080080487
6080193337
6080196097
6080279917
6080298837
6080299997
6080300037
6080547717
6080797817
6080798697
6080799907
6080804247
6081008987
6081019647
6081163297
6081177397
6081214337
6081397627
6081399287
6081399807
6081403557
6081404727
6081413297
6081419187
6081421037
6081421207
6081427157
6081435937
6081437247
6081478737
6081492437
6081492517
6081608997
6082309817
6082414307
6082417447
6082421027
6082421677
6082423267
6082433967
6082441377
6082666917
6082667007
6082676827
6082676977
6082676997
6082677037
6082677047
6082677097
6082677157
6082677177
6082677187
6083148407
6083432147
6083437537
6083443047
6084208497
6084208687
6084209087
6084376517
6084444177
6084448267
6084448427
6084448447
6084456357
6084459067
6084460907
6084460967
6084461197
6084461287
6084465987
6084466927
6084478937
6084542417
6084542617
6084628397
6084639997
6085063877
6085425037
6085431947
6085432637
6085435617
6085436217
6085436227
6085436247
6085436917
6085437337
6085438017
6085439087
6085440697
6085440927
6085442087
6085442717
6085443577
6085443647
6085443857
6085444017
6085444057
6085444117
6085444217
6085444227
6085444257
6085444327
6085444347
6085444357
6085444397
6085444497
6085444507
6085444517
6085444547
6085444577
6085444637
6085444707
6085444787
6085444997
6085445057
6085445077
6085445087
6085445167
6085445277
6085445307
6085445397
6085445547
6085446737
6085449057
6085451587
6085451987
6085452247
6085465307
6086178987
6086179287
6086179327
6086179417
6086179487
6086179517
6086179537
6086179557
6086179567
6086179617
6086179637
6086179657
6086179677
6086179767
6086179787
6086692597
6086701617
6086708947
6086709997
6086714357
6086714877
6086718657
6086718827
6086719727
6086719867
6086720977
6087599217
6087599737
6087599777
6087601637
6087601787
6087602047
6087602447
6088320227
6088320767
6088383147
6088390827
6088397367
6088399267
6088400527
6088400977
6088403477
6088408107
6088410907
6088415987
6088425057
6088681567
6088684787
6088686677
6089247397
6089298067
6089320397
6089320707
6089325797
6089325857
6089333117
6089334037
6089336717
6089338527
6089340837
6089342687
6089342827
6089353517
6089490407
6089591827
6089966007
6089992657
6090062047
6090062207
6090328887
6090340927
6090549647
6090550087
6090959927
6091174637
6091183847
6091253257
6091293877
6091299667
6091299687
6091303197
6091303477
6091304037
6091314657
6091315277
6091316667
6091317717
6091317747
6091321487
6091333087
6091504207
6091509027
6091549527
6091713667
6091774157
6092021897
6092065717
6092495887
6092528967
6092529177
6092531767
6092537147
6092542377
6092542507
6092545047
6092549207
6092549517
6092549857
6092551307
6092551837
6092552547
6092556347
6092558267
6092559547
6092560547
6092560767
6092561937
6092564987
6092569297
6092572077
6092572597
6092575337
6092575777
6092758427
6092758657
6092762537
6092890347
6092900747
6092921497
6092941037
6092986257
6092987817
6093085657
6093095837
6093254217
6093284007
6093309087
6093312087
6093340077
6093341427
6093346617
6093348237
6093348897
6093349717
6093349757
6093350417
6093350607
6093350637
6093350787
6093351337
6093351367
6093352437
6093352727
6093352927
6093353207
6093353437
6093353597
6093353707
6093353837
6093354307
6093354387
6093355447
6093356407
6093358567
6093358857
6093359247
6093360227
6093360257
6093360287
6093360407
6093360837
6093361227
6093361797
6093361937
6093362247
6093363177
6093363627
6093363927
6093365207
6093365697
6093366587
6093367067
6093367967
6093369067
6093369287
6093370417
6093370757
6093371127
6093371967
6093372607
6093372787
6093373087
6093373987
6093374937
6093375877
6093376017
6093376077
6093376567
6093378387
6093378787
6093378807
6093378847
6093380047
6093380067
6093380077
6093380907
6093381087
6093381747
6093381757
6093381867
6093382407
6093382687
6093382817
6093382877
6093383397
6093383527
6093383737
6093383777
6093383857
6093384047
6093384147
6093384327
6093384497
6093385927
6093385947
6093386347
6093386357
6093386737
6093386867
6093386917
6093387147
6093387247
6093387327
6093387337
6093387797
6093387807
6093387867
6093413237
6093464597
6093578997
6093605277
6093674757
6093695427
6093697037
6093698327
6093744357
6093744537
6093816367
6093832077
6093881367
6093949787
6094117257
6094118447
6094180217
6094363257
6094392287
6094392897
6094424287
6094424587
6094431767
6094432277
6094432307
6094432527
6094432767
6094432787
6094432847
6094433877
6094433967
6094706847
6094708147
6094723297
6094807207
6094857977
6094866387
6095284827
6095426637
6095475657
6095480717
6095559767
6095560427
6095561537
6095562987
6095563797
6095570417
6095572917
6095573047
6095579397
6095581947
6095586517
6095588687
6095588737
6095596207
6095597597
6095602177
6095958417
6096049817
6096519557
6096610077
6096738857
6096739057
6096739157
6096740767
6096741507
6096742067
6096743037
6096743387
6096745607
6096746457
6096755747
6097241167
6097671177
6097671387
6097671667
6097672987
6097674597
6097675537
6098149147
6098330687
6098482327
6098540437
6098541187
6098541417
6098541597
6098542037
6098542597
6098543427
6098543687
6098544627
6098545287
6098546497
6098547017
6098547407
6098547977
6098548547
6098549397
6098549547
6098549897
6098550037
6098551567
6098552487
6098553477
6098554197
6098556417
6098743317
6099368257
6099376457
6099377127
6099390447
6099393457
6099437187
6099439997
6099525877
6099532197
6099536327
6099538737
6099539317
6099539437
6099539997
6099540017
6099540147
6099540717
6099540807
6099541217
6099541657
6099542547
6099545127
6099545827
6099546657
6099546737
6099547607
6099551817
6099551837
6099555567
6099557177
6099557357
6099558637
6099559467
6099559557
6099561327
6099562467
6099563167
6099563267
6099563287
6099563437
6099563507
6099563677
6099564267
6099565217
6099566867
6099567477
6099573397
6099574817
6099576297
6099584957
6099585027
6099585427
6099655437
6099655507
6099657667
6099657877
6099708747
6099709287
6099744767
6100321507
6100322497
6100411717
6100414407
6100418497
6100422987
6100424487
6100424707
6100425607
6100428537
6100431217
6100482677
6100486757
6100757127
6100759997
6100762317
6100805407
6100806087
6100806337
6100833427
6100842397
6100925407
6100925417
6101138537
6101138727
6101139087
6101151707
6101190347
6101195067
6101196287
6101196377
6101197677
6101197767
6101198057
6101199037
6101201927
6101201997
6101203877
6101204357
6101205247
6101208347
6101209357
6101209577
6101210487
6101211157
6101217287
6101217487
6101217627
6101217697
6101222897
6101224347
6101234897
6101237477
6101482887
6101498587
6101818077
6101834297
6101947397
6102469637
6102489057
6102496447
6102541947
6102565717
6102610467
6102611887
6102612337
6102612857
6102617607
6102619057
6102620627
6102622867
6102624157
6102624427
6102630637
6102641827
6102642697
6102643457
6102643947
6102645367
6102646877
6102684127
6102881077
6102955867
6103148027
6103176977
6103221947
6103222147
6103222287
6103624007
6103778587
6103853397
6103907877
6103914527
6103918447
6103919377
6103919447
6103920617
6103920937
6103921297
6103921617
6103921867
6103921917
6103922087
6104111767
6104204867
6104749697
6104895317
6104977067
6104977467
6104980627
6104980767
6104982867
6104984157
6104984187
6105061607
6105583937
6105701717
6105720367
6105737747
6105742917
6105795967
6105796767
6105797237
6105797317
6105798087
6105800087
6105800597
6105801107
6105802107
6105802197
6105803457
6105804107
6105806557
6105807367
6105807587
6105808567
6105809307
6105809337
6105809987
6105813977
6105815897
6105818417
6105819007
6105819377
6105821517
6105822777
6105827327
6105828717
6105828907
6106054657
6106198277
6106260297
6106472637
6106511827
6106593007
6106954527
6106968447
6106972397
6106972457
6106972547
6106972747
6106973847
6106973867
6106975027
6106975147
6106975527
6106975597
6106975907
6106976167
6106976917
6106977087
6106978337
6106979307
6106980177
6106980227
6106980757
6106981007
6106981017
6106981167
6106981397
6106982787
6106983627
6106984037
6106984117
6106984327
6106984417
6106984637
6106985297
6106985447
6106985697
6106986447
6106987497
6106988057
6106988177
6106988867
6106990257
6106990307
6106991437
6106993457
6106993747
6106994477
6106996817
6106998307
6107005477
6107070637
6107076687
6107844947
6107865847
6107866527
6107867597
6107948557
6108060917
6108092767
6108115647
6108117737
6108165027
6108165377
6108165557
6108167007
6108167107
6108176397
6108177287
6108178737
6108178887
6108178937
6108178947
6108178997
6108179087
6108179537
6108180377
6108181237
6108211077
6108212027
6108213437
6108213467
6108213937
6108223627
6108325527
6108676627
6108676887
6109078317
6109167087
6109240637
6109240977
6109244347
6109248207
6109270467
6109274877
6109282157
6109467167
6109624017
6109626247
6109859397
6110097527
6110105217
6110105537
6110105597
6110118007
6110194637
6110196977
6110198097
6110198757
6110199107
6110199687
6110200107
6110200507
6110201217
6110201527
6110201717
6110202027
6110202767
6110204727
6110205127
6110205327
6110206517
6110207227
6110207737
6110209677
6110210627
6110211097
6110211527
6110211577
6110212627
6110221807
6110240657
6110323707
6110323747
6110370447
6110452737
6110827767
6110864947
6111146857
6111148477
6111152867
6111153167
6111154327
6111154477
6111155107
6111156497
6111156547
6111157397
6111157947
6111158097
6111158247
6111158257
6111158277
6111158617
6111158797
6111164807
6111164837
6111164857
6111164867
6111164877
6111164887
6111164897
6111164917
6111164947
6111164957
6111165017
6111165037
6111165057
6111165077
6111165097
6111165117
6111165197
6111165217
6111165257
6111165277
6111165317
6111165337
6111165377
6111165397
6111165417
6111165437
6111165457
6111165497
6111165537
6111165557
6111165597
6111165637
6111165657
6111165697
6111165737
6111165757
6111165797
6111165857
6111165877
6111165897
6111165937
6111165957
6111166017
6111166037
6111166057
6111166077
6111166097
6111166117
6111166157
6111166217
6111166237
6111166277
6111166297
6111166317
6111166337
6111166357
6111166377
6111166417
6111166437
6111166457
6111166477
6111166517
6111166537
6111166557
6111166657
6111166677
6111166697
6111166797
6111166857
6111166897
6111166917
6111166937
6111166957
6111166977
6111167057
6111167117
6111167137
6111167157
6111167177
6111167197
6111167237
6111167257
6111167277
6111167297
6111167377
6111167457
6111167477
6111167537
6111167557
6111167577
6111167597
6111167617
6111167657
6111167717
6111167737
6111167757
6111167777
6111167817
6111167837
6111167897
6111167937
6111167957
6111168017
6111168037
6111168117
6111168177
6111168217
6111168257
6111168277
6111168357
6111168417
6111168477
6111168497
6111168517
6111168537
6111168597
6111168617
6111168697
6111168837
6111168857
6111168877
6111168917
6111168977
6111168997
6111169137
6111169177
6111169257
6111169317
6111169337
6111169397
6111169417
6111169477
6111169517
6111169537
6111169597
6111169637
6111169697
6111169717
6111169797
6111169817
6111169857
6111169877
6111169917
6111169937
6111169957
6111169997
6111170077
6111170097
6111170117
6111170137
6111170157
6111170177
6111170217
6111170257
6111170297
6111170357
6111170377
6111170397
6111170417
6111170457
6111170477
6111170497
6111170537
6111170557
6111170577
6111170597
6111170617
6111170657
6111170697
6111170737
6111170757
6111170797
6111170817
6111170837
6111170857
6111170897
6111171017
6111171117
6111171137
6111171177
6111171197
6111171237
6111171257
6111171317
6111171377
6111171397
6111171417
6111171477
6111171577
6111171597
6111171657
6111171677
6111171717
6111171757
6111171857
6111171877
6111171897
6111171997
6111172037
6111172057
6111172077
6111172117
6111172137
6111172177
6111172297
6111172337
6111172417
6111172597
6111172717
6111172737
6111172817
6111172857
6111172877
6111172897
6111172937
6111172997
6111173017
6111173117
6111173177
6111173217
6111173237
6111173257
6111173357
6111173377
6111173417
6111173437
6111173457
6111173497
6111175027
6111175407
6111176607
6111333697
6111436587
6111573627
6111732767
6112034947
6112232847
6112240857
6112268917
6112269177
6112269197
6112269207
6112269417
6112270597
6112273397
6112273407
6112273617
6112273927
6112274007
6112274067
6112274217
6112274677
6112274837
6112275177
6112275187
6112275277
6112275287
6112333437
6112887467
6112888127
6112988927
6112989437
6113056497
6113370017
6113370077
6113372557
6113372787
6113373817
6113373927
6113374077
6113374097
6113375907
6113377227
6113379797
6113379977
6113379987
6113381287
6113382637
6113382817
6113382837
6113385247
6113385257
6113385537
6113385837
6113386157
6113386217
6113387427
6113387487
6113388617
6113389547
6113390547
6113390647
6113390817
6113391147
6113391887
6113391957
6113391967
6113393177
6113395857
6113397597
6113397807
6113397857
6113401527
6113584117
6113731767
6113762277
6113773457
6113895227
6114161227
6114304177
6114322897
6114379857
6114402477
6114442577
6114444617
6114459367
6114474347
6114476597
6114476817
6114477637
6114479907
6114480147
6114481407
6114481817
6114484487
6114484807
6114485987
6114489067
6114489677
6114489957
6114490047
6114490157
6114490777
6114491127
6114491297
6114492177
6114493067
6114493727
6114493827
6114494337
6114494817
6114494937
6114495217
6114495797
6114496077
6114497517
6114498637
6114500117
6114500627
6114500827
6114501587
6114501997
6114503157
6115290567
6115471107
6115514267
6115514597
6115541147
6115545417
6115596357
6115604117
6115604157
6115632497
6115632727
6115632817
6115636117
6115636747
6115636767
6115637207
6115638667
6115638877
6115638927
6115639227
6115640057
6115641997
6115643327
6115645947
6115646267
6115993317
6115998947
6116067777
6116427677
6116644577
6116738607
6116800787
6116802557
6116807507
6116838757
6116839237
6116859397
6116882687
6116882707
6116884487
6116884877
6116885327
6116885767
6116885847
6116886507
6116886797
6116886967
6116887807
6116888387
6116888517
6116889427
6116889747
6116890147
6116890177
6116891547
6116892037
6116892047
6116892777
6116893907
6116894257
6116897007
6116898147
6116898547
6116898917
6116899807
6116900197
6116903487
6116903967
6116904547
6116904707
6116904927
6116905277
6116905287
6116905297
6116905387
6116905427
6116905987
6116908247
6116908497
6116908907
6116908927
6116909647
6116911687
6116912777
6116914267
6116914497
6116916717
6116920477
6116921487
6116921627
6116921967
6116922557
6116922777
6116922877
6116922947
6116923217
6116923587
6116923737
6116923857
6116923867
6116924057
6116924317
6116924337
6116924427
6116924467
6116924677
6116924787
6116925487
6116925577
6116926177
6116926737
6116927177
6116927587
6116927767
6116928167
6116928277
6116928547
6116928637
6116928677
6116928717
6116928747
6116929027
6116929517
6116929927
6116930037
6116930347
6116930587
6116930627
6116931227
6116931327
6116931607
6116931797
6116932107
6116932447
6116932457
6116932927
6116932977
6116933057
6116933237
6116933277
6116933297
6116933417
6116933427
6116933647
6116933717
6116934747
6116936397
6116936867
6116937227
6116937257
6116938287
6116938717
6116938797
6116938867
6116938877
6116939267
6116939487
6116940457
6116941157
6116941277
6116941347
6116941467
6116941677
6116941927
6116942117
6116942317
6116942737
6116943237
6116943527
6116943647
6116943877
6116943887
6116943967
6116943977
6116944147
6116944617
6116945047
6116945137
6116945497
6116945687
6116945827
6116946037
6116946217
6116946337
6116946577
6116946627
6116946657
6116946767
6116946907
6116946967
6116947007
6116947157
6116947207
6116947357
6116947427
6116947467
6116947927
6116947947
6116947967
6116948337
6116948367
6116948407
6116948537
6116948617
6116948817
6116949187
6116949347
6116949587
6116949607
6117573967
6117749977
6117816047
6117816657
6117817467
6117817717
6118003477
6118014847
6118063277
6118066257
6118082427
6118082727
6118083077
6118083287
6118084037
6118084107
6118084257
6118084627
6118084727
6118084997
6118085717
6118086047
6118086517
6118086597
6118086957
6118088757
6118088997
6118089797
6118090017
6118090107
6118090327
6118091307
6118091347
6118091647
6118091747
6118091777
6118092847
6118092967
6118093367
6118093617
6118093777
6118093967
6118093997
6118094337
6118094427
6118095067
6118096037
6118096217
6118097027
6118098567
6118098947
6118100307
6118101737
6118102477
6118102657
6118102667
6118103357
6118103687
6118103727
6118103857
6118104007
6118104027
6118104737
6118104947
6118105017
6118105117
6118105567
6118105577
6118106877
6118108257
6118108837
6118109127
6118109167
6118109317
6118109567
6118109757
6118110997
6118112557
6118142457
6118203697
6118387057
6118465177
6118479137
6118628257
6118792407
6118874427
6118880717
6118954767
6118956357
6118956977
6118957007
6118957037
6118957697
6118957737
6118958217
6118958237
6118958367
6118958837
6118960557
6118962987
6118963407
6118964237
6118965117
6118965137
6118965177
6118966617
6118971707
6118972897
6118974207
6118976677
6118977107
6118979297
6118979357
6118986637
6118987437
6118987457
6118992707
6118992737
6118997937
6119001867
6119004337
6119005187
6119006147
6119018407
6119019157
6119041227
6119145877
6119338257
6119685167
6119810307
6119819727
6119862047
6119941087
6119941237
6119942717
6119954157
6119954987
6119955127
6119956147
6119956307
6119956327
6119956787
6119956807
6119958047
6119958057
6119959187
6119959727
6119959887
6119961947
6119962617
6119962877
6119963437
6119963897
6119963907
6119964607
6119964687
6119964747
6119965557
6120208647
6120424907
6120499007
6120729397
6120805887
6120978437
6120979057
6121022347
6121034917
6121063607
6121063777
6121064407
6121065927
6121065937
6121067707
6121067727
6121068107
6121068407
6121068637
6121069007
6121069567
6121070137
6121070437
6121070447
6121070507
6121071997
6121072417
6121073097
6121073307
6121074727
6121076477
6121077937
6121079847
6121080677
6121081177
6121082627
6121087437
6121088617
6121091567
6121093567
6121098287
6121098847
6121099427
6121100007
6121100097
6121100707
6121100737
6121101017
6121101297
6121101667
6121102467
6121102867
6121104717
6121105427
6121109117
6121112317
6121112577
6121112677
6121113017
6121117197
6121117347
6121118017
6121120627
6121120887
6121120937
6121125227
6121125237
6121125367
6121126087
6121134767
6121175837
6121371677
6121425797
6121429727
6121474527
6121478997
6121483247
6121511157
6121582587
6121756977
6121954607
6122113897
6122153667
6122174727
6122208627
6122209327
6122278977
6122279487
6122279637
6122280267
6122282347
6122283937
6122284667
6122284687
6122284897
6122287387
6122288557
6122288767
6122289147
6122289267
6122289707
6122291917
6122293117
6122293447
6122294277
6122294337
6122294347
6122294397
6122294477
6122295047
6122295467
6122295537
6122295557
6122295787
6122295837
6122296507
6122296537
6122296647
6122297067
6122297157
6122297347
6122297777
6122297997
6122298387
6122298417
6122298457
6122298677
6122300357
6122300747
6122303697
6122303847
6122303957
6122304187
6122305307
6122305427
6122305507
6122305667
6122305727
6122306047
6122307227
6122307307
6122307857
6122312967
6122313007
6122940437
6122940777
6123045397
6123049307
6123059507
6123158817
6123313327
6123328607
6123378797
6123379297
6123381397
6123382037
6123386557
6123446617
6123447237
6123842277
6124028387
6124081227
6124249007
6124250517
6124287687
6124288477
6124401167
6124529067
6124656557
6124656597
6124657097
6124657177
6124657837
6124658847
6124659217
6124659757
6124661437
6124661517
6124662987
6124664467
6124664487
6124664587
6124664787
6124664797
6124665407
6124666257
6124668727
6124669587
6124670237
6124670797
6124670897
6124671257
6124672097
6124672567
6124673007
6124673637
6124674117
6124674577
6124675357
6124675777
6124676357
6124677037
6124677107
6124677117
6124677127
6124677157
6124677167
6124677187
6124677197
6124677227
6124677237
6124677267
6124677287
6124677297
6124677377
6124677387
6124677397
6124677407
6124677477
6124677547
6124677597
6124679607
6124679707
6124682897
6124683907
6124684547
6124685217
6124686817
6124686867
6124940477
6125065997
6125100697
6125153797
6125340147
6125364987
6125441407
6125664597
6125696827
6125704287
6125764487
6125777177
6125777277
6125777297
6125777577
6125777927
6125778027
6125778717
6125779627
6125779697
6125779767
6125781177
6125781527
6125782087
6125782097
6125783617
6125784067
6125784647
6125784847
6125785287
6125787277
6125787817
6125787827
6125787857
6125787947
6125788307
6125788387
6125788507
6125788627
6125788747
6125788787
6125789107
6125789367
6125790397
6125790437
6125790617
6125790747
6125790877
6125791647
6125791837
6125792247
6125792557
6125792567
6125792947
6125793837
6125793857
6125793997
6125794847
6125796147
6125796507
6125796967
6125797547
6125797757
6125798587
6125798737
6125798987
6125799857
6125800047
6125800327
6125800677
6125800727
6125801037
6125801047
6125802737
6125804587
6125804647
6125805807
6125806087
6125806257
6125806497
6125807377
6125808377
6125809227
6125976407
6125976807
6125976827
6125976877
6125977377
6126029587
6126074727
6126275107
6126524917
6126529707
6126538047
6126538387
6126538757
6126790747
6126829907
6126833917
6126839977
6126843767
6126864487
6126865227
6126885267
6126889127
6126889287
6126889797
6126889817
6126889947
6126890247
6126891247
6126892157
6126892217
6126892467
6126892797
6126892807
6126893557
6126894047
6126894147
6126895407
6126895847
6126896047
6126896207
6126896317
6126896347
6126896917
6126897357
6126897797
6126898487
6126899317
6126899417
6126899467
6126899817
6126900087
6126900227
6126900777
6126900807
6126900917
6126901207
6126901557
6126902047
6126902517
6126903417
6126906087
6126906537
6126906907
6126908397
6126910307
6126911067
6126911447
6126911467
6126911487
6126911497
6126912517
6126914767
6126914787
6126915757
6126916407
6126916647
6126917277
6126917297
6126917307
6126917327
6127110687
6127236297
6127251317
6127877627
6127877797
6127883257
6127883647
6127885497
6127887507
6127890337
6127891297
6127891397
6127898937
6127899597
6128157517
6128183647
6128265347
6128356577
6128375517
6128375657
6128396617
6128404407
6128525347
6128535817
6128720287
6128721227
6128915687
6128919677
6128921637
6128921977
6128926787
6128930337
6128935787
6128995207
6128995447
6128995547
6128996097
6128996267
6128996287
6128996347
6128996407
6128996517
6128996557
6128996817
6128997087
6128997997
6128998437
6128999187
6128999217
6128999447
6128999687
6128999947
6129000047
6129000337
6129000537
6129001597
6129001667
6129001967
6129002007
6129002037
6129002137
6129002557
6129003207
6129003717
6129003907
6129004087
6129005697
6129005927
6129006587
6129006837
6129007487
6129007637
6129007987
6129008107
6129008117
6129008127
6129009737
6129010047
6129010087
6129010557
6129011457
6129011737
6129013457
6129013707
6129013887
6129014247
6129014277
6129015087
6129015237
6129015367
6129016567
6129016997
6129017007
6129021347
6129021577
6129021717
6129022857
6129025427
6129025977
6129028727
6129029827
6129031637
6129033647
6129035847
6129037707
6129039707
6129039767
6129039877
6129040177
6129040197
6129040807
6129079507
6129079517
6129079547
6129179037
6129180067
6129180837
6129181437
6129260227
6129321657
6129481317
6129495177
6129737807
6129737827
6129981797
6129989577
6130006407
6130051627
6130121597
6130127037
6130141307
6130154547
6130154667
6130168337
6130174347
6130206127
6130206137
6130206297
6130206397
6130206617
6130206897
6130207327
6130207517
6130207727
6130210357
6130211747
6130214787
6130215787
6130216387
6130216697
6130217317
6130219897
6130220057
6130220077
6130220197
6130220277
6130220297
6130220327
6130220377
6130220647
6130221227
6130221847
6130222027
6130222277
6130223157
6130223267
6130223837
6130223857
6130224207
6130224807
6130225797
6130225857
6130226467
6130226507
6130226737
6130226937
6130228187
6130229227
6130229627
6130230327
6130232087
6130236277
6130237207
6130237617
6130237647
6130268627
6130309567
6130817877
6130873237
6130874427
6131084287
6131090427
6131101117
6131166487
6131231827
6131298177
6131312157
6131351207
6131352567
6131352827
6131352907
6131355197
6131355327
6131355347
6131355387
6131355417
6131355457
6131355507
6131355557
6131355627
6131355997
6131356377
6131357127
6131357267
6131357387
6131358307
6131358437
6131358497
6131359297
6131359457
6131359477
6131359537
6131360267
6131364047
6131364197
6131367887
6131367967
6131368307
6131368977
6131368997
6131369347
6131369587
6131574227
6131630307
6131630877
6131663497
6131701037
6131742247
6131842327
6131898217
6131898257
6131898507
6131898527
6132142007
6132173937
6132176487
6132298267
6132310877
6132361327
6132361487
6132361567
6132361717
6132361917
6132361937
6132362027
6132362047
6132362707
6132363367
6132364847
6132365087
6132365777
6132366627
6132366787
6132366807
6132367387
6132367927
6132368557
6132368627
6132368697
6132368927
6132369037
6132369447
6132369577
6132369667
6132369967
6132370097
6132372897
6132373967
6132374867
6132376047
6132376077
6132376097
6132376247
6132376257
6132376327
6132376437
6132377507
6132377917
6132378507
6132379147
6132379417
6132379707
6132380627
6132383027
6132383337
6132384797
6132385247
6132385377
6132386277
6132386677
6132386817
6132387017
6132715457
6133089527
6133142437
6133272007
6133304347
6133341757
6133397757
6133418987
6133442597
6133457707
6133458497
6133547597
6133547727
6133547787
6133547897
6133547957
6133548987
6133552387
6133552517
6133552627
6133553417
6133553507
6133554207
6133554277
6133554407
6133554587
6133554657
6133554667
6133554907
6133554957
6133555097
6133555407
6133555787
6133556217
6133556727
6133557347
6133557957
6133558337
6133558827
6133559107
6133559297
6133559957
6133560937
6133561287
6133561777
6133563247
6133564007
6133566237
6133566757
6133568167
6133568197
6133569037
6133569697
6133569997
6133571407
6133571577
6133572107
6133572487
6133573117
6133573947
6133574837
6133576007
6133576027
6133576287
6133576307
6133576627
6133577747
6133577827
6133578377
6133579117
6133579347
6133580207
6133580237
6133580477
6133581297
6133582737
6133586127
6133586147
6133586367
6133587097
6133592357
6133592377
6133593527
6133594537
6133777717
6133779777
6133799467
6134107217
6134235867
6134236367
6134451297
6134454757
6134492127
6134552117
6134552877
6134751697
6134760047
6134763257
6134806807
6134815437
6134851537
6134863977
6134887227
6134899647
6134910867
6134915817
6134916287
6134942947
6134942987
6134943027
6134943037
6134959977
6134962967
6134963497
6134966487
6134983937
6134991697
6134991987
6134993557
6134993667
6134993747
6134993917
6134994007
6134994027
6134994747
6134994907
6134995437
6134995817
6134996487
6134996997
6134998147
6134998187
6134998287
6134999197
6135000177
6135000327
6135000527
6135001557
6135002337
6135002687
6135002937
6135003747
6135003917
6135004657
6135005007
6135005607
6135005617
6135005747
6135007007
6135007967
6135008017
6135008677
6135008687
6135009537
6135009567
6135010047
6135010277
6135010487
6135010537
6135010857
6135010867
6135011127
6135011457
6135012637
6135012697
6135013027
6135013207
6135013757
6135014367
6135017637
6135018087
6135019207
6135019417
6135021287
6135022397
6135025887
6135025947
6135028597
6135031467
6135031927
6135031947
6135293657
6135340247
6135477307
6135516737
6135565317
6135614187
6135614327
6135665147
6135721787
6135757167
6135757857
6135780867
6135781367
6135926097
6135960977
6136011597
6136052877
6136054357
6136077087
6136141007
6136161727
6136194817
6136219547
6136304227
6136316867
6136317147
6136318987
6136319067
6136319097
6136319317
6136319847
6136321387
6136322267
6136324267
6136324747
6136325397
6136325467
6136325487
6136325607
6136326377
6136327027
6136327417
6136327647
6136327717
6136327877
6136328497
6136328557
6136329617
6136401597
6136410437
6136461447
6136806557
6136994007
6137001877
6137048757
6137049487
6137231847
6137383217
6137410267
6137410547
6137411127
6137412377
6137412497
6137412637
6137412687
6137413317
6137413467
6137413527
6137414087
6137414577
6137416047
6137417977
6137418017
6137418587
6137418717
6137419107
6137419917
6137420877
6137420937
6137421617
6137421807
6137422337
6137423407
6137423547
6137425567
6137425847
6137426047
6137426787
6137426807
6137427727
6137427987
6137428217
6137428457
6137428817
6137428847
6137429047
6137429097
6137429207
6137429317
6137429707
6137429897
6137430127
6137430607
6137430987
6137431507
6137431797
6137432157
6137432377
6137432707
6137432767
6137432937
6137433527
6137433637
6137434457
6137434467
6137435337
6137435347
6137435807
6137435847
6137435867
6137436327
6137436427
6137436627
6137437017
6137437277
6137438037
6137438297
6137438597
6137439407
6137439927
6137440047
6137441197
6137445687
6137445797
6137448947
6137449117
6137450967
6137453917
6137454347
6137455047
6137455247
6137455447
6137455637
6137456007
6137456257
6137601587
6137688647
6137688727
6137787977
6137817497
6138111207
6138201127
6138224787
6138232687
6138328067
6138328087
6138347637
6138379907
6138380327
6138382757
6138414097
6138415037
6138418277
6138420297
6138426697
6138430937
6138434757
6138436627
6138438187
6138473107
6138473177
6138473187
6138473447
6138473517
6138473527
6138473547
6138473557
6138473577
6138473617
6138473647
6138473657
6138473707
6138473787
6138473977
6138474587
6138474637
6138474697
6138474727
6138474917
6138475077
6138475307
6138475367
6138476257
6138476317
6138476327
6138477057
6138477417
6138477467
6138477597
6138477697
6138477847
6138477857
6138478647
6138478977
6138479137
6138479177
6138479267
6138480087
6138480607
6138480887
6138481187
6138481307
6138481467
6138481827
6138482117
6138482167
6138482227
6138482727
6138483527
6138484297
6138484647
6138485197
6138485637
6138485897
6138485927
6138486357
6138486937
6138487297
6138488167
6138488197
6138488227
6138488457
6138488647
6138488917
6138489717
6138490007
6138491897
6138492607
6138492647
6138492977
6138493287
6138493947
6138494847
6138495337
6138496157
6138496317
6138496767
6138496837
6138497107
6138497307
6138497577
6138498047
6138500977
6138501807
6138503777
6138503847
6138506487
6138506497
6138506507
6138506537
6138506547
6138506567
6138506577
6138506647
6138506757
6138506837
6138506957
6138507107
6138507277
6138512477
6138541257
6138682067
6138882067
6138962597
6138967977
6139191037
6139206817
6139222227
6139248467
6139266817
6139267857
6139281697
6139354487
6139368787
6139373917
6139376307
6139398687
6139403747
6139405227
6139405817
6139426027
6139446557
6139446877
6139447347
6139455897
6139456287
6139459357
6139476437
6139478867
6139479017
6139479087
6139479227
6139479287
6139479467
6139479607
6139479987
6139480037
6139480077
6139480247
6139480477
6139480527
6139480637
6139480657
6139480747
6139480927
6139480997
6139481007
6139481017
6139481327
6139481357
6139481387
6139481397
6139481437
6139481637
6139483437
6139483477
6139485187
6139485577
6139485957
6139486037
6139486087
6139486527
6139649827
6139657887
6139665887
6139701987
6139705627
6139800057
6139817017
6139826857
6139828587
6139848627
6139851947
6139852827
6139853667
6139855737
6139855817
6139855907
6139942137
6139953657
6139955537
6139984007
6140004537
6140174387
6140181347
6140204427
6140214347
6140234507
6140235877
6140236127
6140241067
6140255947
6140288727
6140322867
6140337337
6140337347
6140340617
6140342707
6140343407
6140343987
6140344267
6140344287
6140344397
6140344427
6140344447
6140344487
6140344597
6140344737
6140344757
6140344797
6140344827
6140344947
6140345057
6140345087
6140345707
6140345747
6140346237
6140346357
6140346897
6140346927
6140347077
6140347247
6140347317
6140348147
6140348357
6140348487
6140348797
6140348837
6140349047
6140349137
6140349407
6140349797
6140349837
6140349887
6140350007
6140350397
6140350427
6140350457
6140350587
6140350827
6140351347
6140351367
6140351437
6140351457
6140351617
6140351757
6140351897
6140351907
6140351957
6140351977
6140352007
6140352197
6140352247
6140352297
6140352747
6140352817
6140352907
6140352987
6140352997
6140353067
6140353127
6140353397
6140353417
6140353527
6140353647
6140353747
6140353877
6140353997
6140354007
6140354057
6140354207
6140354537
6140354567
6140354677
6140354687
6140354827
6140354937
6140354947
6140354957
6140354967
6140355267
6140355317
6140355357
6140355417
6140355527
6140355587
6140355947
6140355977
6140356637
6140357677
6140357927
6140358287
6140358807
6140358887
6140359337
6140359417
6140361717
6140362177
6140362407
6140364007
6140364137
6140364207
6140364277
6140364347
6140364457
6140364517
6140364827
6140364947
6140365017
6140365027
6140365037
6140365057
6140365087
6140365537
6140365547
6140365637
6140418687
6140467067
6140510227
6140639427
6140703787
6140752437
6140799497
6140820127
6140820347
6140820357
6140821197
6140821907
6140821957
6140822027
6140930187
6140956047
6140970137
6140975987
6141013777
6141072377
6141097417
6141104357
6141106787
6141117387
6141128967
6141146267
6141171707
6141182957
6141197927
6141226817
6141227057
6141227347
6141227507
6141227927
6141227937
6141228097
6141228497
6141228747
6141229087
6141229157
6141229297
6141229487
6141229517
6141229577
6141229617
6141229747
6141229827
6141230017
6141230067
6141230487
6141231007
6141231147
6141232087
6141232327
6141232587
6141232797
6141233157
6141233377
6141233687
6141233747
6141233817
6141234367
6141235007
6141235437
6141235477
6141236047
6141236287
6141236547
6141236677
6141237357
6141237377
6141237597
6141238107
6141239437
6141239677
6141240157
6141240647
6141241147
6141241257
6141241267
6141241337
6141241647
6141241827
6141242217
6141242647
6141243157
6141244387
6141244567
6141246047
6141248727
6141249227
6141251377
6141253107
6141253127
6141253827
6141253837
6141254387
6141254707
6141254837
6141255847
6141256037
6141256177
6141256257
6141257137
6141257257
6141257307
6141257397
6141257527
6141257537
6141257697
6141257837
6141257887
6141258347
6141258367
6141312777
6141436687
6141439397
6141464017
6141474397
6141506487
6141542587
6141561717
6141566357
6141688557
6141715067
6141767967
6141782717
6141783767
6141822017
6141906067
6141919777
6141931117
6141933647
6142071487
6142089707
6142101697
6142106647
6142116087
6142145797
6142162237
6142163207
6142163497
6142163637
6142163867
6142163877
6142164887
6142164947
6142165097
6142165497
6142165727
6142165817
6142165887
6142165897
6142165937
6142165947
6142166007
6142166027
6142166057
6142166087
6142166387
6142166447
6142166537
6142166637
6142166757
6142166837
6142166867
6142166947
6142167247
6142167357
6142167367
6142167467
6142167517
6142167837
6142167977
6142168077
6142168117
6142168367
6142168507
6142168677
6142169047
6142169077
6142169437
6142169867
6142169937
6142169977
6142170057
6142170207
6142170417
6142170437
6142170687
6142170917
6142171257
6142171267
6142171307
6142171527
6142172087
6142172147
6142172227
6142172527
6142172727
6142172737
6142172907
6142174267
6142175387
6142175517
6142175587
6142176087
6142176127
6142176147
6142176157
6142176167
6142176177
6142176197
6142176207
6142176257
6142190957
6142264327
6142272297
6142274397
6142299117
6142333797
6142355977
6142382767
6142387337
6142443507
6142455527
6142551867
6142554757
6142569857
6142604567
6142632547
6142647367
6142657477
6142709157
6142779147
6142787447
6142847327
6142872777
6142935737
6142945507
6142964027
6142965707
6142974357
6142974407
6142974557
6142974587
6142974617
6142974627
6142974937
6142975707
6142976217
6142976237
6142976257
6142976287
6142976537
6142976567
6142976587
6142977967
6142978357
6142978847
6142978857
6142979147
6142979257
6142979267
6142979407
6142979427
6142979577
6142979767
6142980197
6142980467
6142980507
6142981207
6142981307
6142981317
6142981447
6142981477
6142981677
6142981727
6142981857
6142981877
6142982227
6142982857
6142982887
6142983297
6143007517
6143012567
6143012587
6143118157
6143118647
6143157137
6143166957
6143167287
6143182317
6143203187
6143213037
6143236857
6143240177
6143251157
6143287587
6143300517
6143363927
6143392447
6143426337
6143426797
6143501297
6143524577
6143542767
6143543787
6143549627
6143571677
6143578567
6143618577
6143621537
6143626027
6143642807
6143647677
6143648777
6143666397
6143666487
6143666597
6143668037
6143668477
6143674797
6143687067
6143690447
6143696717
6143704177
6143704207
6143704327
6143706137
6143717017
6143721287
6143749837
6143756977
6143771797
6143773347
6143773617
6143773727
6143773767
6143773807
6143773897
6143773957
6143773987
6143774177
6143774287
6143774587
6143774647
6143774697
6143774707
6143774727
6143774907
6143775127
6143775137
6143775167
6143775267
6143775287
6143775467
6143775737
6143775967
6143776597
6143776887
6143777057
6143777427
6143777497
6143777657
6143778197
6143778417
6143778657
6143779047
6143779167
6143779207
6143779267
6143780097
6143780157
6143780197
6143781307
6143781457
6143781907
6143782087
6143782267
6143782507
6143782667
6143782857
6143783297
6143783367
6143783637
6143783747
6143783827
6143784017
6143784037
6143784047
6143784107
6143784127
6143784287
6143784327
6143784487
6143784897
6143785097
6143785107
6143785157
6143785417
6143785527
6143785667
6143785947
6143786057
6143786397
6143786607
6143786707
6143786857
6143787197
6143787217
6143787627
6143787667
6143787677
6143787827
6143787977
6143788217
6143788587
6143788807
6143788927
6143789387
6143789467
6143789937
6143792077
6143792197
6143792457
6143792557
6143792967
6143793357
6143793437
6143793517
6143793617
6143793737
6143793757
6143794347
6143794397
6143796487
6143800177
6143800507
6143800997
6143812947
6143823757
6143828027
6143901717
6143964777
6143986347
6144000267
6144033347
6144034397
6144041197
6144054637
6144057647
6144061577
6144074977
6144080727
6144091037
6144108297
6144165077
6144194077
6144194757
6144203507
6144204257
6144249887
6144250097
6144283507
6144292667
6144304387
6144323807
6144325337
6144356607
6144366157
6144368417
6144378427
6144378707
6144394277
6144413157
6144416917
6144428347
6144428357
6144431387
6144431437
6144431787
6144433207
6144433257
6144433757
6144434147
6144434787
6144435357
6144435377
6144444467
6144469707
6144472647
6144472667
6144494247
6144498607
6144510957
6144511277
6144511447
6144528067
6144615577
6144673307
6144777007
6144790867
6144798007
6144798887
6144831637
6144855427
6144877557
6144901277
6144903667
6144946357
6144960507
6144964157
6144969347
6144969797
6144980147
6144985497
6144988947
6144998877
6145003547
6145010627
6145013517
6145013587
6145025607
6145027797
6145028367
6145028767
6145029567
6145030067
6145031687
6145036597
6145038017
6145040817
6145041727
6145041877
6145047697
6145050227
6145050317
6145054817
6145055477
6145056147
6145056207
6145056217
6145056227
6145056397
6145056467
6145056717
6145056787
6145056827
6145057137
6145057187
6145057267
6145057307
6145057537
6145057587
6145057667
6145057687
6145057707
6145057717
6145057727
6145057737
6145063647
6145063697
6145067147
6145068627
6145068817
6145070147
6145070227
6145070247
6145070297
6145070377
6145070547
6145070627
6145070647
6145070767
6145070827
6145070847
6145070867
6145070957
6145070987
6145071067
6145071107
6145071117
6145071127
6145071257
6145071267
6145071277
6145071287
6145071307
6145071337
6145071347
6145071357
6145071377
6145071447
6145071467
6145071497
6145071807
6145071857
6145071907
6145071937
6145071947
6145071997
6145072017
6145072227
6145072337
6145072597
6145072967
6145073137
6145073467
6145074147
6145074497
6145074707
6145075567
6145075737
6145076327
6145076347
6145076707
6145077067
6145077597
6145077957
6145077997
6145078117
6145078357
6145078457
6145078517
6145078577
6145078637
6145078797
6145091507
6145150977
6145155137
6145159327
6145161497
6145163157
6145176627
6145179777
6145256997
6145355577
6145387167
6145398457
6145421437
6145427647
6145433747
6145434037
6145460317
6145473397
6145496447
6145503147
6145518677
6145521827
6145534867
6145541297
6145546427
6145549157
6145553027
6145554927
6145557237
6145560097
6145567757
6145568357
6145619637
6145627537
6145628697
6145632117
6145639817
6145648477
6145648557
6145652707
6145669667
6145670537
6145684817
6145689517
6145695017
6145695927
6145699437
6145699527
6145700827
6145701777
6145704367
6145705097
6145705347
6145705727
6145705827
6145708947
6145709917
6145711117
6145711167
6145713807
6145721117
6145722447
6145722457
6145722477
6145722497
6145724657
6145725357
6145725537
6145726047
6145732747
6145733017
6145733047
6145733197
6145733237
6145734057
6145734577
6145734617
6145734627
6145734637
6145734717
6145734727
6145734737
6145734807
6145734857
6145734887
6145734937
6145734997
6145735007
6145735047
6145735057
6145735147
6145735157
6145735197
6145735217
6145735227
6145735267
6145735327
6145735337
6145735357
6145735407
6145735457
6145735507
6145735597
6145735617
6145735647
6145735657
6145735687
6145735707
6145735747
6145735757
6145735777
6145735827
6145735847
6145735857
6145735957
6145735977
6145736007
6145736097
6145736107
6145736207
6145736217
6145736227
6145736237
6145736247
6145736257
6145736267
6145736277
6145736477
6145736487
6145736587
6145736597
6145736637
6145736667
6145736687
6145736697
6145736777
6145736797
6145736817
6145736827
6145736837
6145736957
6145737027
6145737077
6145737097
6145737107
6145737127
6145737137
6145737227
6145737297
6145737357
6145737517
6145737717
6145737767
6145738047
6145738147
6145738477
6145738657
6145738757
6145738857
6145739057
6145739287
6145739327
6145739447
6145739527
6145739627
6145739717
6145739917
6145740017
6145740427
6145740547
6145740807
6145740917
6145740927
6145740987
6145741037
6145741317
6145741517
6145741757
6145742057
6145742077
6145742197
6145742517
6145742617
6145742707
6145742887
6145742897
6145743097
6145743247
6145743317
6145743417
6145743617
6145743657
6145743707
6145743737
6145743907
6145744057
6145744157
6145744387
6145744497
6145744627
6145744867
6145745007
6145745087
6145745317
6145745357
6145745407
6145745487
6145745557
6145745567
6145745607
6145745627
6145745657
6145745717
6145745797
6145745817
6145745867
6145746017
6145746127
6145746147
6145746187
6145746367
6145746387
6145746407
6145746777
6145746977
6145747087
6145747287
6145747327
6145747437
6145747467
6145747567
6145747627
6145748007
6145748197
6145748507
6145748827
6145748957
6145749057
6145749197
6145749307
6145749397
6145749437
6145749447
6145749537
6145749577
6145749597
6145749697
6145749877
6145749927
6145750077
6145750617
6145750837
6145750957
6145751147
6145751397
6145751507
6145751557
6145751577
6145751747
6145751757
6145751787
6145751797
6145751847
6145751867
6145751927
6145751987
6145753217
6145753677
6145753777
6145753897
6145754517
6145754827
6145754987
6145755757
6145755797
6145756057
6145756207
6145756377
6145756497
6145756577
6145756697
6145756927
6145757287
6145757767
6145757857
6145758447
6145758467
6145758647
6145758737
6145758867
6145758947
6145759327
6145759977
6145760447
6145760737
6145765527
6145765547
6145765607
6145765617
6145765637
6145765807
6145765907
6145765937
6145766207
6145766317
6145766397
6145766427
6145766487
6145772897
6145777707
6145779887
6145780207
6145781577
6145783117
6145784717
6145785137
6145787697
6145787787
6145787887
6145796457
6145796547
6145796757
6145809577
6145812637
6145837937
6145882497
6146006007
6146018187
6146074947
6146319617
6146332347
6146335557
6146342937
6146364717
6146377847
6146380577
6146384277
6146455687
6146462167
6146484237
6146486257
6146494407
6146497287
6146498767
6146501017
6146504327
6146504537
6146508327
6146519827
6146527217
6146527987
6146528107
6146528237
6146529577
6146535987
6146536957
6146538497
6146539227
6146539577
6146539917
6146540767
6146548227
6146549127
6146550347
6146551747
6146555427
6146562947
6146564397
6146565007
6146566487
6146567147
6146567297
6146567757
6146568917
6146569487
6146570757
6146574727
6146575407
6146576117
6146576667
6146577657
6146577887
6146578117
6146578427
6146578487
6146580497
6146580957
6146581137
6146581347
6146581447
6146581577
6146581987
6146582007
6146582777
6146582827
6146582907
6146583217
6146583227
6146583247
6146583337
6146583517
6146583577
6146583737
6146583797
6146583907
6146583997
6146584247
6146584517
6146584707
6146584717
6146584917
6146584987
6146585047
6146585137
6146585187
6146585197
6146585227
6146585277
6146585287
6146585297
6146585317
6146585327
6146585337
6146585357
6146585367
6146585377
6146585387
6146585397
6146585407
6146585417
6146585447
6146585467
6146585477
6146585497
6146585527
6146585547
6146585557
6146585567
6146585587
6146585597
6146585607
6146585627
6146585657
6146585667
6146585677
6146585707
6146585727
6146585737
6146585747
6146585767
6146585797
6146585827
6146585837
6146585857
6146585867
6146585877
6146585907
6146585957
6146585967
6146585987
6146586007
6146586017
6146586027
6146586037
6146586047
6146586057
6146586067
6146586077
6146586097
6146586107
6146586117
6146586147
6146586177
6146586187
6146586197
6146586207
6146586217
6146586227
6146586237
6146586247
6146586257
6146586297
6146586317
6146586387
6146586407
6146586427
6146586437
6146586457
6146586477
6146586487
6146586497
6146586507
6146586517
6146586527
6146586557
6146586607
6146586637
6146586677
6146586687
6146586697
6146586737
6146586757
6146586767
6146586777
6146586787
6146586797
6146586817
6146586847
6146586867
6146586877
6146586887
6146586897
6146586907
6146586917
6146586927
6146586937
6146586967
6146586987
6146587007
6146587037
6146587047
6146587057
6146587077
6146587087
6146587097
6146587107
6146587117
6146587127
6146587147
6146587157
6146587177
6146587197
6146587207
6146587217
6146587237
6146587247
6146587267
6146587297
6146587307
6146587317
6146587327
6146587357
6146587367
6146587377
6146587397
6146587407
6146587417
6146587427
6146587437
6146587447
6146587457
6146587467
6146587477
6146587497
6146587507
6146587517
6146587527
6146587537
6146587547
6146587557
6146587577
6146587587
6146587597
6146587607
6146587617
6146587647
6146587677
6146587687
6146587697
6146587707
6146587737
6146587767
6146587797
6146587807
6146587817
6146587837
6146587877
6146587897
6146587907
6146587917
6146587967
6146587987
6146588007
6146588017
6146588027
6146588067
6146588087
6146588097
6146588107
6146588117
6146588167
6146588177
6146588197
6146588207
6146588267
6146588277
6146588287
6146588297
6146588317
6146588337
6146588347
6146588357
6146588387
6146588407
6146588417
6146588437
6146588447
6146588457
6146588477
6146588497
6146588517
6146588527
6146588587
6146588597
6146588607
6146588627
6146588657
6146588677
6146588687
6146588697
6146588717
6146588737
6146588757
6146588767
6146588777
6146588787
6146588807
6146588817
6146588827
6146588847
6146588857
6146588877
6146588897
6146588957
6146588977
6146588987
6146588997
6146589007
6146589017
6146589037
6146589047
6146589057
6146589107
6146589127
6146589147
6146589157
6146589167
6146589187
6146589217
6146589257
6146589307
6146589317
6146589327
6146589367
6146589407
6146589417
6146589437
6146589447
6146589457
6146589467
6146589487
6146589497
6146589507
6146589517
6146589537
6146589547
6146589557
6146589577
6146589597
6146589607
6146589637
6146589677
6146589687
6146589697
6146589717
6146589757
6146589777
6146589787
6146589797
6146589827
6146589837
6146589847
6146589857
6146589877
6146589887
6146589897
6146589907
6146589917
6146589957
6146589967
6146590017
6146590047
6146590057
6146590067
6146590077
6146590097
6146590107
6146590117
6146590127
6146590147
6146590157
6146590167
6146590177
6146590207
6146590217
6146590237
6146590257
6146590267
6146590277
6146590287
6146590297
6146590307
6146590317
6146590327
6146590337
6146590347
6146590357
6146590367
6146590387
6146590397
6146590407
6146590417
6146590427
6146590447
6146590457
6146590477
6146590487
6146590507
6146590517
6146590537
6146590547
6146590557
6146590567
6146590577
6146590587
6146590607
6146590617
6146590627
6146590637
6146590657
6146590667
6146590687
6146590717
6146590727
6146590737
6146590747
6146590757
6146590797
6146590807
6146590827
6146590837
6146590847
6146590867
6146590877
6146590887
6146590897
6146590907
6146590937
6146590947
6146590957
6146590977
6146590987
6146590997
6146591007
6146591017
6146591037
6146591047
6146591057
6146591067
6146591087
6146591117
6146591127
6146591137
6146591167
6146591197
6146591207
6146591227
6146591237
6146591247
6146591257
6146591287
6146591297
6146591307
6146591317
6146591337
6146591347
6146591357
6146591367
6146591387
6146591407
6146591417
6146591427
6146591437
6146591447
6146591467
6146591477
6146591507
6146591517
6146591527
6146591537
6146591567
6146591577
6146591587
6146591597
6146591607
6146591617
6146591637
6146591657
6146591677
6146591687
6146591707
6146591717
6146591727
6146591747
6146591757
6146591767
6146591787
6146591797
6146591807
6146591817
6146591827
6146591837
6146591857
6146591867
6146591907
6146591917
6146591927
6146591937
6146591947
6146591957
6146591967
6146591977
6146592007
6146592017
6146592027
6146592047
6146592057
6146592067
6146592077
6146592097
6146592107
6146592117
6146592127
6146592137
6146592167
6146592177
6146592187
6146592207
6146592217
6146592227
6146592237
6146592257
6146592277
6146592287
6146592297
6146592307
6146592337
6146592347
6146592357
6146592367
6146592387
6146592397
6146592407
6146592417
6146592427
6146592457
6146592467
6146592477
6146592487
6146592507
6146592517
6146592527
6146592537
6146592557
6146592567
6146592577
6146592587
6146592597
6146592607
6146592617
6146592627
6146592647
6146592657
6146592667
6146592677
6146592687
6146592697
6146592707
6146592727
6146592737
6146592757
6146592767
6146592777
6146592797
6146592807
6146592817
6146592827
6146592837
6146592857
6146592867
6146592897
6146592907
6146592917
6146592927
6146592937
6146592947
6146592957
6146592977
6146592997
6146593007
6146593017
6146593027
6146593037
6146593057
6146593067
6146593077
6146593087
6146593097
6146593107
6146593127
6146593137
6146593147
6146593157
6146593167
6146593177
6146593187
6146593197
6146593207
6146593217
6146593227
6146593247
6146593287
6146593297
6146593307
6146593317
6146593337
6146593347
6146593357
6146593377
6146593407
6146593417
6146593427
6146593437
6146593447
6146593457
6146593467
6146593477
6146593487
6146593497
6146593527
6146593537
6146593577
6146593587
6146593597
6146593607
6146593617
6146593627
6146593637
6146593667
6146593687
6146593707
6146593727
6146593757
6146593767
6146593777
6146593787
6146593807
6146593817
6146593827
6146593837
6146593857
6146593877
6146593907
6146593917
6146593927
6146593937
6146593947
6146593957
6146593967
6146593977
6146593987
6146594007
6146594027
6146594047
6146594057
6146594067
6146594077
6146594087
6146594117
6146594127
6146594137
6146594147
6146594157
6146594167
6146594177
6146594187
6146594197
6146594207
6146594217
6146594237
6146594247
6146594257
6146594277
6146594297
6146594317
6146594327
6146594357
6146594387
6146594397
6146594407
6146594417
6146594427
6146594437
6146594447
6146594457
6146594467
6146594477
6146594487
6146594497
6146594517
6146594527
6146594537
6146594547
6146594557
6146594577
6146594597
6146594607
6146594617
6146594627
6146594637
6146594647
6146594657
6146594667
6146594677
6146594697
6146594717
6146594727
6146594737
6146594757
6146594767
6146594777
6146594797
6146594807
6146594827
6146594837
6146594847
6146594857
6146594867
6146594877
6146594887
6146594907
6146594927
6146594947
6146594957
6146594967
6146594977
6146594987
6146594997
6146595007
6146595017
6146595037
6146595057
6146595067
6146595077
6146595087
6146595097
6146595107
6146595117
6146595127
6146595137
6146595147
6146595157
6146595167
6146595177
6146595187
6146595197
6146595207
6146595217
6146595227
6146595247
6146595257
6146595267
6146595277
6146595287
6146595297
6146595307
6146595317
6146595327
6146595357
6146595367
6146595377
6146595387
6146595397
6146595407
6146595417
6146595427
6146595437
6146595447
6146595467
6146595477
6146595497
6146595507
6146595517
6146595527
6146595537
6146595557
6146595567
6146595577
6146595587
6146595597
6146595607
6146595617
6146595627
6146595637
6146595647
6146595657
6146595667
6146595687
6146595707
6146595717
6146595727
6146595737
6146595747
6146595777
6146595787
6146595797
6146595817
6146595827
6146595837
6146595847
6146595857
6146595877
6146595887
6146595917
6146595937
6146595957
6146595967
6146595977
6146595987
6146596017
6146596037
6146596047
6146596057
6146596077
6146596097
6146596107
6146596127
6146596147
6146596177
6146596187
6146596207
6146596237
6146596247
6146596267
6146596277
6146596297
6146596317
6146596327
6146596367
6146596377
6146596387
6146596427
6146596437
6146596457
6146596467
6146596517
6146596537
6146596567
6146596587
6146596607
6146596627
6146596647
6146596667
6146596677
6146596687
6146596697
6146596707
6146596727
6146596747
6146596757
6146596787
6146596797
6146596827
6146596837
6146596847
6146596907
6146596937
6146596967
6146596977
6146596987
6146597007
6146597037
6146597057
6146597067
6146597097
6146597137
6146597147
6146597157
6146597177
6146597187
6146597227
6146597247
6146597267
6146597277
6146597297
6146597307
6146597317
6146597427
6146597437
6146597477
6146597487
6146597497
6146597507
6146597527
6146597547
6146597557
6146597567
6146597587
6146597607
6146597627
6146597647
6146597707
6146597727
6146597757
6146597767
6146597827
6146597837
6146597867
6146597877
6146597937
6146597957
6146597967
6146597977
6146597997
6146598007
6146598027
6146598037
6146598067
6146598077
6146598197
6146598237
6146598317
6146598407
6146598417
6146598427
6146598437
6146598447
6146598477
6146598497
6146598507
6146598537
6146598567
6146598597
6146598617
6146598627
6146598707
6146598727
6146598737
6146598857
6146598877
6146598917
6146598967
6146598977
6146598987
6146599007
6146599017
6146599047
6146599087
6146599107
6146599127
6146599137
6146599157
6146599187
6146599227
6146599257
6146599277
6146599307
6146599317
6146599337
6146599347
6146599357
6146599397
6146599407
6146599427
6146599457
6146599487
6146599517
6146599547
6146599617
6146599637
6146599657
6146599667
6146599687
6146599697
6146599707
6146599717
6146599767
6146599797
6146599857
6146599867
6146599877
6146599937
6146599947
6146599977
6146599997
6146600027
6146600047
6146600057
6146600077
6146600097
6146600107
6146600137
6146600157
6146600167
6146600177
6146600197
6146600237
6146600247
6146600277
6146600287
6146600297
6146600367
6146600377
6146600387
6146600397
6146600467
6146600497
6146600527
6146600557
6146600577
6146600607
6146600617
6146600647
6146600657
6146600717
6146600727
6146600797
6146600817
6146600857
6146600877
6146600927
6146600967
6146600987
6146600997
6146601017
6146601027
6146601037
6146601047
6146601057
6146601067
6146601077
6146601087
6146601147
6146601197
6146601227
6146601237
6146601267
6146601277
6146601297
6146601317
6146601347
6146601357
6146601397
6146601417
6146601437
6146601447
6146601477
6146601497
6146601507
6146601527
6146601537
6146601557
6146601567
6146601587
6146601597
6146601607
6146601627
6146601637
6146601657
6146601667
6146601687
6146601737
6146601747
6146601757
6146601767
6146601777
6146601797
6146601807
6146601827
6146601847
6146601877
6146601887
6146601897
6146601907
6146601937
6146601967
6146601977
6146601997
6146602017
6146602027
6146602057
6146602067
6146602077
6146602087
6146602097
6146602127
6146602137
6146602157
6146602167
6146602187
6146602207
6146602217
6146602257
6146602267
6146602277
6146602287
6146602297
6146602317
6146602337
6146602347
6146602367
6146602377
6146602387
6146602407
6146602417
6146602437
6146602447
6146602457
6146602477
6146602507
6146602517
6146602547
6146602557
6146602607
6146602637
6146602647
6146602667
6146602677
6146602707
6146602717
6146602747
6146602777
6146602807
6146602817
6146602827
6146602847
6146602877
6146602897
6146602927
6146602957
6146602967
6146602977
6146602987
6146602997
6146603007
6146603017
6146603027
6146603037
6146603057
6146603067
6146603097
6146603107
6146603127
6146603137
6146603177
6146603187
6146603197
6146603237
6146603257
6146603267
6146603277
6146603287
6146603297
6146603327
6146603347
6146603357
6146603367
6146603377
6146603387
6146603407
6146603437
6146603447
6146603457
6146603467
6146603497
6146603517
6146603527
6146603557
6146603587
6146603617
6146603627
6146603637
6146603727
6146603747
6146603757
6146603777
6146603787
6146603817
6146603827
6146603837
6146603857
6146603867
6146603927
6146603947
6146603957
6146604017
6146604037
6146604047
6146604087
6146604127
6146604157
6146604177
6146604197
6146604217
6146604247
6146604267
6146604307
6146604317
6146604347
6146604367
6146604397
6146604437
6146604447
6146604457
6146604477
6146604487
6146604497
6146604507
6146604527
6146604537
6146604567
6146604587
6146604617
6146604627
6146604637
6146604647
6146604657
6146604667
6146604697
6146604707
6146604727
6146604737
6146604767
6146604827
6146604837
6146604847
6146604877
6146604887
6146604897
6146604927
6146604937
6146604957
6146604977
6146604987
6146604997
6146605007
6146605017
6146605067
6146605087
6146605117
6146605137
6146605147
6146605157
6146605167
6146605177
6146605187
6146605257
6146605277
6146605287
6146605307
6146605327
6146605337
6146605357
6146605387
6146605397
6146605427
6146605437
6146605457
6146605477
6146605497
6146605507
6146605517
6146605527
6146605537
6146605557
6146605567
6146605607
6146605637
6146605687
6146605707
6146605767
6146605777
6146605807
6146605847
6146605877
6146605907
6146606027
6146606057
6146606067
6146606097
6146606257
6146606277
6146606287
6146606307
6146606357
6146606387
6146606587
6146606597
6146606617
6146606797
6146606917
6146606957
6146606967
6146607067
6146607087
6146607137
6146607287
6146607377
6146607537
6146607647
6146607767
6146607787
6146607797
6146607807
6146608017
6146608027
6146608047
6146608057
6146608067
6146608077
6146608087
6146608097
6146608107
6146608117
6146608127
6146608137
6146608147
6146608157
6146608167
6146608177
6146608197
6146608307
6146608527
6146608537
6146608577
6146608597
6146608607
6146608617
6146608667
6146608677
6146608717
6146608727
6146608767
6146608777
6146608787
6146608797
6146608807
6146608857
6146608867
6146608877
6146608897
6146608947
6146608957
6146608967
6146608977
6146608987
6146609007
6146609017
6146609027
6146609047
6146609057
6146609097
6146609107
6146609127
6146609137
6146609147
6146609167
6146609177
6146609187
6146609197
6146609207
6146609217
6146609237
6146609247
6146609257
6146609267
6146609277
6146609287
6146609297
6146609307
6146609317
6146609327
6146609337
6146609347
6146609357
6146609367
6146609387
6146609397
6146609407
6146609417
6146609427
6146609447
6146609457
6050106437
6050771257
6050771997
6053285397
6053889337
6054006807
6054341317
6055368787
6056696147
6064480897
6064484597
6064921527
6064921557
6064922197
6064922567
6065488337
6065488497
6065612847
6070878807
6072915057
6072915447
6073778807
6074660567
6074695347
6075062847
6075344367
6075965327
6076492727
6076492847
6076493137
6076493237
6076493317
6076493597
6076493857
6076493987
6076493997
6076494037
6076494097
6076494177
6076494247
6076494257
6076494357
6076494437
6076494587
6076494637
6076494727
6076494737
6076494917
6077225697
6077444867
6077543567
6078700897
6078706627
6078709717
6078714417
6079114177
6079168057
6079170467
6079177087
6079179457
6079182767
6079183327
6079185127
6079227817
6079246337
6079247727
6079291127
6079336507
6079337317
6079339627
6079339657
6079354317
6079454157
6079490697
6079541177
6079541737
6079546767
6079547787
6079550107
6079579677
6079580017
6079580127
6079582517
6079646987
6079649297
6079719397
6080196427
6080223367
6080299887
6080310967
6080365817
6080393067
6080567067
6080591527
6080591587
6080591647
6080651567
6080656297
6080669207
6080669907
6080794587
6080794647
6080800237
6080800847
6080877797
6080932097
6081006447
6081006847
6081007377
6081100657
6081160527
6081347567
6081378967
6081508547
6081544867
6081556307
6081729587
6081798997
6081848297
6081924367
6082112067
6082119017
6082173737
6082438747
6082501267
6082788057
6083002387
6083515127
6083519947
6083742247
6083742367
6083767797
6084159417
6084202497
6084484947
6084542427
6084542887
6084626357
6084628647
6084653687
6084654797
6084895737
6084930477
6085061727
6085467917
6085497227
6085674587
6085823397
6086176397
6086229037
6086510337
6086582097
6086585587
6086660357
6086674147
6086674767
6086737867
6086739257
6086754227
6086813597
6086843237
6086856427
6086964287
6087164197
6087269937
6087517387
6088265727
6088319047
6088332867
6088344837
6088344937
6088434767
6088452287
6088452757
6088529387
6088556077
6088682077
6088888417
6088917467
6088936227
6088936437
6089021807
6089021907
6089022987
6089068367
6089095147
6089154767
6089154947
6089155107
6089187317
6089214077
6089223867
6089274757
6089396937
6089411047
6089574297
6089590637
6089590857
6089966397
6090002477
6090004517
6090061917
6090348857
6090466617
6091025597
6091429637
6091485797
6091774877
6092390877
6092391037
6093568067
6093710927
6093865247
6094707587
6095605137
6096609867
6096720117
6096895517
6096895647
6097578087
6099082437
6099083637
6099089867
6099126327
6099126887
6099475777
6099514987
6099588347
6099588367
6100496137
6100833467
6100956517
6100985087
6101055597
6101250767
6101251247
6101695487
6102112937
6102803287
6103456087
6103833337
6103858937
6103893407
6103987807
6103998887
6103999027
6104104007
6104251297
6104767097
6104767427
6104767797
6104779427
6104779807
6104781657
6104781687
6104783417
6104783727
6104786717
6104786927
6104787327
6104788147
6104788407
6104830537
6104830617
6104830817
6104830867
6104830887
6104977657
6105221707
6105786737
6105788377
6106385817
6106408777
6107006147
6107006607
6107718957
6107964527
6108118407
6108370217
6108776267
6108831427
6109230697
6109239497
6109311817
6109623717
6110220007
6110220057
6110221127
6110620487
6111145697
6111164967
6111164987
6111165007
6111165027
6111165067
6111165087
6111165127
6111165147
6111165167
6111165187
6111165227
6111165247
6111165267
6111165327
6111165367
6111165427
6111165507
6111165547
6111165687
6111165707
6111165727
6111165767
6111165807
6111165827
6111165867
6111165887
6111165907
6111165927
6111165947
6111165967
6111165987
6111166007
6111166027
6111166067
6111166087
6111166207
6111166227
6111166267
6111166287
6111166327
6111166367
6111166407
6111166427
6111166447
6111166467
6111166487
6111166547
6111166627
6111166707
6111166727
6111166747
6111166787
6111166807
6111166847
6111166907
6111166927
6111166947
6111166967
6111166987
6111167047
6111167107
6111167167
6111167207
6111167227
6111167267
6111167327
6111167347
6111167427
6111167447
6111167467
6111167487
6111167527
6111167567
6111167647
6111167687
6111167707
6111167727
6111167747
6111167787
6111167807
6111167827
6111167867
6111167927
6111168047
6111168067
6111168107
6111168147
6111168167
6111168207
6111168247
6111168287
6111168327
6111168427
6111168447
6111168467
6111168587
6111168607
6111168707
6111168727
6111168807
6111168827
6111168847
6111168887
6111168907
6111168947
6111168987
6111169007
6111169047
6111169087
6111169107
6111169147
6111169207
6111169247
6111169267
6111169307
6111169347
6111169367
6111169407
6111169427
6111169467
6111169507
6111169527
6111169567
6111169607
6111169627
6111169647
6111169687
6111169707
6111169727
6111169747
6111169767
6111169807
6111169847
6111169867
6111169887
6111169907
6111169927
6111169947
6111169967
6111169987
6111170047
6111170067
6111170107
6111170127
6111170207
6111170247
6111170327
6111170347
6111170407
6111170447
6111170487
6111170527
6111170567
6111170607
6111170627
6111170667
6111170747
6111170767
6111170787
6111170807
6111170827
6111170847
6111170867
6111170887
6111170927
6111171007
6111171027
6111171167
6111171247
6111171267
6111171287
6111171307
6111171367
6111171387
6111171467
6111171507
6111171567
6111171587
6111171607
6111171627
6111171697
6111171827
6111171847
6111171867
6111171887
6111171967
6111171987
6111172007
6111172027
6111172047
6111172067
6111172127
6111172147
6111172167
6111172187
6111172207
6111172227
6111172247
6111172267
6111172287
6111172327
6111172347
6111172407
6111172427
6111172567
6111172587
6111172627
6111172647
6111172667
6111172687
6111172727
6111172747
6111172807
6111172827
6111172847
6111172887
6111172907
6111172927
6111172987
6111173107
6111173147
6111173167
6111173187
6111173207
6111173247
6111173307
6111173327
6111173347
6111173367
6111173387
6111173407
6111173427
6111173447
6111173467
6111173487
6111173507
6111173517
6111173527
6111173547
6111173557
6111173577
6111173597
6111173607
6111173637
6111173647
6111173657
6111173667
6111173677
6111173687
6111173697
6111173707
6111173767
6111173817
6111173857
6111173867
6111173887
6111173897
6111173937
6111173997
6111174027
6111174167
6111174197
6111174207
6111174257
6111174297
6111174307
6111174357
6111174367
6111174377
6111174397
6111174417
6111174427
6111174447
6111174497
6111174507
6111174547
6111174577
6111174587
6111174607
6111174617
6111174627
6111174637
6111174647
6111174657
6111174687
6111174697
6111174707
6111174717
6111174727
6111174757
6111174777
6111174787
6111174807
6111174817
6111174837
6111174857
6111174867
6111174937
6111174957
6111174977
6111174987
6111175007
6111175017
6111175037
6111175047
6111175057
6111175087
6111175097
6111175187
6111175197
6111175207
6111175217
6111175237
6111175247
6111175267
6111175277
6111175307
6111175357
6111175417
6111175437
6111175467
6111175477
6111175487
6111175497
6111175547
6111175557
6111175627
6111175637
6111175647
6111175657
6111175667
6111175687
6111175707
6111175747
6111175757
6111175787
6111175797
6111175817
6111175827
6111175857
6111175867
6111175877
6111175887
6111175927
6111175947
6111175967
6111175997
6111176007
6111176017
6111176047
6111176057
6111176077
6111176087
6111176097
6111176107
6111176127
6111176147
6111176167
6111176187
6111176217
6111176247
6111176267
6111176277
6111176287
6111176297
6111176327
6111176347
6111176367
6111176377
6111176397
6111176437
6111176457
6111176467
6111176497
6111176507
6111176517
6111176537
6111176547
6111176557
6111176587
6111176617
6111176627
6111176657
6111176677
6111176707
6111176757
6111176767
6111176787
6111176797
6111176837
6111176847
6111176877
6111176907
6111176937
6111176947
6111177007
6111177017
6111177027
6111177037
6111177047
6111177057
6111177097
6111177117
6111177127
6111177157
6111177177
6111177287
6111304307
6111771287
6112225687
6112277847
6112277887
6112278137
6112278517
6112406547
6112530667
6112672027
6112942417
6113404147
6113404307
6113405807
6113712007
6114219457
6114515037
6114515217
6114515437
6114516867
6114518277
6114531337
6114780617
6115135347
6115352347
6115441467
6115679047
6115816407
6115818257
6115822917
6115828107
6115829707
6116076507
6116717227
6116953907
6116954747
6116955077
6116955307
6116955747
6116956267
6116957137
6116959067
6116959157
6117096327
6118029847
6118113377
6118114227
6118114277
6118114347
6118114757
6118114767
6118114797
6118114807
6118114987
6118114997
6118115007
6118115047
6118115177
6118115387
6118116127
6118117087
6118145447
6118251937
6118287077
6118423257
6118749967
6118992917
6119003057
6119119087
6119304327
6119869537
6119899007
6119968087
6119968107
6119968907
6119969047
6119969267
6119969387
6119969407
6119969487
6119969907
6119970327
6120191857
6120953957
6121132317
6121132777
6121133117
6121134207
6121134227
6121134267
6121135307
6121136137
6121566167
6121632657
6121700977
6122266157
6122279057
6122308997
6122316397
6122316427
6122316797
6122317097
6122317107
6122317137
6122317167
6122317177
6122317207
6122317247
6122317377
6122319177
6122319197
6122319227
6122319297
6122319367
6122319507
6122319527
6122319607
6122319617
6122319627
6122319677
6122319797
6122319857
6122319967
6122320057
6122320087
6122320207
6122320297
6122320377
6122320407
6122320417
6122320447
6122320507
6122320547
6122320557
6122320657
6122320727
6122320827
6122320917
6122321237
6122321307
6122321407
6122321757
6122321767
6122321807
6122321987
6122322047
6122322127
6122322137
6122323947
6122324247
6122800317
6123692437
6124517127
6124526367
6124614457
6124645987
6124690407
6124691927
6124692827
6124696057
6124995287
6125239507
6125553307
6125558207
6125573737
6125814607
6125814707
6125815347
6125815507
6125815647
6125815657
6125815707
6125817107
6125817747
6125819507
6125820147
6126053067
6126074767
6126924847
6126925967
6127431347
6127436717
6127608767
6127903447
6127904347
6127905307
6127905747
6128051607
6128563367
6128575867
6128859317
6128901957
6128978237
6128980637
6129008517
6129012647
6129047417
6129047487
6129047797
6129048037
6129048207
6129048257
6129049347
6129049567
6129049587
6129050527
6129050547
6129050827
6129050927
6129051037
6129051117
6129051677
6129051717
6129052097
6129052827
6129053807
6129053897
6129073397
6129637407
6129645137
6129665997
6129916147
6129972277
6130007367
6130241647
6130241837
6130242197
6130243267
6130243437
6130244117
6130244667
6130383637
6130464007
6130837557
6130850967
6130929997
6130930277
6131060587
6131076257
6131077047
6131077257
6131374807
6131399087
6131592157
6131623247
6132039147
6132257337
6132268037
6132281947
6132387347
6132387817
6132387857
6132387967
6132388137
6132388417
6132388837
6132388857
6132388977
6132389987
6132390047
6132390207
6132390347
6132390777
6132390797
6132391137
6132391737
6132391917
6132392227
6132392437
6132392927
6132393087
6132393127
6132393567
6132393687
6132673897
6132704567
6132816957
6132914477
6132970267
6133072427
6133335167
6133497657
6133498947
6133549917
6133590857
6133599797
6133599827
6133599957
6133600467
6133600777
6133601327
6133601497
6133601667
6133601737
6133601997
6133602257
6133602617
6133602647
6133602917
6133603027
6133603757
6133603787
6133604517
6133604777
6133604977
6133605147
6133606607
6133607067
6133684367
6134084607
6134354387
6134364837
6134368737
6134382847
6134382867
6134382897
6134382937
6134382957
6134382987
6134383027
6134383037
6134383077
6134383087
6134383467
6134383477
6134383487
6134384267
6134384277
6134384297
6134384327
6134384937
6134386287
6134386397
6134386937
6134387047
6134387067
6134387397
6134387757
6134387847
6134387857
6134387877
6134388617
6134391667
6134391677
6134391817
6134392707
6134392717
6134428277
6134428317
6134428337
6134449217
6134451997
6134452007
6134452277
6134454107
6134454117
6134454127
6134455457
6134457027
6134457037
6134486637
6134488277
6134488597
6134488607
6134493827
6134493877
6134493907
6134497007
6134497547
6134497567
6134498767
6134498797
6134501097
6134501167
6134501877
6134502447
6134502477
6134502487
6134502507
6134502517
6134502527
6134502557
6134503837
6134504007
6134505517
6134505527
6134505757
6134604987
6134699037
6134720897
6134763977
6134796507
6134808727
6134810117
6134827297
6134958017
6134969917
6134969987
6135001587
6135032897
6135032907
6135032977
6135033267
6135033307
6135033407
6135033537
6135033687
6135034007
6135034077
6135034087
6135034177
6135034367
6135034377
6135034557
6135034727
6135034767
6135034827
6135035447
6135036677
6135036967
6135037517
6135073737
6135076447
6135177437
6135537347
6135549147
6135571167
6135778247
6135779657
6135780157
6135876917
6135896377
6135896397
6135896467
6135896497
6136015747
6136114307
6136116387
6136147347
6136148997
6136209327
6136251467
6136266687
6136331287
6136331427
6136331507
6136331687
6136332117
6136332717
6136332787
6136333117
6136333377
6136333387
6136333417
6136333497
6136333937
6136334277
6136334297
6136334497
6136335807
6136336437
6136337367
6136337407
6136338107
6136338137
6136338327
6136338517
6136338877
6136339157
6136339347
6136339687
6136340037
6136340437
6136340797
6136341077
6136341247
6136342007
6136342437
6136342737
6136343077
6136343177
6136343287
6136343917
6136344187
6136344217
6136344267
6136344317
6136344467
6136344647
6136344767
6136344877
6136346017
6136347577
6136360397
6136634137
6136809097
6136898047
6136961687
6137086447
6137099497
6137147387
6137147397
6137173077
6137173097
6137373017
6137407547
6137414177
6137425757
6137458707
6137459097
6137459427
6137459447
6137459527
6137459537
6137459607
6137459627
6137459887
6137459987
6137460047
6137460157
6137460287
6137460307
6137460427
6137460497
6137460507
6137460667
6137460777
6137461147
6137461167
6137461767
6137462307
6137462517
6137463317
6137464427
6137464577
6137464677
6137464747
6137464847
6137465267
6137465457
6137465717
6137465747
6137465777
6137465787
6137465817
6137466117
6137466177
6137466387
6137467067
6137467087
6137467127
6137467287
6137467737
6137467897
6137835887
6138039037
6138078347
6138125307
6138136847
6138139867
6138151577
6138151607
6138167577
6138169537
6138169667
6138196507
6138196737
6138198327
6138199477
6138200397
6138200547
6138207207
6138208377
6138209407
6138210117
6138210267
6138210427
6138211047
6138211937
6138214587
6138220197
6138228527
6138229247
6138229437
6138230217
6138231497
6138232877
6138233057
6138241107
6138244597
6138245927
6138246177
6138260237
6138328817
6138329397
6138329457
6138330097
6138330647
6138334687
6138336057
6138336117
6138336907
6138337937
6138338517
6138338657
6138340567
6138340617
6138341677
6138341977
6138343477
6138349457
6138356977
6138372827
6138374477
6138376047
6138376207
6138377127
6138379577
6138379927
6138380567
6138382837
6138383017
6138383677
6138386087
6138387637
6138387917
6138388837
6138388877
6138390187
6138391557
6138408357
6138409117
6138409177
6138414117
6138414657
6138414757
6138416947
6138420097
6138427767
6138428037
6138432317
6138433197
6138434847
6138437797
6138439157
6138440557
6138443577
6138469217
6138469847
6138470227
6138470397
6138471147
6138471187
6138471437
6138471857
6138471977
6138472017
6138472597
6138473957
6138474167
6138474577
6138475327
6138475677
6138475807
6138479977
6138480997
6138481407
6138483867
6138487277
6138487457
6138488277
6138488667
6138490337
6138490447
6138500807
6138520537
6138520647
6138521337
6138521347
6138521387
6138521467
6138522367
6138524497
6138524657
6138524757
6138524767
6138524957
6138525767
6138526127
6138526367
6138526377
6138526397
6138526547
6138526647
6138526707
6138526827
6138527077
6138527807
6138528167
6138528447
6138529207
6138529517
6138529557
6138530097
6138530147
6138530197
6138530237
6138531567
6138531687
6138531747
6138532357
6138533617
6138533847
6138533997
6138534057
6138534117
6138534307
6138534657
6138535567
6138536217
6138536247
6138536557
6138537507
6138537807
6138541747
6138660277
6138660367
6138660477
6138660527
6138660707
6138661257
6138661667
6138661807
6138662527
6138665707
6138666087
6138666457
6138667507
6138669107
6138669347
6138671127
6138675437
6138676367
6138927557
6139189517
6139233587
6139244637
6139314447
6139317377
6139359107
6139370267
6139382397
6139382817
6139384097
6139394847
6139426297
6139432677
6139435887
6139471997
6139480877
6139488557
6139489027
6139490247
6139535977
6139731347
6139907617
6139949187
6139950457
6139959497
6140067547
6140085127
6140107097
6140165777
6140166827
6140189797
6140195467
6140199007
6140247527
6140259887
6140285827
6140339667
6140346607
6140349997
6140357827
6140359877
6140365697
6140365987
6140366107
6140366137
6140366147
6140366497
6140366647
6140366807
6140366837
6140367067
6140367117
6140367627
6140367637
6140367997
6140368007
6140368047
6140368157
6140368227
6140368357
6140368607
6140368677
6140368707
6140368797
6140369257
6140369287
6140369457
6140369717
6140369867
6140370007
6140370107
6140370587
6140370767
6140370977
6140371067
6140371287
6140371417
6140371497
6140371697
6140371707
6140371727
6140371737
6140371797
6140371837
6140372017
6140372097
6140372187
6140372257
6140372347
6140372487
6140372537
6140372647
6140372657
6140373177
6140373337
6140373417
6140414057
6140430757
6140504457
6140504487
6140523777
6140525127
6140582787
6140606777
6140759647
6140772347
6140775707
6140783867
6140862597
6140948087
6141023087
6141117917
6141144827
6141224597
6141242677
6141243607
6141251817
6141258877
6141258947
6141259017
6141259037
6141259047
6141259167
6141259207
6141259297
6141259307
6141259337
6141259367
6141259377
6141259447
6141259547
6141259587
6141259747
6141259767
6141259897
6141260147
6141260267
6141260337
6141260767
6141261087
6141261447
6141261567
6141261577
6141261877
6141262017
6141262507
6141262887
6141263057
6141263097
6141263117
6141263147
6141263327
6141263507
6141263567
6141263747
6141263807
6141263847
6141264037
6141264227
6141264377
6141264557
6141264827
6141265007
6141265377
6141265967
6141266137
6141266457
6141266777
6141267147
6141267167
6141267247
6141267547
6141267857
6141268127
6141268147
6141268347
6141268367
6141268417
6141268867
6141269037
6141269257
6141269277
6141282137
6141282457
6141282957
6141377867
6141385407
6141405667
6141446717
6141538557
6141606107
6141649097
6141654097
6141675937
6141676097
6141748127
6141839627
6141856287
6141877187
6141893967
6141949207
6142097027
6142101327
6142125467
6142150377
6142162267
6142169777
6142179997
6142180097
6142180627
6142180877
6142181017
6142182827
6142183627
6142184407
6142184547
6142184887
6142185367
6142185997
6142186407
6142187087
6142270427
6142271447
6142326137
6142339377
6142344507
6142371187
6142506957
6142571887
6142665087
6142684037
6142703877
6142711987
6142738227
6142753427
6142778927
6142780197
6142784157
6142828707
6142983827
6142983907
6142983937
6142984047
6142984077
6142984107
6142984127
6142984587
6142984727
6142985047
6142985137
6142985167
6142985487
6142985567
6142985907
6142986117
6142986407
6142986417
6142986517
6142986587
6142986697
6142986747
6142987027
6142987187
6142987267
6142987387
6142987507
6142987847
6142988507
6142988737
6142989007
6142989017
6142989157
6142989327
6142989337
6142989657
6142989827
6142990087
6142990247
6142990257
6142990457
6142990707
6142990837
6142990867
6142990957
6142991017
6142991307
6142991497
6142991567
6142991827
6142992487
6142993187
6142993577
6142994187
6142994347
6142994777
6142995357
6142995987
6142996327
6143049857
6143159727
6143233667
6143252827
6143256437
6143258767
6143259017
6143275977
6143293847
6143581627
6143622347
6143622587
6143655527
6143662297
6143663677
6143692507
6143713677
6143715507
6143716477
6143736647
6143737217
6143771997
6143773467
6143784717
6143786067
6143801307
6143801427
6143801477
6143801587
6143801707
6143801737
6143801747
6143801757
6143801777
6143801857
6143801867
6143801887
6143802317
6143802327
6143802437
6143802507
6143802537
6143802697
6143802787
6143802887
6143803067
6143803177
6143803207
6143803327
6143803427
6143803567
6143803587
6143804227
6143804257
6143804377
6143804417
6143804427
6143804457
6143804477
6143804617
6143804657
6143804827
6143805087
6143805187
6143805217
6143805327
6143805437
6143805627
6143805687
6143805857
6143806017
6143806057
6143806067
6143806157
6143806317
6143806477
6143806787
6143806937
6143806957
6143807097
6143807157
6143807387
6143807517
6143808217
6143808397
6143808427
6143808497
6143808667
6143808707
6143808817
6143808837
6143808877
6143808997
6143809017
6143809027
6143809237
6143809327
6143809537
6143809647
6143809897
6143810107
6143810457
6143810827
6143811057
6143890077
6144025517
6144035497
6144044017
6144057917
6144062537
6144133237
6144173807
6144210997
6144212137
6144229677
6144239867
6144289577
6144296387
6144310567
6144313917
6144350467
6144373887
6144374967
6144379227
6144379907
6144402577
6144405407
6144417747
6144417967
6144434907
6144436677
6144436797
6144437027
6144437147
6144437167
6144437267
6144437297
6144437307
6144437507
6144441827
6144444417
6144528157
6144562327
6144578007
6144641517
6144790957
6144845407
6144899177
6144899227
6144920517
6144957337
6144970777
6144988717
6145003957
6145016657
6145029207
6145033427
6145034007
6145035097
6145052067
6145052857
6145055017
6145056857
6145068877
6145078187
6145080447
6145080757
6145080767
6145080827
6145081077
6145081207
6145082287
6145083127
6145083437
6145083457
6145083597
6145084947
6145091567
6145096967
6145098037
6145101637
6145105117
6145106827
6145161517
6145400727
6145417597
6145437797
6145466027
6145506057
6145508657
6145615927
6145617087
6145649577
6145653857
6145675207
6145678937
6145679577
6145685827
6145686627
6145687677
6145702647
6145706707
6145707877
6145710037
6145715087
6145716367
6145716647
6145717927
6145718257
6145718297
6145719887
6145720447
6145723787
6145724107
6145726547
6145726977
6145729307
6145732857
6145736397
6145737827
6145738457
6145738947
6145739737
6145740717
6145745257
6145746587
6145746907
6145749847
6145750867
6145751107
6145753757
6145755767
6145756637
6145756707
6145757427
6145758687
6145760047
6145761037
6145765477
6145765567
6145766677
6145766707
6145766747
6145766757
6145766807
6145766817
6145766837
6145766887
6145766907
6145766967
6145767027
6145767067
6145767117
6145767257
6145767267
6145767287
6145767297
6145767367
6145767397
6145767497
6145767517
6145767537
6145767677
6145767717
6145767727
6145767847
6145767977
6145768017
6145768067
6145768107
6145768117
6145768147
6145768167
6145768187
6145768207
6145768247
6145768257
6145768287
6145768297
6145768307
6145768317
6145768327
6145768347
6145768357
6145768367
6145768377
6145768387
6145768417
6145768427
6145768437
6145768497
6145768507
6145768547
6145768587
6145768637
6145768687
6145768707
6145768807
6145768877
6145768977
6145769017
6145769057
6145769087
6145769127
6145769147
6145769207
6145769217
6145769267
6145769307
6145769327
6145769557
6145769567
6145769597
6145769707
6145769807
6145769907
6145770007
6145770027
6145770037
6145770197
6145770307
6145770357
6145770387
6145770577
6145770647
6145770667
6145770717
6145770747
6145770797
6145770907
6145770957
6145771017
6145771047
6145771107
6145771157
6145771257
6145771267
6145771297
6145771327
6145771507
6145771517
6145771537
6145771577
6145771907
6145771957
6145772027
6145772067
6145772247
6145772377
6145772487
6145772767
6145772777
6145772787
6145772857
6145772877
6145772967
6145772977
6145772997
6145773067
6145773277
6145773337
6145773507
6145773667
6145773807
6145773867
6145773897
6145773957
6145773987
6145774157
6145774227
6145774317
6145774467
6145774497
6145774657
6145774667
6145774777
6145774817
6145774837
6145774857
6145774997
6145775037
6145775107
6145775167
6145775197
6145775307
6145775387
6145775547
6145775847
6145775887
6145775907
6145775987
6145776017
6145776157
6145776177
6145776207
6145776227
6145776337
6145776347
6145776377
6145776387
6145776427
6145776527
6145776637
6145776667
6145776677
6145776707
6145776757
6145776767
6145776797
6145785127
6145785947
6145791517
6145797617
6145798147
6145801437
6145809277
6145816037
6145864697
6145894587
6145988317
6145988357
6145988367
6145988437
6145988677
6145988747
6145988777
6145988867
6145989037
6145989047
6145989067
6145989167
6145989177
6145989317
6145989497
6146001307
6146113247
6146327717
6146367057
6146424897
6146455467
6146460917
6146485147
6146486577
6146486607
6146500647
6146512607
6146514787
6146545277
6146546367
6146546757
6146559037
6146561047
6146561717
6146564737
6146566287
6146566427
6146568587
6146577277
6146578087
6146581927
6146585167
6146585697
6146586287
6146588747
6146594337
6146597677
6146598747
6146599627
6146600517
6146601377
6146602577
6146603897
6146604287
6146608227
6146608817
6146609037
6146609067
6146609077
6146609377
6146609467
6146609477
6146609487
6146609497
6146609507
6146609517
6146609527
6146609537
6146609547
6146609557
6146609567
6146609577
6146609587
6146609597
6146609607
6146609617
6146609627
6146609637
6146609647
6146609657
6146609667
6146609677
6146609687
6146609707
6146609717
6146609727
6146609737
6146609747
6146609757
6146609767
6146609777
6146609787
6146609797
6146609807
6146609827
6146609837
6146609847
6146609857
6146609867
6146609877
6146609887
6146609897
6146609907
6146609917
6146609927
6146609937
6146609957
6146609967
6146609977
6146609987
6146609997
6146610007
6146610017
6146610027
6146610047
6146610057
6146610067
6146610077
6146610087
6146610097
6146610107
6146610117
6146610137
6146610147
6146610157
6146610167
6146610187
6146610207
6146610217
6146610247
6146610257
6146610267
6146610277
6146610287
6146610297
6146610307
6146610317
6146610327
6146610337
6146610347
6146610357
6146610367
6146610387
6146610437
6146610447
6146610457
6146610467
6146610477
6146610487
6146610497
6146610517
6146610527
6146610537
6146610547
6146610557
6146610577
6146610587
6146610597
6146610607
6146610617
6146610627
6146610637
6146610647
6146610657
6146610687
6146610697
6146610727
6146610737
6146610757
6146610767
6146610797
6146610807
6146610817
6146610837
6146610847
6146610877
6146610887
6146610897
6146610927
6146610937
6146610947
6146610987
6146610997
6146611067
6146611077
6146611107
6146611117
6146611127
6146611137
6146611167
6146611207
6146611217
6146611227
6146611247
6146611267
6146611327
6146611357
6146611367
6146611377
6146611387
6146611397
6146611407
6146611417
6146611427
6146611437
6146611467
6146611487
6146611497
6146611507
6146611517
6146611527
6146611537
6146611557
6146611567
6146611597
6146611667
6146611687
6146611717
6146611737
6146611757
6146611767
6146611787
6146611797
6146611807
6146611827
6146611837
6146611867
6146611907
6146611957
6146611977
6146611997
6146612017
6146612047
6146612057
6146612077
6146612097
6146612117
6146612137
6146612167
6146612187
6146612197
6146612207
6146612217
6146612247
6146612267
6146612277
6146612287
6146612297
6146612307
6146612337
6146612367
6146612377
6146612387
6146612427
6146612437
6146612447
6146612487
6146612497
6146612507
6146612517
6146612527
6146612537
6146612547
6146612557
6146612567
6146612577
6146612597
6146612627
6146612637
6146612657
6146612667
6146612677
6146612687
6146612697
6146612707
6146612737
6146612747
6146612767
6146612787
6146612797
6146612817
6146612827
6146612837
6146612847
6146612877
6146612927
6146612987
6146613017
6146613047
6146613057
6146613077
6146613087
6146613097
6146613107
6146613127
6146613147
6146613177
6146613217
6146613227
6146613247
6146613267
6146613277
6146613287
6146613297
6146613307
6146613317
6146613347
6146613357
6146613377
6146613397
6146613417
6146613427
6146613437
6146613447
6146613457
6146613467
6146613517
6146613527
6146613547
6146613567
6146613577
6146613597
6146613607
6146613617
6146613637
6146613647
6146613677
6146613687
6146613697
6146613707
6146613717
6146613777
6146613787
6146613797
6146613817
6146613837
6146613847
6146613857
6146613867
6146613877
6146613897
6146613907
6146613927
6146613937
6146613957
6146613967
6146613977
6146613987
6146614007
6146614017
6146614037
6146614057
6146614067
6146614087
6146614097
6146614127
6146614147
6146614157
6146614177
6146614187
6146614197
6146614237
6146614247
6146614257
6146614267
6146614277
6146614287
6146614297
6146614307
6146614317
6146614327
6146614337
6146614347
6146614357
6146614367
6146614377
6146614387
6146614397
6146614437
6146614447
6146614457
6146614467
6146614477
6146614487
6146614497
6146614507
6146614517
6146614527
6146614537
6146614547
6146614557
6146614577
6146614587
6146614597
6146614607
6146614617
6146614627
6146614637
6146614647
6146614657
6146614667
6146614677
6146614687
6146614697
6146614707
6146614717
6146614727
6146614737
6146614747
6146614767
6146614777
6146614787
6146614797
6146614807
6146614817
6146614827
6146614847
6146614857
6146614867
6146614877
6146614887
6146614897
6146614907
6146614927
6146614937
6146614957
6146614967
6146614987
6146614997
6146615007
6146615017
6146615027
6146615037
6146615067
6146615087
6146615097
6146615107
6146615117
6146615127
6146615137
6146615147
6146615157
6146615177
6146615187
6146615197
6146615207
6146615217
6146615227
6146615237
6146615247
6146615257
6146615267
6146615287
6146615297
6146615307
6146615317
6146615327
6146615337
6146615347
6146615357
6146615367
6146615397
6146615417
6146615437
6146615447
6146615457
6146615467
6146615477
6146615487
6146615497
6146615507
6146615517
6146615527
6146615537
6146615547
6146615557
6146615567
6146615587
6146615597
6146615617
6146615627
6146615637
6146615647
6146615657
6146615687
6146615707
6146615717
6146615727
6146615747
6146615757
6146615767
6146615777
6146615787
6146615797
6146615807
6146615817
6146615827
6146615837
6146615857
6146615877
6146615887
6146615897
6146615907
6146615917
6146615927
6146615937
6146615947
6146615957
6146615967
6146615977
6146615987
6146615997
6146616007
6146616027
6146616037
6146616047
6146616057
6146616067
6146616087
6146616097
6146616107
6146616127
6146616137
6146616147
6146616157
6146616197
6146616217
6146616227
6146616237
6146616267
6146616277
6146616287
6146616297
6146616357
6146616377
6146616387
6146616397
6146616417
6146616427
6146616447
6146616457
6146616487
6146616497
6146616507
6146616517
6146616567
6146616577
6146616587
6146616617
6146616627
6146616637
6146616647
6146616657
6146616667
6146616677
6146616697
6146616717
6146616727
6146616737
6146616747
6146616777
6146616797
6146616807
6146616817
6146616827
6146616837
6146616847
6146616857
6146616877
6146616887
6146616897
6146616907
6146616917
6146616927
6146616937
6146616957
6146616977
6146617037
6146617047
6146617067
6146617107
6146617117
6146617207
6146617217
6146617237
6146617247
6146617287
6146617297
6146617357
6146617367
6146617387
6146617397
6146617407
6146617417
6146617467
6146617477
6146617487
6146617507
6146617527
6146617547
6146617557
6146617567
6146617587
6146617607
6146617617
6146617627
6146617647
6146617657
6146617677
6146617687
6146617697
6146617707
6146617727
6146617737
6146617747
6146617767
6146617777
6146617797
6146617817
6146617827
6146617847
6146617877
6146617887
6146617917
6146617927
6146617937
6146617947
6146617997
6146618007
6146618027
6146618037
6146618057
6146618067
6146618077
6146618087
6146618097
6146618107
6146618117
6146618127
6146618147
6146618157
6146618167
6146618177
6146618187
6146618197
6146618207
6146618217
6146618227
6146618237
6146618247
6146618257
6146618267
6146618287
6146618297
6146618307
6146618317
6146618327
6146618337
6146618347
6146618357
6146618367
6146618377
6146618387
6146618397
6146618407
6146618417
6146618427
6146618437
6146618447
6146618457
6146618467
6146618487
6146618497
6146618517
6146618527
6146618537
6146618547
6146618557
6146618567
6146618577
6146618587
6146618597
6146618607
6146618627
6146618637
6146618647
6146618667
6146618677
6146618697
6146618707
6146618727
6146618737
