6028502692
6041069092
6041090042
6042254972
6042255262
6042255392
6042256562
6042256762
6042256852
6042258462
6042259072
6042259612
6042259722
6042260612
6042261082
6042261462
6042262262
6042262602
6042262692
6042266182
6042267512
6042269662
6042270182
6042272052
6042272772
6042274272
6042274412
6042275032
6042275172
6042275492
6042276322
6042276612
6042276652
6042276732
6042277172
6042277332
6042277632
6042278722
6042279312
6042281362
6042281672
6043060412
6043076582
6044749312
6045627872
6049631852
6049986662
6050487872
6050701382
6051127292
6051127522
6051195812
6051564382
6051821242
6052151342
6052152032
6053313752
6055635072
6055635832
6055842812
6056531762
6056580372
6057518932
6058106372
6059233322
6059599672
6060131052
6060131202
6060903772
6064475092
6065036442
6065526352
6065535032
6065536732
6065592082
6065605972
6066001912
6066264692
6066342532
6066422512
6066936322
6066936652
6067003262
6067003282
6067003292
6067003302
6067003322
6067003332
6067003342
6067003352
6067003362
6067003372
6067003382
6067003402
6067003412
6067003422
6067003442
6067003452
6067003472
6067003482
6067162662
6067190842
6067192932
6067539432
6067878742
6068136282
6068287952
6068288162
6068395932
6068474802
6068479862
6068566122
6069320822
6069417542
6069470852
6069504842
6069533162
6070909732
6071524452
6072481622
6072489652
6072494532
6072501602
6072501772
6072502512
6072502652
6072575882
6072623032
6072655672
6072660252
6072710782
6072712992
6072729572
6072729712
6072762782
6072763552
6072765732
6072766382
6072798492
6072819422
6072826872
6072827922
6072828062
6072879742
6072891332
6072973122
6072974032
6072974042
6073091702
6073494412
6073495652
6073495902
6073569952
6073779132
6073872792
6073878812
6073888752
6073889292
6073889342
6073889552
6073889562
6073889812
6073889902
6073890512
6073890542
6073890592
6073906122
6074275202
6074275412
6074318582
6074626562
6074629822
6074671792
6074760962
6074761072
6074790952
6074829702
6074830272
6074834862
6074835862
6074840222
6074840812
6074840892
6075218312
6075302282
6075612282
6075612452
6075629262
6075640402
6075641202
6076134312
6076367092
6076420602
6076423022
6077449962
6077450072
6077826782
6078033412
6078048672
6079165892
6079180272
6079182442
6079642412
6079657842
6079700572
6079836552
6079863682
6080062952
6080063272
6080067252
6080068282
6080069122
6080072302
6080076382
6080077602
6080078462
6080079562
6080080902
6080090512
6080196392
6080742452
6080797282
6080797832
6080800132
6080800722
6080877842
6081141182
6081242792
6081269242
6081395652
6081396672
6081398672
6081398932
6081401572
6081406412
6081413922
6081415822
6081427612
6081429322
6081437712
6081492482
6081492512
6081492552
6081493592
6081789982
6082385602
6082405842
6082406342
6082412902
6082419342
6082420852
6082421642
6082422982
6082424462
6082428342
6082441562
6082666892
6082666942
6082676852
6082677082
6082677182
6082677212
6082677242
6083162932
6083432742
6083443202
6083443502
6083444812
6083445482
6083445502
6083446502
6083459482
6083985702
6084005012
6084435912
6084446052
6084447602
6084448312
6084448322
6084453742
6084459442
6084461972
6084478312
6084478582
6084479302
6085341532
6085342922
6085432512
6085435142
6085435492
6085435622
6085436212
6085436222
6085437212
6085438042
6085438342
6085439092
6085441212
6085442122
6085442302
6085442662
6085442692
6085442712
6085442932
6085443012
6085443412
6085443512
6085443522
6085443582
6085443642
6085443722
6085443762
6085444022
6085444122
6085444172
6085444272
6085444302
6085444342
6085444412
6085444432
6085444492
6085444682
6085444712
6085444722
6085444972
6085444992
6085445012
6085445042
6085445052
6085445072
6085445242
6085445362
6085445422
6085446282
6085446692
6085448302
6085449042
6085450812
6085451352
6085452052
6085452242
6085452342
6085453372
6085453582
6085455252
6085456642
6085456892
6086179262
6086179292
6086179302
6086179322
6086179332
6086179342
6086179362
6086179412
6086179482
6086179522
6086179562
6086179682
6086179712
6086179792
6086620072
6086674232
6086675312
6086675632
6086692732
6086693362
6086695712
6086697132
6086698882
6086699302
6086699572
6086699612
6086701082
6086702112
6086702242
6086703382
6086705122
6086707712
6086710512
6086711132
6086714002
6086718442
6086719132
6086721032
6086855892
6086963652
6087092272
6087164652
6087440012
6087440752
6087594742
6087596422
6087596502
6087599552
6087599982
6087602152
6088344832
6088344912
6088360242
6088383082
6088397302
6088397372
6088397912
6088400492
6088403642
6088407002
6088408862
6088409452
6088409702
6088412232
6088417092
6088422132
6088422482
6088452332
6088454182
6088528072
6088681792
6088936162
6088936782
6089021432
6089028782
6089150752
6089155722
6089187272
6089266572
6089294472
6089294632
6089310522
6089313362
6089314612
6089316932
6089322032
6089327312
6089329912
6089331382
6089333852
6089335022
6089338202
6089338682
6089341612
6089347612
6089348462
6089349052
6089397052
6089404712
6089404762
6089412062
6089490652
6089584502
6089589322
6090004022
6090004342
6090222972
6090338152
6090340412
6090341902
6090342132
6090342812
6090349432
6090496922
6090503242
6090549692
6090905712
6090958132
6090960012
6091023522
6091027132
6091027602
6091287942
6091288942
6091298992
6091299062
6091302242
6091307012
6091312292
6091319512
6091319892
6091322292
6091324422
6091332422
6091335932
6091498642
6091500952
6091500962
6091500972
6091507372
6091541502
6091549252
6091551402
6091774352
6092025522
6092471302
6092529092
6092529132
6092534392
6092537672
6092538482
6092538762
6092543632
6092546792
6092547502
6092548132
6092551922
6092552572
6092558452
6092565082
6092565142
6092565902
6092570662
6092572892
6092574092
6092748682
6092754952
6092759262
6092921172
6092942062
6092949992
6093086292
6093253432
6093342492
6093342742
6093343562
6093343662
6093345902
6093348712
6093348932
6093348972
6093349312
6093349342
6093349402
6093349742
6093349972
6093350102
6093350492
6093350592
6093350722
6093350812
6093351362
6093351372
6093351392
6093351402
6093351462
6093351972
6093352552
6093352592
6093353482
6093353602
6093353702
6093353872
6093353882
6093354292
6093355022
6093356062
6093356472
6093356692
6093357402
6093357892
6093359322
6093359492
6093360002
6093360272
6093360352
6093360712
6093362102
6093362142
6093362222
6093362302
6093363212
6093364152
6093365012
6093365242
6093365292
6093365692
6093366762
6093366782
6093366942
6093367102
6093367172
6093367612
6093368312
6093368962
6093369032
6093370032
6093370142
6093370502
6093371162
6093371492
6093373982
6093374072
6093375162
6093375272
6093375422
6093375882
6093378402
6093378982
6093380422
6093380452
6093380512
6093381052
6093382342
6093382672
6093383172
6093383422
6093383482
6093383552
6093383782
6093384152
6093384172
6093384362
6093384522
6093384682
6093384902
6093384982
6093385242
6093385272
6093385592
6093386232
6093386522
6093386722
6093386882
6093387122
6093387262
6093387332
6093387412
6093387422
6093387442
6093387472
6093387842
6093387852
6093437762
6093695162
6093744492
6094218022
6094236012
6094239602
6094416292
6094423902
6094431872
6094432632
6094767662
6094771652
6094857332
6094858792
6094858842
6094866072
6095559952
6095560622
6095564102
6095564332
6095568862
6095569172
6095569322
6095570582
6095571752
6095576522
6095576532
6095580932
6095581692
6095582732
6095589042
6095591162
6095592492
6095593552
6095738422
6095819272
6095821252
6096064282
6096578862
6096610272
6096714622
6096714772
6096730462
6096730722
6096732202
6096733982
6096734692
6096735902
6096736382
6096736542
6096736682
6096737142
6096737872
6096738162
6096738172
6096738262
6096740512
6096741122
6096741602
6096742142
6096743292
6096746782
6096747582
6096750022
6096781902
6096793152
6097671362
6097671772
6097671952
6097672082
6097674912
6097675312
6097678972
6097679612
6097680612
6098198062
6098200202
6098540182
6098540662
6098540742
6098540772
6098540852
6098541122
6098541322
6098541912
6098541932
6098542242
6098542582
6098543082
6098543142
6098543362
6098543922
6098544872
6098546142
6098547032
6098547552
6098547682
6098548922
6098550022
6098550032
6098550102
6098550532
6098553112
6098553222
6098554232
6098554742
6098554912
6098555842
6098668872
6098802222
6099103202
6099326302
6099375252
6099375422
6099376562
6099377842
6099383672
6099454412
6099551692
6099554242
6099556122
6099557092
6099557132
6099559802
6099561142
6099561292
6099561952
6099563162
6099564082
6099565332
6099565372
6099565972
6099567002
6099571212
6099574422
6099574592
6099574742
6099576632
6099706112
6099709472
6099905482
6099905502
6099905562
6099917462
6100322122
6100347752
6100349042
6100389172
6100403732
6100424312
6100429232
6100688762
6100724762
6100741902
6100756882
6100760822
6100761762
6100762252
6100805942
6100816272
6100931712
6100936422
6100936762
6100938232
6100969222
6101034942
6101056132
6101137152
6101138132
6101151132
6101195172
6101196042
6101196352
6101197052
6101197132
6101197362
6101197392
6101197552
6101197952
6101200762
6101200942
6101203782
6101203892
6101209272
6101210282
6101210442
6101210642
6101213072
6101214912
6101217312
6101220932
6101224522
6101225532
6101228642
6101231122
6101235232
6101336202
6101356682
6101419542
6101484972
6101572692
6101653152
6102453942
6102458822
6102486282
6102496372
6102496542
6102502002
6102502402
6102564082
6102565652
6102566042
6102566422
6102566662
6102567272
6102615232
6102616832
6102618102
6102619272
6102620752
6102620912
6102623262
6102624782
6102627772
6102632982
6102634342
6102636062
6102636752
6102637402
6102637642
6102637662
6102638032
6102638332
6102639632
6102640022
6102640162
6102640702
6102641422
6102642662
6102642732
6102644322
6102645042
6102648862
6102880652
6102959732
6103015522
6103149552
6103220472
6103553582
6103723392
6103778582
6103907012
6103907382
6103910702
6103919072
6103920042
6103920062
6103920872
6103921112
6103921292
6103921422
6103921552
6103922022
6103922232
6103922352
6103935072
6103939112
6104899112
6104912212
6104977032
6104981072
6104981152
6104981572
6104982482
6104983102
6104984162
6104984932
6104985182
6105701642
6105701712
6105794702
6105794842
6105797972
6105800892
6105802642
6105802692
6105802702
6105804332
6105804382
6105805092
6105805222
6105805232
6105805742
6105806412
6105807272
6105807462
6105807552
6105809442
6105811382
6105818292
6105819412
6105819822
6105821142
6105821992
6105824172
6105824562
6105827492
6105827592
6106259702
6106259962
6106312712
6106592902
6106645382
6106951522
6106971352
6106973702
6106974092
6106974532
6106974712
6106975012
6106975892
6106975982
6106976162
6106976942
6106979542
6106983352
6106983542
6106983662
6106983672
6106983752
6106983832
6106983902
6106983922
6106983932
6106984002
6106984092
6106984132
6106984192
6106984212
6106984232
6106984282
6106984332
6106984392
6106984422
6106984452
6106984472
6106984812
6106985302
6106986432
6106986652
6106986872
6106988482
6106989032
6106989192
6106993582
6106996072
6106996502
6106997562
6106997832
6107001022
6107362142
6107539662
6107694392
6107776162
6107779052
6107780712
6107835002
6107844942
6107860612
6107866162
6107866722
6107951862
6108053132
6108069832
6108164422
6108165712
6108165852
6108166762
6108174272
6108175392
6108176032
6108178902
6108181992
6108212472
6108212532
6108212572
6108212832
6108213372
6108225992
6108492272
6108779672
6109242342
6109243482
6109247202
6109301412
6109483862
6109484102
6109589192
6109627132
6109646502
6109780452
6109787922
6109964632
6110004382
6110016982
6110017832
6110071422
6110071552
6110094682
6110096352
6110100612
6110103632
6110105752
6110107212
6110107992
6110196302
6110196512
6110196962
6110197602
6110197862
6110197892
6110197952
6110198262
6110199042
6110199492
6110199612
6110199802
6110200052
6110200502
6110202032
6110202182
6110202562
6110204462
6110205472
6110206052
6110206102
6110206242
6110207212
6110208512
6110208582
6110209062
6110210062
6110210152
6110210212
6110210592
6110210992
6110211192
6110211242
6110211812
6110212292
6110216552
6110217922
6110218572
6110452952
6110828042
6111146502
6111146702
6111148312
6111150752
6111153972
6111154842
6111155242
6111155422
6111156442
6111156892
6111157142
6111157972
6111158032
6111158362
6111159192
6111159792
6111164802
6111164812
6111164822
6111164832
6111164842
6111164852
6111164862
6111164872
6111164892
6111164942
6111164962
6111165002
6111165042
6111165082
6111165142
6111165182
6111165202
6111165222
6111165242
6111165262
6111165322
6111165342
6111165362
6111165422
6111165442
6111165462
6111165522
6111165562
6111165582
6111165602
6111165682
6111165722
6111165742
6111165762
6111165802
6111165842
6111165902
6111166002
6111166022
6111166102
6111166222
6111166242
6111166302
6111166362
6111166382
6111166402
6111166462
6111166502
6111166542
6111166562
6111166782
6111166822
6111166842
6111166862
6111166902
6111166942
6111166962
6111167182
6111167222
6111167242
6111167262
6111167382
6111167502
6111167522
6111174692
6111175462
6111176432
6111176992
6111177012
6111177072
6111302142
6111349862
6111383472
6111397372
6111444752
6111445882
6111735572
6112069092
6112197152
6112230772
6112240072
6112269042
6112269102
6112269932
6112270862
6112271472
6112274192
6112274602
6112274812
6112275302
6112657972
6112817982
6112886372
6112988652
6113049612
6113100622
6113239552
6113370022
6113370192
6113370582
6113370662
6113371242
6113372912
6113373912
6113382762
6113382852
6113385262
6113386072
6113387442
6113387552
6113388242
6113388502
6113389462
6113390832
6113390852
6113392072
6113396242
6113397292
6113397402
6113400942
6113411682
6113528882
6113615342
6113671422
6113719812
6113732392
6113762582
6114364692
6114420512
6114441242
6114441562
6114463112
6114474452
6114477822
6114481042
6114490442
6114490532
6114491132
6114491232
6114491612
6114491702
6114493322
6114493392
6114494392
6114495972
6114496202
6114496232
6114496652
6114497132
6114498032
6114500132
6114500392
6114501152
6114501262
6114501522
6114502302
6114502602
6114504232
6114508452
6114508482
6114511312
6114794582
6114814862
6115600492
6115613932
6115632502
6115632892
6115633492
6115634072
6115634312
6115635362
6115635632
6115635732
6115636462
6115637872
6115638152
6115638242
6115641532
6115642462
6115643962
6115645582
6115645832
6115646822
6115703832
6115952032
6115998082
6116546682
6116622662
6116739762
6116777412
6116800162
6116807382
6116840212
6116849592
6116861682
6116884402
6116884562
6116884572
6116884592
6116885702
6116885982
6116887092
6116887492
6116887982
6116888062
6116888082
6116888542
6116888552
6116888862
6116889712
6116889872
6116889892
6116889972
6116890772
6116891882
6116892022
6116892332
6116892372
6116892582
6116892622
6116892722
6116894432
6116895882
6116895902
6116895932
6116897062
6116898842
6116900042
6116900292
6116900602
6116902922
6116903782
6116903872
6116904442
6116904492
6116904562
6116905522
6116905532
6116907612
6116908392
6116909152
6116911122
6116911482
6116911922
6116912342
6116913502
6116913742
6116914042
6116914072
6116914762
6116918092
6116919672
6116920352
6116920892
6116921052
6116922152
6116923272
6116923322
6116923522
6116923572
6116924432
6116924702
6116924722
6116925212
6116925762
6116925792
6116925882
6116925972
6116926452
6116926492
6116926612
6116926662
6116927142
6116927162
6116927252
6116927362
6116927972
6116927982
6116928362
6116928442
6116928642
6116928652
6116928702
6116928732
6116928902
6116929002
6116929032
6116929042
6116929232
6116929342
6116929422
6116929572
6116930182
6116930212
6116930232
6116930242
6116930422
6116930462
6116930752
6116930762
6116931952
6116932532
6116932672
6116932732
6116933062
6116933262
6116933392
6116933472
6116933562
6116933682
6116933712
6116933882
6116934012
6116934032
6116934172
6116934542
6116934692
6116935192
6116935592
6116936132
6116936452
6116936722
6116936762
6116936832
6116937162
6116937592
6116937612
6116937842
6116937912
6116937952
6116937992
6116938072
6116938442
6116938512
6116938612
6116938662
6116939052
6116939082
6116939202
6116939502
6116939552
6116939582
6116939732
6116939782
6116939792
6116939962
6116940312
6116941132
6116941142
6116941252
6116941652
6116941662
6116941882
6116942042
6116942952
6116942982
6116943082
6116943342
6116943572
6116943632
6116944072
6116944412
6116944482
6116944502
6116944542
6116944722
6116944792
6116944962
6116945292
6116945322
6116945982
6116946032
6116946052
6116946272
6116946562
6116946642
6116946682
6116946882
6116946962
6116947332
6116947342
6116947422
6116947622
6116947642
6116947782
6116948032
6116948282
6116948452
6116948542
6116948712
6116948912
6116948992
6116949352
6116949392
6116949742
6116949772
6117063772
6117419132
6117509872
6117704332
6117752052
6117817412
6117817812
6117955442
6118025202
6118025362
6118041562
6118050452
6118063812
6118078612
6118082522
6118083222
6118083462
6118083842
6118083892
6118084742
6118084832
6118086402
6118088252
6118088312
6118088452
6118088712
6118088792
6118089572
6118089592
6118090002
6118090702
6118090952
6118091282
6118091292
6118091982
6118092152
6118092382
6118092612
6118092802
6118093002
6118093202
6118093462
6118093522
6118093562
6118093572
6118094612
6118094822
6118095032
6118098332
6118098472
6118099222
6118100162
6118100252
6118100332
6118100392
6118100832
6118101152
6118101512
6118101542
6118102072
6118102352
6118103372
6118103722
6118103942
6118103982
6118104082
6118104952
6118105172
6118105542
6118106332
6118106682
6118108992
6118109122
6118109282
6118112702
6118113112
6118188122
6118209732
6118424262
6118461052
6118551812
6118563182
6118627942
6118628482
6118685092
6118954852
6118955542
6118955662
6118956852
6118956932
6118956962
6118957712
6118958702
6118959342
6118959832
6118960212
6118963982
6118966732
6118968452
6118972162
6118975492
6118976332
6118976562
6118978972
6118979592
6118979722
6118980242
6118981482
6118981842
6118982812
6118984712
6118985742
6118986552
6118986962
6118987392
6118987592
6118988022
6118988302
6118988922
6118989152
6118989322
6118993412
6119001862
6119002782
6119003292
6119003362
6119003972
6119004552
6119005992
6119006402
6119006452
6119018472
6119121802
6119142842
6119144432
6119319202
6119652132
6119877102
6119904762
6119912192
6119912332
6119940902
6119954092
6119955202
6119956032
6119956072
6119956662
6119956682
6119957412
6119958332
6119959582
6119961342
6119962152
6119962722
6119962832
6119963322
6119963362
6119963762
6119963962
6119965322
6119965422
6119968092
6120151322
6120202652
6120388852
6120389562
6120512222
6120733412
6120762162
6121022812
6121024582
6121032362
6121036672
6121037862
6121063232
6121064112
6121064822
6121065672
6121065792
6121067322
6121067492
6121067732
6121068102
6121068282
6121068472
6121068542
6121068652
6121069062
6121069232
6121069852
6121070322
6121070862
6121071182
6121071672
6121073362
6121077552
6121078682
6121080022
6121084282
6121084492
6121085312
6121086292
6121086522
6121086842
6121087382
6121089672
6121093122
6121095152
6121097392
6121098732
6121099242
6121099832
6121101212
6121101322
6121101802
6121102142
6121102372
6121102422
6121105832
6121107112
6121107212
6121107302
6121111722
6121113162
6121113342
6121116522
6121116892
6121117102
6121117632
6121117772
6121120112
6121124732
6121124762
6121126372
6121131692
6121133812
6121319032
6121371402
6121383752
6121428452
6121544982
6122117382
6122153342
6122154352
6122183642
6122267582
6122279052
6122279232
6122280062
6122280192
6122281722
6122282972
6122284512
6122285122
6122286072
6122286282
6122286622
6122287552
6122289082
6122289172
6122289932
6122290032
6122291032
6122291632
6122292372
6122293602
6122293972
6122294292
6122294822
6122295172
6122295182
6122295402
6122296552
6122296642
6122297362
6122297762
6122297962
6122298162
6122298792
6122299712
6122299842
6122300252
6122301752
6122304102
6122304672
6122305932
6122306512
6122307372
6122307712
6122308212
6122308452
6122309022
6122310502
6122311962
6122314602
6122483132
6122563092
6122785852
6122959352
6123045992
6123050412
6123071782
6123082712
6123083732
6123084982
6123154762
6123380142
6123380382
6123382592
6123387102
6123437632
6123445122
6123447932
6123648292
6123676002
6123685442
6123998992
6124082132
6124248802
6124529522
6124655972
6124656202
6124656232
6124656602
6124656792
6124656882
6124658742
6124658882
6124659102
6124660052
6124660902
6124660972
6124661112
6124661312
6124662872
6124663582
6124663762
6124664352
6124665902
6124665952
6124666662
6124666852
6124667222
6124667532
6124668702
6124669402
6124670642
6124670732
6124670882
6124671822
6124672122
6124672512
6124672522
6124672562
6124672592
6124672672
6124672942
6124673492
6124673882
6124673912
6124674042
6124674152
6124674302
6124674552
6124674572
6124675752
6124676142
6124676622
6124676802
6124677122
6124677132
6124677182
6124677202
6124677232
6124677272
6124677292
6124677372
6124677392
6124677402
6124677412
6124677422
6124677572
6124679292
6124681852
6124682562
6124682642
6124682952
6124683122
6124683802
6124683842
6124684432
6124684502
6124686422
6124686452
6124686812
6124687102
6124687612
6124727032
6124967352
6124971992
6125004022
6125004942
6125342862
6125343082
6125383522
6125437942
6125551892
6125698752
6125757702
6125777232
6125777362
6125777912
6125778432
6125778782
6125779612
6125779622
6125779732
6125779922
6125779932
6125780332
6125780782
6125780852
6125781432
6125781882
6125782962
6125783212
6125784812
6125784822
6125785032
6125785122
6125785302
6125785772
6125786592
6125786842
6125787002
6125787492
6125787502
6125787582
6125788382
6125788502
6125788642
6125788682
6125789032
6125789792
6125789812
6125789832
6125790092
6125790122
6125790342
6125790412
6125790632
6125790882
6125790912
6125790982
6125791132
6125791242
6125791482
6125791632
6125792552
6125792622
6125792832
6125793012
6125793712
6125793722
6125793752
6125793822
6125794302
6125794582
6125794682
6125794862
6125794942
6125795182
6125795232
6125795312
6125795732
6125796382
6125796452
6125796652
6125796772
6125796922
6125798152
6125798432
6125798482
6125798692
6125798752
6125798772
6125799362
6125799732
6125799752
6125800162
6125800262
6125800282
6125800622
6125800642
6125800742
6125801032
6125801092
6125801122
6125801222
6125803162
6125804842
6125805712
6125805762
6125805932
6125806452
6125806992
6125809262
6125809562
6125813952
6125901892
6125976762
6125976772
6125976842
6125976852
6125976982
6125977522
6126064742
6126091982
6126653572
6126702972
6126834142
6126835422
6126840302
6126840562
6126856122
6126856542
6126864252
6126872252
6126888932
6126888972
6126889562
6126890272
6126890302
6126890342
6126890382
6126890412
6126890572
6126890762
6126891242
6126892632
6126892712
6126892972
6126892982
6126893162
6126893552
6126893662
6126893742
6126893902
6126894302
6126894662
6126894802
6126894912
6126894952
6126896272
6126896692
6126899492
6126899612
6126900082
6126900132
6126900752
6126902312
6126902672
6126902702
6126903292
6126903382
6126903972
6126905852
6126906912
6126910052
6126910612
6126911002
6126911022
6126915132
6126916022
6126916612
6126916642
6126917282
6126917292
6126918422
6126919582
6126984032
6127134242
6127139552
6127153032
6127265132
6127869192
6127877452
6127878482
6127880102
6127884782
6127888652
6127891572
6127895782
6127896942
6127898842
6127903082
6127903402
6128070982
6128108392
6128275722
6128298892
6128310062
6128396012
6128413552
6128546952
6128916502
6128921222
6128995872
6128996482
6128996572
6128997392
6128997662
6128998472
6128998772
6129000412
6129001322
6129002332
6129002342
6129002392
6129003212
6129003402
6129004032
6129004122
6129005342
6129005922
6129007382
6129007572
6129007582
6129007592
6129007602
6129007632
6129007662
6129007672
6129007862
6129008252
6129009692
6129009782
6129010942
6129010972
6129011642
6129011712
6129012452
6129012502
6129012822
6129012832
6129012862
6129013532
6129013932
6129014462
6129015032
6129016382
6129016552
6129016802
6129017892
6129019972
6129021612
6129024822
6129029232
6129030492
6129034152
6129034692
6129037572
6129038502
6129038782
6129039232
6129040132
6129040512
6129040562
6129180232
6129233662
6129480122
6129644952
6129665622
6129665902
6129809582
6129988692
6129993922
6130117282
6130124602
6130129552
6130131332
6130133562
6130134632
6130136152
6130154232
6130154332
6130175302
6130205472
6130205532
6130205572
6130205842
6130205972
6130206972
6130206982
6130207502
6130207912
6130208382
6130208452
6130211362
6130211572
6130211842
6130212262
6130213152
6130214482
6130216432
6130217072
6130218732
6130219152
6130219392
6130219522
6130220032
6130220422
6130220432
6130221162
6130221242
6130221332
6130221662
6130221882
6130222682
6130222822
6130223062
6130223122
6130223472
6130223582
6130223872
6130225142
6130226102
6130226242
6130226502
6130226552
6130227572
6130227802
6130227962
6130228882
6130229602
6130229612
6130229852
6130230472
6130230842
6130231682
6130232122
6130235742
6130240682
6130415182
6130595592
6130620002
6130646112
6130679282
6130682842
6130707362
6130778432
6130860472
6131081082
6131082502
6131123352
6131183562
6131352472
6131352592
6131353062
6131353082
6131354192
6131354472
6131355342
6131355352
6131355372
6131355382
6131355392
6131355442
6131355452
6131355492
6131355502
6131355512
6131355562
6131355582
6131355592
6131355992
6131357122
6131357922
6131360322
6131364752
6131367382
6131367572
6131367992
6131368162
6131387392
6131419572
6131499462
6131629302
6131630572
6131647172
6131776752
6131842252
6131842492
6131842562
6131842942
6131956732
6132192852
6132294052
6132297992
6132321052
6132359992
6132360262
6132360382
6132360392
6132360422
6132360512
6132360732
6132360822
6132360852
6132361092
6132361472
6132361542
6132361622
6132361642
6132361672
6132361722
6132362162
6132362782
6132362922
6132363022
6132364682
6132364712
6132365192
6132365642
6132366482
6132366612
6132366622
6132367362
6132367452
6132367572
6132367602
6132367762
6132367872
6132367972
6132368612
6132370042
6132370892
6132371442
6132371692
6132371762
6132371802
6132373752
6132374082
6132374602
6132374682
6132375012
6132375032
6132375152
6132375192
6132375722
6132375952
6132376322
6132376602
6132376812
6132377122
6132377332
6132378012
6132378312
6132378632
6132378782
6132379002
6132379122
6132379652
6132380062
6132380332
6132380572
6132381482
6132381652
6132382292
6132382942
6132385442
6132385942
6132386642
6132386712
6132386782
6132392072
6132419932
6132471972
6132579082
6132653612
6132714622
6132715532
6132818312
6132972112
6133016902
6133256332
6133302782
6133304132
6133343242
6133356972
6133360402
6133419422
6133419572
6133459652
6133490272
6133500642
6133501032
6133504822
6133520242
6133547432
6133547512
6133547722
6133547902
6133548102
6133549182
6133552372
6133552402
6133553002
6133553172
6133553372
6133553512
6133553682
6133554112
6133554552
6133555042
6133555262
6133555422
6133555982
6133556422
6133557022
6133557272
6133557822
6133557922
6133559312
6133560082
6133560462
6133560532
6133560922
6133562222
6133563882
6133564102
6133564112
6133565282
6133565372
6133565572
6133566122
6133566602
6133567072
6133567632
6133567732
6133567962
6133569302
6133569822
6133570472
6133570822
6133571422
6133572232
6133574092
6133574972
6133575262
6133575302
6133575462
6133576512
6133576522
6133576882
6133576922
6133577252
6133577352
6133578292
6133578322
6133578352
6133578522
6133579082
6133579092
6133579332
6133579892
6133580752
6133580912
6133581442
6133582392
6133587562
6133589322
6133589532
6133591892
6133592112
6133597702
6133607282
6133791962
6133799752
6133800292
6133813522
6133820522
6133840442
6133873482
6134005282
6134008662
6134209092
6134385412
6134390722
6134457912
6134499932
6134550762
6134693742
6134760032
6134760042
6134762922
6134763312
6134763622
6134801572
6134802432
6134851532
6134851652
6134901702
6134943002
6134966312
6134991052
6134991542
6134992652
6134993482
6134993682
6134993862
6134994102
6134994292
6134994602
6134996422
6134996442
6134996722
6134998312
6134998482
6134998622
6134998822
6134999022
6134999452
6135000052
6135002342
6135002432
6135002822
6135003602
6135003952
6135004442
6135004682
6135004692
6135004772
6135004942
6135006012
6135006952
6135007312
6135007402
6135007492
6135007532
6135007612
6135007802
6135007912
6135008022
6135009672
6135009772
6135011172
6135011212
6135011232
6135012102
6135014102
6135014122
6135014262
6135014602
6135014662
6135015332
6135015362
6135015482
6135016462
6135019332
6135020622
6135023902
6135026422
6135031872
6135032342
6135032362
6135032792
6135034052
6135070962
6135294992
6135686052
6135694232
6135745042
6135745162
6135757742
6135781632
6135816162
6135917982
6136056192
6136082252
6136094632
6136143692
6136148452
6136155032
6136190302
6136312632
6136315232
6136316932
6136318332
6136318522
6136319022
6136320462
6136321582
6136324722
6136324912
6136325352
6136325642
6136326102
6136326192
6136327672
6136328382
6136328452
6136328712
6136329612
6136329802
6136330032
6136330452
6136357782
6136413362
6136413502
6136414942
6136416392
6136417732
6136423362
6136451302
6136451332
6136461442
6136461462
6136598302
6136629242
6136665782
6136766872
6136917962
6136937252
6136940522
6136976222
6137047872
6137050392
6137113552
6137121082
6137205932
6137374762
6137383232
6137386772
6137409862
6137409962
6137412282
6137412872
6137413072
6137413212
6137413282
6137413452
6137413532
6137413592
6137413742
6137413852
6137413882
6137414162
6137415502
6137416382
6137417062
6137417722
6137417752
6137421212
6137422302
6137423672
6137424672
6137424972
6137425392
6137426202
6137426242
6137426632
6137426702
6137427262
6137427342
6137427962
6137428072
6137428162
6137428242
6137428432
6137428812
6137428822
6137428982
6137430042
6137430172
6137430512
6137430602
6137430692
6137431402
6137431882
6137432392
6137432492
6137432532
6137432762
6137433302
6137433442
6137433532
6137433602
6137433972
6137434052
6137434142
6137434182
6137435092
6137435182
6137435342
6137435462
6137435612
6137435722
6137435812
6137435832
6137435912
6137436222
6137436522
6137436622
6137436632
6137436682
6137436712
6137436912
6137437562
6137437702
6137438032
6137438302
6137438542
6137438612
6137438842
6137439532
6137439722
6137441252
6137443842
6137445962
6137446182
6137448292
6137450242
6137451382
6137454182
6137454632
6137455582
6137455762
6137456032
6137467912
6137643962
6137644252
6137710792
6137800992
6138069852
6138073122
6138089302
6138092592
6138093202
6138095712
6138104302
6138105302
6138126482
6138218842
6138226592
6138333682
6138344852
6138344882
6138356322
6138379852
6138387512
6138392212
6138397302
6138415802
6138415842
6138418262
6138418292
6138419612
6138424352
6138439642
6138469942
6138469962
6138470322
6138470882
6138471162
6138473112
6138473182
6138473342
6138473432
6138473442
6138473462
6138473532
6138473552
6138473562
6138473572
6138473612
6138473762
6138474402
6138474512
6138474542
6138474562
6138474692
6138475392
6138476552
6138476572
6138477062
6138477262
6138477352
6138477692
6138478342
6138478472
6138479082
6138479642
6138480532
6138480602
6138480792
6138480892
6138482552
6138482682
6138483272
6138483602
6138484042
6138484352
6138484422
6138485432
6138485642
6138485832
6138485862
6138486062
6138486172
6138486322
6138486482
6138486962
6138487702
6138487932
6138488222
6138488272
6138488332
6138488442
6138489002
6138489252
6138490302
6138490652
6138490752
6138490822
6138490872
6138490952
6138492092
6138492922
6138494262
6138494552
6138494802
6138495272
6138495352
6138495522
6138495752
6138496332
6138496342
6138496472
6138496702
6138496992
6138497012
6138497432
6138498082
6138498142
6138500112
6138501062
6138501732
6138502762
6138503552
6138504502
6138505012
6138505152
6138506202
6138506222
6138506482
6138506492
6138506522
6138506562
6138506572
6138506652
6138506792
6138507632
6138510802
6138602962
6138613912
6138682052
6138876192
6138960362
6138962252
6139101622
6139260002
6139284082
6139356432
6139372372
6139376172
6139442432
6139457152
6139458152
6139464472
6139477622
6139478102
6139478962
6139479012
6139479562
6139479902
6139479942
6139480292
6139480392
6139480572
6139480742
6139481132
6139481222
6139481382
6139481772
6139481782
6139482732
6139483362
6139483872
6139483962
6139485102
6139485172
6139485802
6139485992
6139563092
6139586312
6139682822
6139738382
6139826562
6139827202
6139828882
6139849202
6139852012
6139852592
6139853072
6139855362
6139855702
6139861242
6139866922
6139951262
6140032902
6140033522
6140036712
6140046962
6140141942
6140174382
6140174392
6140182712
6140213462
6140214842
6140223762
6140274472
6140288732
6140295172
6140298262
6140298842
6140337382
6140337402
6140341412
6140342402
6140343172
6140343472
6140343542
6140343772
6140343902
6140344012
6140344312
6140344322
6140344612
6140344642
6140344912
6140345252
6140345402
6140345902
6140345912
6140346052
6140346182
6140346252
6140346292
6140346342
6140346862
6140346872
6140346902
6140347002
6140347022
6140347482
6140347612
6140347622
6140347902
6140348312
6140348852
6140349032
6140349102
6140349502
6140349592
6140349702
6140349812
6140350432
6140350902
6140350992
6140351102
6140351522
6140351662
6140351982
6140352072
6140352272
6140352312
6140352462
6140352562
6140353392
6140353432
6140353512
6140353522
6140353582
6140353612
6140353682
6140353702
6140353842
6140353982
6140354032
6140354182
6140354392
6140354692
6140354732
6140354782
6140354802
6140354952
6140354982
6140355012
6140355022
6140355172
6140355182
6140355292
6140355412
6140355702
6140355922
6140356112
6140356162
6140356192
6140356232
6140356452
6140357202
6140357662
6140357682
6140360042
6140360162
6140361242
6140361312
6140361542
6140361992
6140362282
6140362322
6140363802
6140364122
6140364242
6140364382
6140364402
6140364512
6140364652
6140365022
6140365082
6140365102
6140365112
6140365132
6140365262
6140365662
6140385622
6140418642
6140525462
6140537522
6140558522
6140604052
6140727892
6140741552
6140748972
6140749952
6140772342
6140820202
6140821112
6140821662
6140821822
6140875432
6141068032
6141102412
6141114082
6141114772
6141117022
6141117132
6141128822
6141139142
6141141722
6141146242
6141190042
6141190982
6141195872
6141196172
6141197032
6141201502
6141213092
6141227262
6141227322
6141227362
6141227482
6141227932
6141228472
6141228552
6141228652
6141228722
6141228772
6141229152
6141229202
6141229452
6141229692
6141229722
6141230022
6141230042
6141230132
6141230262
6141230302
6141230542
6141230572
6141230682
6141231022
6141231032
6141231142
6141231292
6141231392
6141231472
6141231492
6141231802
6141231822
6141231982
6141232292
6141232332
6141232472
6141232822
6141233002
6141233212
6141233382
6141234092
6141234872
6141235152
6141235322
6141235402
6141235482
6141237182
6141237262
6141237272
6141237322
6141237542
6141237592
6141237692
6141238022
6141238412
6141238652
6141238812
6141238822
6141238902
6141239542
6141240052
6141240112
6141240392
6141241582
6141241942
6141242072
6141242352
6141243022
6141243162
6141243172
6141243272
6141244682
6141245422
6141253622
6141254942
6141255302
6141256022
6141256242
6141256542
6141257102
6141257112
6141257432
6141257492
6141257702
6141258332
6141258342
6141258372
6141258792
6141270812
6141393082
6141432752
6141442122
6141470622
6141599212
6141666102
6141683152
6141696542
6141715412
6141782642
6141784662
6141805172
6141864862
6141869502
6141878472
6141912312
6141912462
6141916802
6141926002
6141927112
6141933332
6141992202
6141994062
6142045212
6142068162
6142072122
6142079422
6142089622
6142126282
6142129652
6142141822
6142142302
6142163662
6142164972
6142165022
6142165032
6142165052
6142165302
6142165502
6142165512
6142165602
6142165642
6142165752
6142166012
6142166042
6142166142
6142166152
6142166252
6142166282
6142166292
6142166342
6142166382
6142166702
6142166822
6142167012
6142167122
6142167172
6142167242
6142167552
6142167582
6142167772
6142167912
6142168022
6142168072
6142168312
6142168342
6142168422
6142168492
6142169092
6142169402
6142169682
6142169802
6142169972
6142170052
6142170332
6142170342
6142170522
6142171012
6142171022
6142171112
6142171932
6142172052
6142172132
6142172212
6142172312
6142172532
6142172792
6142172962
6142173162
6142173212
6142175322
6142175442
6142175972
6142176122
6142176142
6142176212
6142176242
6142176252
6142176262
6142176292
6142179672
6142193012
6142236652
6142272282
6142272292
6142300542
6142323542
6142323812
6142325322
6142339582
6142350872
6142355362
6142381012
6142382772
6142430702
6142435172
6142435882
6142437272
6142438482
6142458542
6142506972
6142539782
6142583212
6142636742
6142650122
6142714392
6142778222
6142784872
6142787052
6142820312
6142826612
6142829962
6142839922
6142858462
6142886982
6142901622
6142945572
6142965652
6142974472
6142974482
6142974592
6142974782
6142974862
6142975702
6142975712
6142976082
6142976582
6142977732
6142977942
6142978242
6142978842
6142978852
6142978962
6142979022
6142979032
6142979042
6142979052
6142979152
6142979182
6142979272
6142979692
6142980152
6142980892
6142980902
6142981012
6142981062
6142981072
6142981112
6142981142
6142981262
6142981312
6142981322
6142982202
6142982222
6142983352
6142983492
6143012592
6143013722
6143015052
6143031992
6143050192
6143129582
6143134292
6143137622
6143156222
6143166632
6143174082
6143260392
6143284492
6143284812
6143286662
6143287202
6143339492
6143349252
6143376722
6143389442
6143411542
6143417192
6143417292
6143417632
6143427072
6143427942
6143428652
6143429202
6143429602
6143442832
6143447732
6143476522
6143477102
6143500982
6143582972
6143583222
6143583362
6143598142
6143631312
6143660052
6143661672
6143662402
6143664202
6143665942
6143666182
6143666802
6143667072
6143681052
6143688002
6143694412
6143704102
6143704132
6143713072
6143720762
6143763892
6143770622
6143773592
6143773772
6143773822
6143773872
6143773952
6143773972
6143773982
6143774302
6143774432
6143774612
6143775122
6143775312
6143775392
6143775622
6143775772
6143775842
6143776012
6143776152
6143777352
6143777412
6143777852
6143778062
6143778132
6143778142
6143778422
6143778612
6143778802
6143778812
6143778912
6143779052
6143779602
6143779622
6143779652
6143779792
6143780392
6143780672
6143781372
6143781482
6143781492
6143781812
6143781982
6143782592
6143782662
6143782812
6143782852
6143783432
6143783632
6143783892
6143783912
6143784022
6143784032
6143784352
6143784372
6143784492
6143784602
6143784642
6143784802
6143784902
6143784972
6143785022
6143785672
6143785882
6143786012
6143786102
6143786802
6143786812
6143787522
6143787632
6143787752
6143787982
6143788112
6143788752
6143788762
6143788992
6143789292
6143789492
6143790112
6143790152
6143790292
6143790752
6143790892
6143791452
6143791662
6143791972
6143792012
6143792052
6143792322
6143792612
6143792732
6143792912
6143793652
6143794212
6143794572
6143795242
6143796502
6143800192
6143828012
6143828022
6143828052
6143870202
6143908152
6143973702
6143984042
6144023202
6144039592
6144041042
6144042732
6144042932
6144069032
6144093352
6144109162
6144114292
6144126452
6144155202
6144156972
6144192762
6144204312
6144223942
6144228612
6144254072
6144258482
6144273042
6144283562
6144285522
6144290972
6144321272
6144325562
6144332942
6144357452
6144367462
6144373532
6144381002
6144381822
6144386772
6144411442
6144422192
6144427232
6144428502
6144429902
6144430742
6144430752
6144431392
6144432592
6144432892
6144432912
6144433172
6144433812
6144434642
6144435282
6144435352
6144439392
6144467182
6144472972
6144473282
6144477762
6144478772
6144494252
6144528912
6144622692
6144641322
6144749362
6144775222
6144790742
6144791092
6144797552
6144798142
6144800382
6144881702
6144894262
6144920602
6144947572
6144950462
6144951862
6144958732
6144966942
6144969802
6144973772
6144975412
6144978922
6144981812
6144984362
6144989652
6144999472
6144999992
6145007312
6145013532
6145013542
6145013562
6145013572
6145013592
6145013602
6145016202
6145019602
6145020122
6145025822
6145027142
6145037222
6145047722
6145047752
6145049752
6145050892
6145051272
6145051372
6145052572
6145055022
6145055112
6145055222
6145055912
6145055952
6145056012
6145056082
6145056102
6145056142
6145056172
6145056302
6145056392
6145056482
6145056492
6145056502
6145056652
6145056752
6145056822
6145056842
6145057042
6145057102
6145057312
6145057622
6145057652
6145057732
6145057782
6145065072
6145067242
6145067982
6145068112
6145070232
6145070372
6145070422
6145070522
6145070672
6145070722
6145070762
6145070782
6145070792
6145070902
6145070962
6145071012
6145071042
6145071052
6145071072
6145071082
6145071102
6145071132
6145071162
6145071192
6145071222
6145071242
6145071332
6145071362
6145071462
6145071572
6145071822
6145072362
6145072372
6145072472
6145072672
6145073202
6145073632
6145074402
6145074742
6145074812
6145075322
6145075792
6145076082
6145076142
6145076262
6145076402
6145076582
6145077882
6145077972
6145078032
6145078242
6145078272
6145078532
6145078562
6145078622
6145079702
6145079832
6145079982
6145083312
6145090382
6145117562
6145144312
6145154542
6145166472
6145250542
6145285192
6145310532
6145362192
6145370942
6145389672
6145406362
6145418972
6145447012
6145449432
6145460202
6145460822
6145463182
6145473272
6145473762
6145505862
6145550122
6145555442
6145591092
6145608272
6145620192
6145632832
6145646032
6145646742
6145664552
6145670202
6145671062
6145671122
6145672082
6145674222
6145675282
6145681022
6145681852
6145685292
6145687482
6145688732
6145690592
6145691142
6145694562
6145698782
6145702532
6145705782
6145706342
6145706522
6145707952
6145708222
6145712122
6145714822
6145716352
6145718702
6145718802
6145720362
6145720552
6145720712
6145721252
6145721892
6145722452
6145722472
6145722482
6145722492
6145722502
6145723932
6145725082
6145725442
6145726052
6145726652
6145727802
6145727982
6145731762
6145732492
6145733022
6145733122
6145734212
6145734582
6145734592
6145734602
6145734632
6145734652
6145734662
6145734682
6145734692
6145734702
6145734742
6145734752
6145734792
6145734812
6145734842
6145734872
6145734882
6145734902
6145734912
6145734942
6145734952
6145735012
6145735042
6145735062
6145735072
6145735122
6145735172
6145735192
6145735232
6145735242
6145735252
6145735292
6145735322
6145735392
6145735432
6145735512
6145735532
6145735542
6145735662
6145735672
6145735682
6145735762
6145735772
6145735792
6145735802
6145735812
6145735862
6145735892
6145735932
6145735982
6145736062
6145736072
6145736092
6145736122
6145736152
6145736172
6145736262
6145736372
6145736392
6145736402
6145736432
6145736462
6145736502
6145736642
6145736672
6145736682
6145736702
6145736732
6145736752
6145736812
6145736832
6145736842
6145736862
6145736872
6145736912
6145736982
6145737042
6145737122
6145737232
6145737252
6145737302
6145737342
6145737382
6145737412
6145737502
6145737762
6145737852
6145737862
6145737902
6145737952
6145737962
6145738142
6145738152
6145738282
6145738372
6145738382
6145738422
6145738452
6145738662
6145738682
6145738942
6145739282
6145739322
6145739402
6145739452
6145739482
6145739802
6145739812
6145739892
6145739942
6145739962
6145740042
6145740082
6145740222
6145740282
6145740372
6145740382
6145740392
6145740412
6145740982
6145741092
6145741112
6145741252
6145741282
6145741302
6145741402
6145741432
6145741442
6145741472
6145741522
6145741562
6145741672
6145741842
6145741982
6145742262
6145742432
6145742522
6145742792
6145743032
6145743222
6145743722
6145743742
6145743802
6145744712
6145744872
6145745062
6145745312
6145745372
6145745472
6145745562
6145745572
6145745712
6145745832
6145746172
6145746252
6145746402
6145746432
6145746612
6145746642
6145746842
6145747062
6145747132
6145747172
6145747232
6145747282
6145747482
6145747542
6145747592
6145748052
6145748202
6145748392
6145748442
6145748452
6145748812
6145748932
6145749162
6145749342
6145749552
6145749562
6145749582
6145749812
6145750482
6145750492
6145750682
6145750692
6145750812
6145750872
6145750992
6145751032
6145751472
6145751482
6145751542
6145751602
6145751692
6145751752
6145751762
6145751802
6145751812
6145751832
6145751852
6145751872
6145751952
6145752012
6145752212
6145752232
6145752302
6145752902
6145753192
6145753652
6145753852
6145754202
6145754952
6145755012
6145755192
6145755882
6145756172
6145756242
6145756702
6145756732
6145756872
6145757032
6145757282
6145757292
6145757662
6145758072
6145758762
6145759092
6145759232
6145759532
6145759782
6145760282
6145760352
6145760652
6145760712
6145762192
6145765522
6145765582
6145765592
6145765602
6145765612
6145765642
6145765652
6145765872
6145765942
6145766522
6145769772
6145777362
6145779702
6145780002
6145780952
6145781212
6145783422
6145784422
6145784722
6145787422
6145792532
6145795062
6145803852
6145855572
6145935722
6146123382
6146153562
6146164742
6146171482
6146173802
6146335052
6146379112
6146386052
6146397372
6146429702
6146456072
6146459382
6146485012
6146492972
6146495822
6146500682
6146507472
6146508482
6146510442
6146520112
6146538482
6146545922
6146550162
6146551842
6146552022
6146552422
6146556562
6146556712
6146559972
6146561572
6146561922
6146566682
6146568562
6146570212
6146571602
6146571972
6146573902
6146574782
6146574842
6146575172
6146576202
6146577462
6146577592
6146577732
6146577972
6146578072
6146578322
6146578422
6146579862
6146580542
6146580762
6146581962
6146582012
6146582222
6146582782
6146582812
6146582902
6146582932
6146583042
6146583192
6146583212
6146583592
6146583622
6146583872
6146583962
6146584312
6146584622
6146584902
6146585112
6146585142
6146585152
6146585162
6146585172
6146585192
6146585202
6146585232
6146585252
6146585272
6146585292
6146585302
6146585312
6146585322
6146585332
6146585342
6146585352
6146585362
6146585372
6146585382
6146585392
6146585402
6146585432
6146585442
6146585452
6146585482
6146585492
6146585512
6146585542
6146585552
6146585562
6146585572
6146585582
6146585602
6146585622
6146585632
6146585642
6146585652
6146585672
6146585702
6146585712
6146585732
6146585742
6146585752
6146585792
6146585802
6146585822
6146585832
6146585852
6146585902
6146585932
6146585942
6146585952
6146585962
6146585972
6146585992
6146586002
6146586012
6146586032
6146586042
6146586052
6146586072
6146586082
6146586112
6146586142
6146586152
6146586172
6146586182
6146586192
6146586202
6146586212
6146586232
6146586242
6146586252
6146586262
6146586272
6146586282
6146586312
6146586352
6146586402
6146586412
6146586422
6146586432
6146586462
6146586492
6146586502
6146586532
6146586552
6146586562
6146586572
6146586602
6146586612
6146586692
6146586712
6146586722
6146586752
6146586762
6146586792
6146586802
6146586812
6146586822
6146586832
6146586842
6146586852
6146586862
6146586872
6146586882
6146586902
6146586912
6146586922
6146586932
6146586962
6146586972
6146586992
6146587002
6146587012
6146587022
6146587032
6146587042
6146587052
6146587062
6146587082
6146587092
6146587102
6146587112
6146587122
6146587142
6146587152
6146587162
6146587172
6146587202
6146587232
6146587252
6146587262
6146587272
6146587282
6146587302
6146587312
6146587322
6146587332
6146587372
6146587382
6146587402
6146587412
6146587432
6146587452
6146587472
6146587482
6146587502
6146587512
6146587522
6146587532
6146587542
6146587572
6146587582
6146587612
6146587622
6146587642
6146587652
6146587662
6146587672
6146587682
6146587712
6146587722
6146587752
6146587762
6146587772
6146587782
6146587802
6146587832
6146587842
6146587852
6146587862
6146587892
6146587912
6146587922
6146587962
6146587972
6146587982
6146587992
6146588002
6146588012
6146588022
6146588032
6146588042
6146588062
6146588102
6146588112
6146588122
6146588132
6146588172
6146588182
6146588202
6146588212
6146588232
6146588242
6146588252
6146588262
6146588272
6146588282
6146588292
6146588302
6146588312
6146588322
6146588342
6146588352
6146588362
6146588382
6146588412
6146588422
6146588442
6146588452
6146588462
6146588482
6146588502
6146588522
6146588532
6146588562
6146588592
6146588622
6146588632
6146588642
6146588662
6146588672
6146588682
6146588692
6146588702
6146588722
6146588732
6146588742
6146588762
6146588772
6146588782
6146588812
6146588822
6146588842
6146588862
6146588882
6146588892
6146588922
6146588932
6146588962
6146588982
6146588992
6146589012
6146589022
6146589032
6146589042
6146589052
6146589062
6146589082
6146589092
6146589102
6146589112
6146589152
6146589182
6146589192
6146589222
6146589262
6146589292
6146589312
6146589332
6146589352
6146589362
6146589392
6146589412
6146589432
6146589452
6146589462
6146589472
6146589482
6146589492
6146589512
6146589542
6146589552
6146589562
6146589582
6146589592
6146589602
6146589612
6146589622
6146589632
6146589652
6146589662
6146589682
6146589692
6146589702
6146589722
6146589732
6146589742
6146589762
6146589782
6146589792
6146589802
6146589822
6146589832
6146589842
6146589862
6146589872
6146589902
6146589912
6146589922
6146589932
6146589942
6146589962
6146589972
6146589982
6146589992
6146590002
6146590012
6146590022
6146590032
6146590042
6146590052
6146590072
6146590092
6146590102
6146590122
6146590132
6146590142
6146590162
6146590172
6146590182
6146590192
6146590222
6146590232
6146590242
6146590252
6146590272
6146590292
6146590312
6146590322
6146590332
6146590342
6146590352
6146590372
6146590382
6146590402
6146590422
6146590432
6146590452
6146590462
6146590472
6146590492
6146590502
6146590512
6146590522
6146590532
6146590552
6146590562
6146590572
6146590582
6146590602
6146590632
6146590652
6146590662
6146590672
6146590682
6146590692
6146590702
6146590712
6146590722
6146590742
6146590752
6146590772
6146590782
6146590792
6146590802
6146590822
6146590842
6146590852
6146590872
6146590882
6146590902
6146590912
6146590932
6146590942
6146590952
6146590982
6146590992
6146591002
6146591012
6146591032
6146591042
6146591072
6146591082
6146591092
6146591112
6146591122
6146591132
6146591142
6146591162
6146591172
6146591202
6146591212
6146591232
6146591252
6146591262
6146591312
6146591322
6146591332
6146591372
6146591382
6146591392
6146591402
6146591412
6146591422
6146591432
6146591442
6146591462
6146591472
6146591492
6146591502
6146591512
6146591522
6146591542
6146591552
6146591562
6146591572
6146591582
6146591592
6146591602
6146591612
6146591632
6146591642
6146591652
6146591662
6146591692
6146591702
6146591712
6146591722
6146591732
6146591742
6146591772
6146591802
6146591812
6146591822
6146591832
6146591872
6146591882
6146591892
6146591902
6146591912
6146591922
6146591932
6146591942
6146591952
6146591962
6146591972
6146591992
6146592022
6146592032
6146592052
6146592062
6146592072
6146592082
6146592092
6146592102
6146592122
6146592132
6146592142
6146592152
6146592162
6146592172
6146592182
6146592212
6146592232
6146592242
6146592252
6146592262
6146592272
6146592282
6146592292
6146592302
6146592332
6146592342
6146592362
6146592372
6146592382
6146592392
6146592402
6146592412
6146592442
6146592462
6146592492
6146592502
6146592512
6146592532
6146592542
6146592552
6146592572
6146592582
6146592592
6146592602
6146592612
6146592622
6146592642
6146592662
6146592682
6146592702
6146592712
6146592722
6146592732
6146592742
6146592752
6146592762
6146592772
6146592792
6146592802
6146592812
6146592822
6146592842
6146592852
6146592882
6146592902
6146592932
6146592952
6146592962
6146592972
6146592982
6146592992
6146593012
6146593022
6146593032
6146593042
6146593052
6146593072
6146593092
6146593102
6146593112
6146593122
6146593142
6146593152
6146593162
6146593172
6146593182
6146593202
6146593212
6146593222
6146593232
6146593242
6146593272
6146593292
6146593312
6146593322
6146593332
6146593352
6146593362
6146593402
6146593412
6146593432
6146593452
6146593462
6146593472
6146593482
6146593492
6146593502
6146593512
6146593522
6146593532
6146593542
6146593552
6146593572
6146593612
6146593622
6146593632
6146593652
6146593662
6146593672
6146593692
6146593712
6146593722
6146593732
6146593742
6146593762
6146593782
6146593792
6146593812
6146593822
6146593832
6146593852
6146593862
6146593872
6146593882
6146593902
6146593912
6146593922
6146593932
6146593942
6146593952
6146593962
6146593972
6146593982
6146593992
6146594002
6146594012
6146594022
6146594032
6146594042
6146594052
6146594062
6146594072
6146594082
6146594092
6146594102
6146594112
6146594122
6146594142
6146594152
6146594162
6146594172
6146594182
6146594192
6146594202
6146594212
6146594222
6146594252
6146594262
6146594272
6146594282
6146594292
6146594302
6146594322
6146594332
6146594342
6146594352
6146594362
6146594392
6146594402
6146594412
6146594422
6146594432
6146594442
6146594452
6146594462
6146594492
6146594502
6146594532
6146594552
6146594562
6146594572
6146594582
6146594592
6146594602
6146594612
6146594632
6146594642
6146594652
6146594662
6146594672
6146594702
6146594712
6146594722
6146594732
6146594752
6146594762
6146594772
6146594802
6146594832
6146594842
6146594852
6146594862
6146594872
6146594882
6146594892
6146594902
6146594912
6146594922
6146594932
6146594942
6146594952
6146594962
6146594972
6146594992
6146595002
6146595012
6146595022
6146595032
6146595052
6146595062
6146595072
6146595082
6146595092
6146595112
6146595122
6146595142
6146595152
6146595162
6146595172
6146595182
6146595222
6146595232
6146595242
6146595252
6146595262
6146595272
6146595282
6146595302
6146595312
6146595322
6146595332
6146595352
6146595362
6146595372
6146595382
6146595392
6146595402
6146595412
6146595422
6146595432
6146595442
6146595462
6146595472
6146595482
6146595522
6146595542
6146595572
6146595582
6146595602
6146595612
6146595622
6146595632
6146595652
6146595672
6146595682
6146595692
6146595702
6146595722
6146595732
6146595742
6146595752
6146595772
6146595802
6146595832
6146595852
6146595862
6146595892
6146595912
6146595922
6146595952
6146595962
6146595972
6146595982
6146595992
6146596022
6146596042
6146596072
6146596082
6146596092
6146596102
6146596122
6146596132
6146596142
6146596152
6146596162
6146596182
6146596192
6146596232
6146596242
6146596262
6146596272
6146596302
6146596312
6146596322
6146596332
6146596352
6146596372
6146596382
6146596392
6146596402
6146596412
6146596422
6146596442
6146596482
6146596492
6146596532
6146596542
6146596552
6146596582
6146596602
6146596612
6146596622
6146596642
6146596672
6146596692
6146596712
6146596752
6146596782
6146596792
6146596802
6146596822
6146596832
6146596842
6146596852
6146596862
6146596872
6146596892
6146596912
6146596942
6146596952
6146596962
6146596972
6146597002
6146597062
6146597072
6146597082
6146597132
6146597182
6146597192
6146597202
6146597212
6146597232
6146597282
6146597312
6146597322
6146597342
6146597352
6146597382
6146597402
6146597432
6146597482
6146597522
6146597532
6146597542
6146597552
6146597562
6146597582
6146597612
6146597622
6146597652
6146597672
6146597702
6146597722
6146597742
6146597752
6146597762
6146597782
6146597802
6146597842
6146597852
6146597862
6146597892
6146597932
6146597952
6146597972
6146597992
6146598012
6146598032
6146598052
6146598092
6146598112
6146598142
6146598162
6146598172
6146598182
6146598232
6146598262
6146598272
6146598292
6146598312
6146598322
6146598342
6146598352
6146598372
6146598452
6146598512
6146598532
6146598542
6146598592
6146598632
6146598712
6146598752
6146598762
6146598772
6146598832
6146598852
6146598862
6146598892
6146598902
6146598922
6146598942
6146598962
6146598992
6146599032
6146599052
6146599072
6146599102
6146599112
6146599132
6146599152
6146599172
6146599202
6146599272
6146599292
6146599372
6146599382
6146599402
6146599422
6146599432
6146599552
6146599562
6146599632
6146599652
6146599672
6146599682
6146599782
6146599792
6146599802
6146599832
6146599852
6146599862
6146599882
6146599932
6146600002
6146600022
6146600032
6146600042
6146600052
6146600082
6146600092
6146600112
6146600152
6146600162
6146600182
6146600212
6146600222
6146600242
6146600252
6146600262
6146600272
6146600292
6146600312
6146600322
6146600332
6146600342
6146600362
6146600382
6146600392
6146600402
6146600422
6146600472
6146600482
6146600492
6146600522
6146600562
6146600572
6146600592
6146600602
6146600612
6146600622
6146600652
6146600672
6146600682
6146600692
6146600712
6146600722
6146600732
6146600752
6146600772
6146600802
6146600812
6146600822
6146600832
6146600852
6146600872
6146600902
6146600932
6146600962
6146601082
6146601142
6146601162
6146601182
6146601192
6146601202
6146601222
6146601232
6146601242
6146601272
6146601342
6146601352
6146601362
6146601372
6146601392
6146601412
6146601432
6146601442
6146601452
6146601472
6146601502
6146601512
6146601522
6146601532
6146601562
6146601572
6146601592
6146601602
6146601612
6146601632
6146601652
6146601672
6146601682
6146601692
6146601712
6146601732
6146601742
6146601772
6146601782
6146601802
6146601822
6146601842
6146601862
6146601902
6146601912
6146601922
6146601942
6146601952
6146601962
6146601972
6146601992
6146602002
6146602012
6146602032
6146602042
6146602062
6146602082
6146602092
6146602102
6146602112
6146602122
6146602132
6146602142
6146602152
6146602172
6146602212
6146602222
6146602242
6146602252
6146602262
6146602272
6146602292
6146602312
6146602342
6146602352
6146602362
6146602382
6146602402
6146602412
6146602432
6146602452
6146602482
6146602492
6146602502
6146602532
6146602542
6146602572
6146602582
6146602602
6146602632
6146602662
6146602712
6146602722
6146602782
6146602812
6146602842
6146602862
6146602872
6146602902
6146602922
6146602932
6146603002
6146603012
6146603032
6146603042
6146603052
6146603072
6146603082
6146603112
6146603132
6146603182
6146603212
6146603232
6146603262
6146603282
6146603292
6146603322
6146603332
6146603352
6146603362
6146603382
6146603402
6146603432
6146603442
6146603462
6146603472
6146603482
6146603502
6146603522
6146603542
6146603552
6146603582
6146603602
6146603612
6146603632
6146603642
6146603672
6146603682
6146603712
6146603762
6146603772
6146603782
6146603822
6146603832
6146603842
6146603862
6146603872
6146603902
6146603932
6146603972
6146603982
6146604002
6146604032
6146604062
6146604072
6146604082
6146604112
6146604132
6146604152
6146604162
6146604172
6146604182
6146604192
6146604202
6146604242
6146604272
6146604322
6146604342
6146604362
6146604372
6146604402
6146604452
6146604482
6146604542
6146604562
6146604582
6146604592
6146604602
6146604612
6146604622
6146604632
6146604642
6146604652
6146604672
6146604712
6146604732
6146604752
6146604782
6146604802
6146604812
6146604852
6146604862
6146604882
6146604902
6146604912
6146604922
6146604952
6146604962
6146604982
6146605012
6146605032
6146605042
6146605062
6146605082
6146605092
6146605112
6146605132
6146605162
6146605182
6146605202
6146605232
6146605262
6146605272
6146605282
6146605302
6146605312
6146605332
6146605352
6146605362
6146605372
6146605382
6146605412
6146605422
6146605432
6146605442
6146605452
6146605472
6146605522
6146605572
6146605592
6146605602
6146605612
6146605642
6146605692
6146605712
6146605722
6146605792
6146605822
6146605842
6146605872
6146605892
6146605902
6146605942
6146606012
6146606042
6146606082
6146606152
6146606252
6146606262
6146606272
6146606292
6146606412
6146606492
6146606582
6146606612
6146606742
6146606752
6146606802
6146606822
6146606892
6146606942
6146606992
6146607072
6146607102
6146607262
6146607282
6146607392
6146607452
6146607602
6146607612
6146607702
6146607722
6146607742
6146607782
6146607802
6146607832
6146608032
6146608042
6146608052
6146608062
6146608072
6146608082
6146608092
6146608102
6146608112
6146608122
6146608132
6146608142
6146608152
6146608162
6146608172
6146608192
6146608212
6146608342
6146608492
6146608502
6146608552
6146608562
6146608572
6146608592
6146608622
6146608672
6146608692
6146608712
6146608722
6146608732
6146608752
6146608762
6146608772
6146608782
6146608792
6146608802
6146608812
6146608822
6146608832
6146608842
6146608862
6146608872
6146608882
6146608892
6146608902
6146608922
6146608932
6146608942
6146608952
6146608972
6146608982
6146608992
6146609012
6146609022
6146609032
6146609042
6146609052
6146609062
6146609072
6146609082
6146609092
6146609122
6146609132
6146609142
6146609152
6146609162
6146609192
6146609202
6146609212
6146609222
6146609232
6146609242
6146609252
6146609262
6146609272
6146609282
6146609292
6146609322
6146609332
6146609342
6146609352
6146609362
6146609372
6146609382
6146609392
6146609402
6146609412
6146609422
6146609432
6146609452
6146609462
6029546612
6050771202
6050771432
6050771612
6054010412
6054376302
6059808402
6063045222
6064442392
6064478812
6064481402
6064921982
6064922402
6070005512
6072037582
6072828002
6072903222
6072915092
6072915102
6072915462
6073086772
6073299352
6073446552
6073645572
6073650312
6073870242
6074248882
6074248902
6074715782
6074719822
6074823862
6074824502
6074824662
6074835362
6074838832
6075029422
6075042212
6075807072
6075807272
6075845272
6076492922
6076493252
6076493752
6076493792
6076493862
6076493872
6076493962
6076494022
6076494122
6076494192
6076494202
6076494222
6076494382
6076494402
6076494482
6076494532
6076494582
6076494612
6076494712
6076494752
6076494772
6076494802
6076494822
6076494842
6076494952
6077267022
6077365212
6077852032
6078705872
6079114222
6079114232
6079167842
6079179142
6079184672
6079252402
6079332022
6079354792
6079395322
6079545692
6079549712
6079580342
6079582482
6079582492
6079582502
6079582512
6079883122
6079894882
6079895372
6080089332
6080090392
6080196582
6080196832
6080223322
6080280292
6080300052
6080310742
6080393332
6080429152
6080566902
6080568352
6080794642
6080794912
6080800332
6080801092
6080897652
6080951432
6080961832
6080973942
6080996812
6081005682
6081005882
6081007752
6081082302
6081177412
6081186752
6081216892
6081219212
6081258872
6081378772
6081422492
6081443122
6081505252
6081556292
6081788302
6081788352
6081849452
6081938432
6081974602
6082115062
6082117922
6082199852
6082257722
6082501502
6082502102
6082982682
6083111422
6083112342
6083621052
6083755722
6084577682
6084630152
6084630822
6084647242
6084708972
6084895232
6084896002
6084929912
6085061232
6085061932
6085250632
6085361542
6086306512
6086440172
6086440912
6086510262
6086582302
6086628602
6086676522
6086679652
6086717582
6086720722
6086721102
6086738022
6086925782
6086958602
6086965302
6087176942
6087260622
6087394582
6087657982
6088140272
6088169162
6088495952
6088500622
6089445712
6090236392
6091117382
6091146012
6091544552
6092505912
6092579142
6093086212
6093149192
6093462972
6093729022
6093797292
6093829912
6094363512
6095450622
6095554032
6095601962
6096003022
6096720892
6096756782
6097145862
6097941482
6098565272
6099075842
6099078632
6099084242
6099084692
6099125842
6099126222
6099476182
6100037132
6100037442
6100270932
6100431332
6100673252
6100708412
6101076162
6101251402
6101571442
6101932582
6102415322
6102697882
6102698072
6102831612
6103421522
6103873912
6104023902
6104392352
6104570772
6104767482
6104767512
6104767562
6104767752
6104767852
6104768702
6104769052
6104777652
6104777812
6104778392
6104779242
6104779322
6104779342
6104779532
6104783432
6104785122
6104787522
6104830372
6104830432
6104830522
6104830612
6104830762
6104830782
6104830982
6104999722
6105171672
6105732522
6105841022
6106388682
6106858982
6107006132
6107006142
6107006452
6107006512
6107006572
6107149512
6107179742
6107544122
6107571172
6107575462
6107718502
6107718802
6107958072
6108011162
6108078722
6108162732
6109054452
6109088032
6109311802
6109311812
6109657692
6110203752
6110208922
6110220392
6110221382
6110826082
6110827132
6110849952
6111164922
6111164972
6111165032
6111165052
6111165092
6111165112
6111165172
6111165192
6111165212
6111165272
6111165292
6111165332
6111165372
6111165432
6111165452
6111165472
6111165632
6111165652
6111165712
6111165732
6111165752
6111165772
6111165792
6111165812
6111165832
6111165852
6111165872
6111165892
6111165912
6111165922
6111165932
6111165942
6111165952
6111165972
6111165992
6111166012
6111166032
6111166052
6111166112
6111166132
6111166192
6111166212
6111166232
6111166272
6111166292
6111166322
6111166372
6111166392
6111166432
6111166452
6111166472
6111166512
6111166532
6111166572
6111166612
6111166632
6111166672
6111166712
6111166732
6111166752
6111166792
6111166832
6111166852
6111166892
6111166912
6111166922
6111166932
6111166972
6111166992
6111167012
6111167072
6111167092
6111167112
6111167122
6111167132
6111167152
6111167172
6111167192
6111167202
6111167212
6111167232
6111167282
6111167292
6111167312
6111167322
6111167352
6111167372
6111167422
6111167432
6111167452
6111167482
6111167512
6111167532
6111167542
6111167572
6111167582
6111167592
6111167602
6111167612
6111167632
6111167652
6111167672
6111167692
6111167712
6111167722
6111167742
6111167752
6111167762
6111167812
6111167822
6111167832
6111167842
6111167892
6111167902
6111167972
6111168022
6111168052
6111168062
6111168072
6111168082
6111168102
6111168112
6111168142
6111168172
6111168202
6111168212
6111168232
6111168262
6111168272
6111168312
6111168322
6111168332
6111168342
6111168362
6111168372
6111168392
6111168412
6111168422
6111168462
6111168472
6111168542
6111168582
6111168592
6111168602
6111168612
6111168622
6111168632
6111168692
6111168712
6111168772
6111168792
6111168802
6111168812
6111168822
6111168842
6111168852
6111168862
6111168892
6111168902
6111168912
6111168922
6111168932
6111168952
6111168962
6111168972
6111168982
6111168992
6111169002
6111169012
6111169022
6111169102
6111169202
6111169212
6111169262
6111169272
6111169312
6111169322
6111169362
6111169372
6111169382
6111169402
6111169412
6111169422
6111169462
6111169482
6111169502
6111169512
6111169532
6111169562
6111169652
6111169672
6111169682
6111169692
6111169712
6111169722
6111169732
6111169742
6111169762
6111169772
6111169782
6111169792
6111169802
6111169832
6111169842
6111169862
6111169872
6111169882
6111169892
6111169912
6111169922
6111169932
6111169942
6111169952
6111169962
6111169982
6111169992
6111170002
6111170052
6111170062
6111170082
6111170092
6111170102
6111170112
6111170122
6111170132
6111170142
6111170222
6111170232
6111170252
6111170272
6111170302
6111170332
6111170342
6111170352
6111170362
6111170382
6111170392
6111170422
6111170452
6111170462
6111170472
6111170482
6111170492
6111170502
6111170512
6111170522
6111170532
6111170552
6111170562
6111170582
6111170602
6111170622
6111170672
6111170682
6111170732
6111170752
6111170762
6111170812
6111170822
6111170852
6111170862
6111170872
6111170902
6111170952
6111171022
6111171032
6111171062
6111171072
6111171112
6111171152
6111171172
6111171182
6111171202
6111171222
6111171232
6111171242
6111171262
6111171282
6111171302
6111171332
6111171342
6111171352
6111171382
6111171392
6111171402
6111171412
6111171422
6111171442
6111171462
6111171512
6111171532
6111171552
6111171582
6111171602
6111171672
6111171682
6111171702
6111171712
6111171722
6111171732
6111171752
6111171772
6111171782
6111171832
6111171852
6111171862
6111171872
6111171912
6111171942
6111171972
6111171992
6111172012
6111172022
6111172032
6111172042
6111172052
6111172072
6111172082
6111172092
6111172112
6111172122
6111172132
6111172162
6111172172
6111172182
6111172192
6111172202
6111172212
6111172222
6111172262
6111172272
6111172282
6111172302
6111172312
6111172322
6111172332
6111172342
6111172352
6111172392
6111172402
6111172452
6111172462
6111172512
6111172572
6111172582
6111172632
6111172682
6111172702
6111172722
6111172742
6111172772
6111172792
6111172802
6111172812
6111172832
6111172842
6111172852
6111172862
6111172872
6111172892
6111172912
6111172932
6111172942
6111172952
6111172972
6111172992
6111173012
6111173032
6111173042
6111173062
6111173082
6111173152
6111173192
6111173202
6111173212
6111173222
6111173232
6111173242
6111173252
6111173282
6111173292
6111173312
6111173332
6111173342
6111173372
6111173382
6111173392
6111173402
6111173412
6111173422
6111173452
6111173512
6111173532
6111173542
6111173562
6111173582
6111173592
6111173602
6111173622
6111173642
6111173652
6111173722
6111173752
6111173772
6111173812
6111173862
6111173932
6111173952
6111173972
6111173982
6111173992
6111174002
6111174012
6111174022
6111174032
6111174112
6111174142
6111174152
6111174162
6111174172
6111174182
6111174192
6111174202
6111174222
6111174232
6111174252
6111174302
6111174322
6111174342
6111174402
6111174432
6111174442
6111174452
6111174462
6111174472
6111174482
6111174492
6111174532
6111174562
6111174572
6111174592
6111174602
6111174612
6111174652
6111174672
6111174682
6111174712
6111174742
6111174752
6111174762
6111174772
6111174782
6111174792
6111174812
6111174822
6111174832
6111174842
6111174862
6111174872
6111174882
6111174912
6111174962
6111174972
6111174982
6111174992
6111175012
6111175032
6111175042
6111175062
6111175072
6111175082
6111175102
6111175112
6111175122
6111175132
6111175152
6111175182
6111175192
6111175202
6111175212
6111175222
6111175232
6111175242
6111175252
6111175262
6111175272
6111175282
6111175352
6111175382
6111175392
6111175402
6111175442
6111175452
6111175472
6111175482
6111175492
6111175512
6111175532
6111175572
6111175582
6111175592
6111175602
6111175612
6111175622
6111175682
6111175692
6111175702
6111175712
6111175722
6111175732
6111175762
6111175772
6111175782
6111175812
6111175842
6111175852
6111175882
6111175902
6111175912
6111175932
6111175952
6111175972
6111176002
6111176022
6111176042
6111176072
6111176102
6111176112
6111176152
6111176202
6111176212
6111176222
6111176242
6111176272
6111176282
6111176302
6111176322
6111176372
6111176392
6111176422
6111176442
6111176462
6111176472
6111176492
6111176502
6111176522
6111176532
6111176542
6111176552
6111176572
6111176592
6111176602
6111176612
6111176622
6111176632
6111176642
6111176652
6111176662
6111176682
6111176702
6111176722
6111176782
6111176792
6111176812
6111176822
6111176852
6111176862
6111176952
6111176962
6111176982
6111177002
6111177022
6111177062
6111177082
6111177092
6111177102
6111177112
6111177122
6111177132
6111177142
6111177152
6111177872
6111701932
6111985612
6112278402
6112279062
6113386092
6113403242
6113404102
6113407482
6113524252
6114147522
6114515022
6114515952
6114518662
6114726272
6115236372
6115678872
6115815872
6115816802
6116188492
6116523852
6116585332
6116954872
6116955302
6116957152
6116958182
6116959482
6116959972
6116961542
6118106792
6118113402
6118114512
6118114592
6118114672
6118114822
6118114852
6118114872
6118114912
6118115282
6118115512
6118116092
6118118462
6118120322
6118704182
6119161022
6119190292
6119252842
6119448432
6119651022
6119685132
6119723812
6119784012
6119869432
6119935972
6119968152
6119968942
6119969032
6119969472
6119970052
6120769172
6120890742
6121132192
6121133242
6121133272
6121133472
6121134052
6121134432
6121135032
6121135752
6121139262
6121416122
6121418182
6121418362
6121658452
6121661232
6122077122
6122264672
6122299562
6122316542
6122316912
6122317082
6122317102
6122317112
6122317132
6122317172
6122317192
6122317512
6122318542
6122319192
6122319252
6122319262
6122319272
6122319302
6122319362
6122319482
6122319572
6122319652
6122319662
6122319722
6122319782
6122319792
6122319812
6122319822
6122319922
6122320042
6122320222
6122320232
6122320282
6122320332
6122320392
6122320562
6122320672
6122320682
6122320812
6122320862
6122320892
6122321032
6122321072
6122321112
6122321162
6122321312
6122321482
6122321612
6122321622
6122321812
6122321852
6122321992
6122322032
6122322062
6122322122
6122322152
6122322262
6122324112
6122324322
6122324352
6122324612
6122324672
6122325032
6122325102
6122325302
6122325382
6122325432
6122325502
6122325632
6122325652
6122325772
6122325792
6122325882
6122326212
6122326332
6122770292
6122902262
6122995762
6123281032
6123645322
6124319742
6124496412
6124592572
6124614362
6124672062
6124690102
6124690172
6124690302
6124690352
6124690412
6124693182
6124693272
6124693582
6124694182
6124694472
6125004302
6125399522
6125518552
6125814702
6125815242
6125815352
6125815552
6125816392
6125818182
6125818552
6125819212
6125820402
6125820582
6125820992
6125822262
6125991182
6126186792
6126218592
6126232002
6126612432
6126723942
6126924002
6127767642
6127867262
6127871862
6127903812
6127905012
6127905122
6127905562
6127906372
6127906752
6127908602
6127908752
6127908792
6128279612
6128562102
6128635752
6128747342
6128809412
6128840122
6128981112
6128982512
6128997522
6129047452
6129047502
6129048082
6129048152
6129048312
6129048462
6129049192
6129049232
6129050252
6129050342
6129050582
6129050682
6129050802
6129050822
6129051132
6129051402
6129051762
6129051922
6129052742
6129052912
6129053082
6129053342
6129053732
6129053822
6129053842
6129053882
6129053932
6129054072
6129054392
6129055202
6129055702
6129055732
6129059552
6129230972
6129513232
6129541642
6129732142
6129765812
6129919332
6130241242
6130241572
6130243062
6130243452
6130244702
6130625522
6130678032
6130898522
6131076232
6131076512
6131076522
6131077102
6131079502
6131176882
6131318442
6131371002
6131371352
6131450152
6131529872
6131701662
6131808962
6131933962
6132059922
6132084982
6132148352
6132205692
6132281612
6132387252
6132387542
6132387692
6132387722
6132387762
6132387852
6132387972
6132388112
6132388332
6132388442
6132388592
6132388902
6132389332
6132389502
6132389602
6132389802
6132390042
6132390242
6132390792
6132390992
6132391122
6132391622
6132391812
6132392062
6132392082
6132392182
6132392592
6132392622
6132392832
6132393212
6132393282
6132393382
6132464152
6132682522
6132978592
6133039172
6133039522
6133126872
6133179922
6133239432
6133552482
6133561342
6133567672
6133568932
6133599372
6133599432
6133599662
6133599832
6133600262
6133600932
6133600942
6133601792
6133602002
6133602182
6133602192
6133602252
6133602452
6133602512
6133603202
6133603242
6133604092
6133604312
6133604452
6133605472
6133605722
6133606562
6133737212
6133841272
6134136192
6134363922
6134379522
6134381232
6134382712
6134382912
6134382922
6134382932
6134383002
6134383032
6134383072
6134383472
6134384312
6134384322
6134384822
6134384932
6134387052
6134387752
6134387842
6134388952
6134390852
6134390982
6134390992
6134391002
6134392252
6134392262
6134392302
6134392672
6134392722
6134407342
6134422632
6134425272
6134425292
6134425642
6134428332
6134428342
6134435202
6134437962
6134449932
6134449952
6134452282
6134452292
6134454122
6134455452
6134457042
6134458502
6134488272
6134488282
6134488292
6134490362
6134492112
6134493822
6134493872
6134493882
6134493892
6134495642
6134497292
6134498742
6134498782
6134499022
6134499082
6134501102
6134501152
6134502232
6134502552
6134502582
6134503842
6134504012
6134505512
6134505552
6134505782
6134654792
6134747722
6134763032
6134796112
6134799132
6134832852
6134912222
6134947162
6134965782
6134967822
6134968362
6135032912
6135032962
6135033072
6135033242
6135033442
6135033562
6135033932
6135034012
6135034142
6135034182
6135034422
6135034432
6135034442
6135034582
6135034942
6135035072
6135035392
6135036022
6135037132
6135037172
6135037212
6135037392
6135057712
6135066552
6135082232
6135208862
6135480342
6135535052
6135549272
6135633532
6135643522
6135717712
6135747662
6135773362
6135896022
6135896352
6135896372
6135896482
6135941152
6135941312
6135959102
6135990482
6136017992
6136063062
6136082082
6136115842
6136117542
6136245742
6136251462
6136256682
6136266712
6136274782
6136331282
6136331512
6136332152
6136332942
6136333162
6136333352
6136333402
6136333432
6136333662
6136333872
6136334342
6136334732
6136335092
6136335872
6136335912
6136336452
6136336722
6136337212
6136337712
6136339572
6136339822
6136339912
6136340832
6136341972
6136343582
6136343952
6136344062
6136344512
6136345792
6136346472
6136347662
6136348772
6136423512
6136439502
6136566232
6136658692
6136693902
6136774142
6136889942
6136988972
6137108502
6137138182
6137147392
6137215822
6137274212
6137275602
6137299982
6137384492
6137459252
6137459402
6137459452
6137459632
6137459652
6137459862
6137459942
6137459982
6137459992
6137460032
6137460112
6137460222
6137460382
6137460622
6137460862
6137461012
6137461892
6137462082
6137462352
6137462772
6137462862
6137463112
6137463732
6137463742
6137463952
6137464102
6137464402
6137464642
6137464672
6137465672
6137465692
6137465732
6137465742
6137465752
6137465762
6137465772
6137465782
6137465792
6137466642
6137466852
6137467042
6137467062
6137467072
6137467102
6137467112
6137467142
6137467272
6137467812
6137468642
6137482402
6137623092
6137759242
6137772502
6137978372
6137983792
6138120422
6138125282
6138136842
6138137262
6138150072
6138151582
6138153142
6138154832
6138167552
6138167642
6138167652
6138169562
6138169622
6138169892
6138196032
6138196162
6138198872
6138200832
6138208872
6138209142
6138211602
6138212222
6138213662
6138215352
6138215582
6138224932
6138229182
6138230852
6138232142
6138233632
6138233812
6138239902
6138240052
6138249002
6138251872
6138265832
6138328722
6138328752
6138328942
6138331302
6138331622
6138337402
6138339492
6138339572
6138340202
6138341272
6138344812
6138345032
6138350812
6138356852
6138373122
6138373392
6138373762
6138374742
6138375722
6138375842
6138380522
6138380722
6138381692
6138381752
6138384672
6138384812
6138388182
6138388832
6138407912
6138408032
6138408932
6138409042
6138410132
6138410492
6138410772
6138412952
6138413032
6138413572
6138413672
6138418992
6138421622
6138427152
6138427602
6138436212
6138441922
6138442962
6138468932
6138469012
6138469082
6138470742
6138471062
6138471292
6138473782
6138473812
6138474092
6138475662
6138475762
6138476012
6138478062
6138479752
6138480782
6138484532
6138485982
6138486282
6138486372
6138486682
6138486762
6138487622
6138488082
6138488892
6138521352
6138521362
6138521442
6138521452
6138521462
6138521482
6138521502
6138522542
6138523602
6138523652
6138524392
6138524412
6138524742
6138524772
6138524842
6138524872
6138524942
6138525142
6138525562
6138525762
6138525812
6138525902
6138526212
6138526252
6138526402
6138526612
6138526742
6138527192
6138527262
6138527352
6138527382
6138527462
6138528072
6138528362
6138528412
6138528442
6138528512
6138529162
6138529452
6138529572
6138529832
6138529842
6138529992
6138530042
6138530352
6138530792
6138530852
6138530872
6138531292
6138531552
6138531672
6138531702
6138531892
6138532032
6138532122
6138533262
6138533522
6138533592
6138533952
6138534062
6138534152
6138534422
6138534452
6138534782
6138535002
6138535042
6138535762
6138536122
6138536902
6138536922
6138537082
6138537192
6138537992
6138540042
6138540862
6138540932
6138541072
6138544302
6138544922
6138547922
6138660012
6138660252
6138660302
6138661012
6138661212
6138661442
6138661512
6138662162
6138662352
6138662932
6138664672
6138664712
6138665102
6138666122
6138667102
6138667222
6138670202
6138670502
6138670572
6138671372
6138671682
6138672352
6138675272
6138675572
6138675742
6138676872
6138866802
6138994032
6139036912
6139155182
6139178972
6139209572
6139274862
6139274892
6139314442
6139356622
6139362152
6139366312
6139377972
6139413202
6139426912
6139427882
6139428402
6139435022
6139435872
6139449692
6139459042
6139467772
6139487992
6139488132
6139488592
6139490192
6139512632
6139694262
6139712552
6139752652
6139782782
6139949062
6140004042
6140004202
6140084022
6140167202
6140185612
6140194032
6140195412
6140249532
6140258742
6140283472
6140318362
6140323802
6140327552
6140330422
6140342502
6140349582
6140351342
6140366132
6140366162
6140366332
6140366352
6140366632
6140366772
6140366882
6140366952
6140367072
6140367192
6140367282
6140367372
6140367432
6140367652
6140367692
6140367962
6140368322
6140368422
6140368462
6140368492
6140368572
6140368752
6140368832
6140368872
6140368972
6140368992
6140369312
6140369352
6140369432
6140369602
6140369732
6140369782
6140369842
6140369902
6140369952
6140370072
6140370202
6140370242
6140370262
6140370312
6140370342
6140370382
6140370632
6140370892
6140371182
6140371192
6140371282
6140371292
6140371322
6140371332
6140371452
6140371532
6140371672
6140371712
6140371782
6140371892
6140371982
6140372062
6140372192
6140372202
6140372222
6140372352
6140372372
6140372382
6140372402
6140372472
6140372482
6140372552
6140372582
6140372672
6140372772
6140372822
6140373042
6140373052
6140373142
6140373202
6140373362
6140373372
6140437222
6140438872
6140600912
6140970772
6141072172
6141120862
6141120932
6141151212
6141160602
6141186122
6141222622
6141230942
6141231832
6141253262
6141259012
6141259032
6141259142
6141259222
6141259272
6141259302
6141259392
6141259472
6141259682
6141259712
6141259902
6141260002
6141260052
6141260482
6141260582
6141260722
6141260892
6141260902
6141260932
6141261342
6141261452
6141261612
6141262002
6141262012
6141262082
6141262362
6141262492
6141262512
6141262532
6141262932
6141262962
6141263092
6141263122
6141263282
6141263322
6141263332
6141263512
6141263542
6141263862
6141263952
6141264212
6141264222
6141264322
6141264452
6141264752
6141264802
6141265042
6141265832
6141266052
6141266092
6141266122
6141267162
6141267392
6141267422
6141267712
6141268042
6141268332
6141268412
6141268472
6141268512
6141268732
6141269122
6141274852
6141335852
6141588092
6141703692
6141800002
6141853272
6141853882
6141909252
6142030132
6142065632
6142093852
6142102232
6142123232
6142141412
6142167392
6142172282
6142176382
6142179912
6142180222
6142180822
6142181022
6142181292
6142181712
6142181822
6142182462
6142182482
6142183032
6142183342
6142183732
6142184212
6142184312
6142185602
6142185662
6142186542
6142187272
6142231352
6142242562
6142277932
6142469122
6142506962
6142508302
6142509042
6142530432
6142612532
6142638292
6142644912
6142738722
6142739512
6142743882
6142748472
6142811842
6142829992
6142854552
6142880142
6142880172
6142887882
6142889382
6142912252
6142916312
6142983752
6142983912
6142983982
6142984062
6142984092
6142984142
6142984442
6142984882
6142984902
6142985032
6142985182
6142985212
6142985322
6142985392
6142985402
6142985412
6142985472
6142985532
6142985962
6142986152
6142986232
6142986312
6142986832
6142986932
6142987162
6142987522
6142987832
6142987862
6142987952
6142988082
6142988242
6142988272
6142988972
6142989162
6142989222
6142989792
6142989822
6142989932
6142989992
6142990192
6142990372
6142990482
6142991092
6142991182
6142991722
6142992142
6142992202
6142992682
6142993002
6142993302
6142993412
6142994212
6142994232
6142994322
6142994852
6142995532
6142995882
6143068742
6143124882
6143149252
6143238852
6143241142
6143266182
6143298932
6143437632
6143458332
6143571172
6143624582
6143625552
6143630732
6143655412
6143656302
6143706612
6143752452
6143782232
6143783732
6143786932
6143790072
6143801362
6143801462
6143801652
6143801682
6143801722
6143801772
6143801782
6143801842
6143802052
6143802062
6143802272
6143802322
6143802532
6143802552
6143802642
6143802662
6143802962
6143803032
6143803482
6143804042
6143804152
6143804522
6143804552
6143804642
6143804682
6143804772
6143804782
6143804852
6143805002
6143805022
6143805032
6143805142
6143805162
6143805582
6143805762
6143805882
6143805892
6143805942
6143805962
6143806032
6143806082
6143806462
6143806712
6143807362
6143807422
6143807452
6143807462
6143807472
6143807572
6143807662
6143807722
6143807952
6143808022
6143808042
6143808122
6143808232
6143808292
6143808332
6143808592
6143808772
6143808782
6143808972
6143809172
6143809212
6143809812
6143823362
6143825442
6143864362
6143890322
6143935932
6143958652
6143963932
6144019082
6144051842
6144077592
6144139812
6144243442
6144244202
6144273052
6144310102
6144310452
6144319662
6144330902
6144372642
6144379232
6144379872
6144379882
6144379902
6144397212
6144402982
6144418482
6144421212
6144424272
6144428772
6144434892
6144436872
6144436982
6144437002
6144437132
6144437172
6144437202
6144437242
6144437272
6144437442
6144437452
6144444502
6144450552
6144541702
6144553062
6144568152
6144592842
6144732572
6144733292
6144814052
6144889302
6144948912
6144959712
6144960012
6144971432
6144984682
6144986152
6144986192
6144986292
6144994282
6144997592
6144999382
6145001192
6145008672
6145016402
6145024642
6145027842
6145028362
6145028522
6145035622
6145038792
6145048452
6145053022
6145053562
6145061772
6145066922
6145070112
6145080532
6145080812
6145080972
6145081632
6145083572
6145083932
6145084142
6145084172
6145089182
6145089522
6145097172
6145097912
6145110112
6145121812
6145123262
6145130262
6145153442
6145163082
6145167382
6145176332
6145186232
6145209952
6145327402
6145327952
6145504132
6145512342
6145557342
6145577342
6145600592
6145610092
6145611212
6145614492
6145645902
6145648892
6145653952
6145656362
6145693802
6145696902
6145700432
6145705402
6145705482
6145705712
6145707182
6145709572
6145711242
6145714932
6145714942
6145718412
6145719532
6145719952
6145722322
6145725392
6145726692
6145726962
6145726972
6145729612
6145736442
6145737202
6145739642
6145741002
6145743582
6145744812
6145746342
6145751562
6145751892
6145753252
6145753482
6145758442
6145760722
6145764502
6145765472
6145766672
6145766712
6145766722
6145766732
6145766742
6145766752
6145766782
6145766802
6145766812
6145766822
6145766842
6145766852
6145767012
6145767042
6145767152
6145767322
6145767402
6145767422
6145767432
6145767562
6145767802
6145767822
6145767862
6145767922
6145767962
6145768052
6145768092
6145768102
6145768152
6145768182
6145768192
6145768212
6145768222
6145768232
6145768242
6145768252
6145768262
6145768272
6145768282
6145768292
6145768302
6145768312
6145768332
6145768352
6145768362
6145768382
6145768402
6145768412
6145768422
6145768452
6145768502
6145768532
6145768582
6145768612
6145768652
6145768672
6145768722
6145769012
6145769162
6145769232
6145769262
6145769272
6145769292
6145769342
6145769372
6145769402
6145769512
6145769552
6145769582
6145769592
6145769612
6145769632
6145769902
6145769962
6145769992
6145770002
6145770012
6145770072
6145770082
6145770102
6145770112
6145770242
6145770302
6145770362
6145770382
6145770422
6145770752
6145770792
6145770812
6145770862
6145770982
6145770992
6145771032
6145771092
6145771112
6145771132
6145771152
6145771222
6145771242
6145771312
6145771402
6145771422
6145771632
6145771962
6145772192
6145772232
6145772242
6145772502
6145772512
6145772632
6145772702
6145772852
6145772862
6145772882
6145772892
6145772922
6145773042
6145773142
6145773212
6145773312
6145773472
6145773482
6145773552
6145773632
6145773652
6145773992
6145774052
6145774162
6145774212
6145774312
6145774642
6145774692
6145774762
6145774792
6145774852
6145774862
6145775002
6145775012
6145775102
6145775112
6145775132
6145775182
6145775312
6145775332
6145775352
6145775372
6145775602
6145775662
6145775702
6145775772
6145775832
6145775852
6145775962
6145775972
6145776012
6145776042
6145776092
6145776132
6145776252
6145776272
6145776282
6145776292
6145776302
6145776312
6145776322
6145776342
6145776402
6145776412
6145776462
6145776472
6145776482
6145776532
6145776542
6145776572
6145776642
6145776682
6145776812
6145776822
6145778202
6145779282
6145779812
6145779832
6145782772
6145782842
6145789712
6145791712
6145798612
6145799082
6145803102
6145808422
6145808602
6145808622
6145831182
6145838202
6145909152
6145988342
6145988362
6145988372
6145988412
6145988452
6145988482
6145988522
6145988542
6145988612
6145988622
6145988712
6145988752
6145988882
6145988932
6145988982
6145989042
6145989062
6145989152
6145989192
6145989232
6145989252
6145989332
6145989502
6146141882
6146216402
6146238832
6146273372
6146295222
6146352062
6146402832
6146454972
6146493702
6146500242
6146508602
6146514942
6146523172
6146527672
6146529862
6146532972
6146539162
6146546462
6146548852
6146563212
6146564282
6146568192
6146574132
6146575532
6146578642
6146579922
6146587492
6146588512
6146588852
6146592482
6146592782
6146597692
6146598692
6146600942
6146601662
6146601792
6146602982
6146605922
6146607132
6146608012
6146608662
6146608912
6146609312
6146609442
6146609472
6146609482
6146609492
6146609512
6146609522
6146609532
6146609542
6146609552
6146609562
6146609572
6146609582
6146609592
6146609602
6146609612
6146609632
6146609642
6146609652
6146609672
6146609682
6146609692
6146609702
6146609712
6146609722
6146609732
6146609742
6146609752
6146609762
6146609782
6146609792
6146609802
6146609812
6146609822
6146609832
6146609842
6146609852
6146609862
6146609872
6146609882
6146609892
6146609902
6146609922
6146609942
6146609952
6146609962
6146609972
6146609982
6146610002
6146610012
6146610022
6146610032
6146610042
6146610052
6146610062
6146610092
6146610102
6146610112
6146610122
6146610132
6146610142
6146610162
6146610172
6146610182
6146610192
6146610212
6146610222
6146610242
6146610252
6146610272
6146610282
6146610292
6146610302
6146610312
6146610322
6146610332
6146610342
6146610352
6146610362
6146610372
6146610392
6146610412
6146610422
6146610432
6146610442
6146610462
6146610472
6146610502
6146610512
6146610532
6146610572
6146610592
6146610602
6146610612
6146610622
6146610642
6146610672
6146610682
6146610692
6146610702
6146610712
6146610722
6146610732
6146610742
6146610762
6146610772
6146610802
6146610822
6146610862
6146610902
6146610912
6146610922
6146610932
6146610952
6146610972
6146611012
6146611032
6146611052
6146611062
6146611072
6146611092
6146611102
6146611112
6146611142
6146611152
6146611182
6146611192
6146611202
6146611222
6146611232
6146611242
6146611262
6146611272
6146611292
6146611302
6146611332
6146611342
6146611352
6146611362
6146611382
6146611402
6146611432
6146611462
6146611482
6146611492
6146611532
6146611542
6146611572
6146611582
6146611592
6146611612
6146611622
6146611632
6146611642
6146611662
6146611672
6146611682
6146611702
6146611712
6146611722
6146611752
6146611762
6146611822
6146611832
6146611852
6146611862
6146611902
6146611912
6146611922
6146611932
6146611942
6146611982
6146612022
6146612032
6146612062
6146612072
6146612122
6146612142
6146612172
6146612182
6146612192
6146612222
6146612232
6146612242
6146612292
6146612302
6146612312
6146612332
6146612342
6146612362
6146612372
6146612382
6146612392
6146612402
6146612412
6146612422
6146612432
6146612442
6146612472
6146612502
6146612522
6146612542
6146612562
6146612572
6146612582
6146612602
6146612622
6146612652
6146612662
6146612672
6146612682
6146612692
6146612712
6146612722
6146612732
6146612752
6146612772
6146612782
6146612802
6146612812
6146612832
6146612882
6146612902
6146612912
6146612942
6146612952
6146612962
6146612972
6146613002
6146613012
6146613042
6146613072
6146613082
6146613092
6146613102
6146613112
6146613142
6146613152
6146613162
6146613172
6146613192
6146613212
6146613222
6146613232
6146613262
6146613292
6146613302
6146613312
6146613322
6146613342
6146613352
6146613372
6146613382
6146613392
6146613402
6146613472
6146613492
6146613502
6146613512
6146613522
6146613542
6146613552
6146613562
6146613582
6146613592
6146613622
6146613632
6146613642
6146613652
6146613662
6146613682
6146613702
6146613712
6146613722
6146613742
6146613762
6146613792
6146613802
6146613812
6146613832
6146613842
6146613862
6146613892
6146613902
6146613912
6146613922
6146613942
6146613952
6146613972
6146613982
6146613992
6146614002
6146614012
6146614032
6146614062
6146614072
6146614102
6146614112
6146614122
6146614152
6146614162
6146614172
6146614192
6146614202
6146614222
6146614232
6146614242
6146614252
6146614262
6146614272
6146614282
6146614292
6146614302
6146614312
6146614332
6146614342
6146614352
6146614372
6146614382
6146614402
6146614412
6146614422
6146614432
6146614442
6146614452
6146614462
6146614472
6146614482
6146614502
6146614512
6146614522
6146614552
6146614562
6146614572
6146614582
6146614592
6146614612
6146614622
6146614632
6146614642
6146614652
6146614662
6146614672
6146614682
6146614692
6146614702
6146614712
6146614722
6146614732
6146614742
6146614752
6146614762
6146614772
6146614782
6146614792
6146614812
6146614832
6146614842
6146614852
6146614862
6146614872
6146614882
6146614892
6146614902
6146614912
6146614932
6146614942
6146614952
6146614962
6146614982
6146614992
6146615002
6146615012
6146615022
6146615032
6146615052
6146615062
6146615072
6146615082
6146615102
6146615112
6146615122
6146615132
6146615142
6146615162
6146615172
6146615182
6146615192
6146615202
6146615212
6146615232
6146615242
6146615252
6146615262
6146615272
6146615282
6146615292
6146615312
6146615322
6146615332
6146615342
6146615352
6146615362
6146615372
6146615382
6146615392
6146615402
6146615412
6146615422
6146615432
6146615442
6146615452
6146615462
6146615472
6146615492
6146615522
6146615532
6146615542
6146615552
6146615562
6146615572
6146615592
6146615602
6146615622
6146615632
6146615642
6146615652
6146615662
6146615672
6146615692
6146615702
6146615712
6146615722
6146615742
6146615752
6146615762
6146615772
6146615782
6146615792
6146615802
6146615842
6146615852
6146615862
6146615882
6146615892
6146615902
6146615912
6146615922
6146615932
6146615942
6146615952
6146615962
6146615972
6146615982
6146615992
6146616002
6146616012
6146616022
6146616032
6146616052
6146616062
6146616072
6146616082
6146616092
6146616102
6146616132
6146616162
6146616192
6146616222
6146616232
6146616242
6146616252
6146616262
6146616282
6146616292
6146616302
6146616332
6146616342
6146616352
6146616362
6146616372
6146616382
6146616412
6146616442
6146616452
6146616462
6146616472
6146616492
6146616532
6146616562
6146616582
6146616592
6146616622
6146616642
6146616652
6146616662
6146616682
6146616692
6146616702
6146616712
6146616722
6146616732
6146616742
6146616752
6146616772
6146616792
6146616802
6146616812
6146616852
6146616872
6146616882
6146616892
6146616922
6146616942
6146616952
6146616962
6146616972
6146616992
6146617002
6146617042
6146617052
6146617062
6146617102
6146617132
6146617142
6146617152
6146617162
6146617172
6146617182
6146617212
6146617232
6146617242
6146617262
6146617272
6146617282
6146617312
6146617322
6146617352
6146617372
6146617382
6146617402
6146617412
6146617422
6146617432
6146617462
6146617502
6146617532
6146617562
6146617572
6146617602
6146617612
6146617622
6146617632
6146617642
6146617662
6146617672
6146617682
6146617692
6146617702
6146617712
6146617752
6146617762
6146617772
6146617812
6146617842
6146617852
6146617862
6146617872
6146617892
6146617902
6146617942
6146617952
6146617962
6146617972
6146617992
6146618032
6146618042
6146618052
6146618062
6146618072
6146618082
6146618112
6146618122
6146618142
6146618152
6146618162
6146618172
6146618192
6146618202
6146618222
6146618232
6146618242
6146618262
6146618282
6146618292
6146618302
6146618312
6146618322
6146618332
6146618352
6146618362
6146618382
6146618392
6146618402
6146618422
6146618452
6146618462
6146618472
6146618482
6146618492
6146618502
6146618512
6146618522
6146618532
6146618542
6146618552
6146618562
6146618592
6146618602
6146618622
6146618632
6146618642
6146618652
6146618672
6146618682
6146618692
6146618702
6146618712
6146618722
6146618732
6146618772
