7050750824
7050750754
7054701604
7054995504
7054995494
7054995514
7055949174
7055949484
7055949634
7055949644
7055949984
7055950074
7055950044
7055950094
7056893464
7058256104
7057957714
7058256074
7059790264
7059790234
7059790284
7059790254
7056933814
7055949424
7055949354
7059793214
7060049014
7058534864
7059790304
7059790344
7059790334
7059790354
7059790144
7056133614
7059972844
7060048724
7060049104
7052857244
7054995534
7055950424
7055950274
7055950494
7055950784
7055950944
7058534774
7059076074
7058256164
7059790394
7055950714
7056224154
7059494784
7060014064
7060049134
7052857254
7059076164
7055951014
7055951134
7059076174
7057959144
7055950974
7059582684
7060048684
7060048674
7060049204
7060049214
7058534854
7057959304
7059790474
7059075984
7059790464
7059790484
7059195564
7060049224
7060049244
7060046184
7053201984
7053762684
7053967444
7053201974
7054995744
7055951424
7053967494
7053967514
7053967534
7053967614
7055951374
7058256274
7058534874
7059076234
7059790494
7060049254
7053967504
7053967554
7053967674
7060049274
7059598344
7057313464
7060049284
7059789794
7057742734
7058256314
7058534894
7059076274
7059332684
7053967604
7059076314
7053967624
7055951504
7055951564
7059790534
7055951584
7059076304
7059076344
7059076384
7059076404
7059790524
7051986804
7060048984
7060049294
7059298184
7053202144
7053202204
7058781564
7055951514
7055951534
7055951554
7057264214
7059076334
7059076374
7059076414
7059076434
7059558354
7059790574
7059790594
7056224414
7056224454
7059746374
7060049334
7059599764
7053202154
7052560664
7053202314
7053202184
7053202224
7053202304
7054177454
7055951614
7055951694
7055951604
7055951834
7055951794
7055951644
7055951724
7055951854
7055951864
7057264264
7055951844
7059558394
7059076464
7059558404
7059790624
7052560604
7053202194
7053202264
7059076474
7059558384
7051780774
7052560654
7053202294
7054996064
7053202334
7057264294
7057959754
7059076524
7059790644
7059790654
7059790664
7059790674
7060049364
7058756864
7059135304
7058256484
7058535244
7059076544
7054995954
7059076564
7059076584
7059558444
7059076574
7059076594
7059790704
7059131494
7059558454
7059076534
7060049404
7058732284
7060049384
7060049394
7060049414
7052560694
7052560724
7052560754
7052560764
7052560774
7052560784
7052560834
7053579364
7053394254
7056224694
7056836404
7059060994
7059076634
7059076644
7059790724
7059790754
7051986934
7058535314
7059850314
7060049444
7060049454
7052561184
7060049464
7058823014
7060049474
7053077544
7053203024
7052560954
7054996204
7052561134
7055952064
7052561174
7052561254
7059076764
7059076784
7059076804
7053968294
7059076734
7059558504
7059790804
7059076754
7059076774
7059076834
7059076854
7060049494
7060049504
7058535464
7058535484
7059076884
7059790814
7059558524
7059790834
7056435484
7060049524
7059793304
7060049534
7060049514
7057960284
7059556674
7059077044
7059790784
7059076944
7060049554
7060049544
7060049564
7060049574
7059077064
7059554444
7059790864
7059349264
7059349274
7060049584
7057960474
7057960464
7057960484
7058535564
7059558574
7060049264
7060049424
7060049624
7059788524
7060049614
7060049634
7051781864
7051782244
7051988404
7053203124
7053202954
7053203144
7053203114
7053762844
7053203234
7053763224
7053203154
7053968084
7053763174
7053763184
7053763284
7053396254
7053967904
7053763294
7053203314
7053763194
7053968114
7053969194
7054177724
7054996694
7055952104
7056224954
7056894744
7055952194
7057264644
7057264844
7057960614
7057960534
7058535704
7058535724
7057960544
7059556654
7058535744
7058535754
7057960604
7053203134
7054996454
7057682324
7058256874
7060049654
7054317134
7057709704
7053969324
7054996904
7056225214
7056894734
7056894954
7056894944
7056894974
7056895024
7056895044
7058535774
7058535804
7058535794
7058535784
7058791724
7058535764
7059898874
7060049724
7050752004
7059791094
7060049734
7060038434
7050208614
7051782754
7053203954
7053204394
7050752064
7050752084
7056225294
7050752124
7056895114
7056895134
7050752184
7056895154
7057265214
7051990364
7057472074
7058535974
7053969504
7054996804
7056895084
7056895104
7056895124
7056895224
7056895264
7057472064
7058535964
7060049744
7058536004
7056895094
7059137934
7060049774
7060049784
7059323114
7060049804
7060049814
7053763414
7059558744
7054702614
7055411054
7056895234
7056895254
7060016924
7060016994
7059507274
7049299684
7058490294
7058490304
7060016474
7059558714
7060049834
7054997124
7056895474
7060049894
7060049904
7060049914
7060049924
7049437664
7047612034
7057265354
7060049934
7057265344
7060015984
7060049954
7060049964
7059776564
7060049884
7060049944
7060049974
7060049984
7059344584
7049482874
7054178164
7054702884
7054702904
7054994004
7057265484
7050752094
7050752114
7059071364
7050752134
7050752154
7050752174
7050752194
7051990314
7053398834
7054702834
7057265494
7060049994
7057265444
7060050094
7056225684
7058609494
7053204894
7044730904
7047827504
7048028344
7049699324
7056224914
7057961634
7051991004
7053970004
7054703064
7057961654
7052752644
7054997444
7057265604
7059558894
7054702944
7057265584
7057265624
7057961624
7057961644
7057961684
7052858454
7049701124
7044997654
7050209004
7050209024
7052752804
7050208904
7059510174
7058748774
7053928614
7048028334
7048028354
7052858844
7049701114
7049702174
7049701254
7057961764
7057961704
7059059614
7059059814
7052858774
7050208914
7052561854
7059060084
7059062844
7057961694
7059060414
7059061694
7059070304
7059065244
7059077374
7057961714
7059061654
7059061724
7059062594
7059069654
7059559014
7059558974
7059061394
7059558944
7059787494
7056895764
7050208894
7056895804
7056895824
7059558984
7059559004
7059558564
7059558964
7060050164
7060050184
7056895834
7059559034
7059559024
7059559054
7059559064
7059559074
7059559094
7059559084
7059559114
7059559044
7059112884
7042379004
7053399834
7054703434
7044019504
7043930824
7044997704
7045867264
7045867384
7059559174
7059559134
7049702424
7050753124
7059559154
7051272164
7053399864
7054703444
7056896004
7059559124
7059559144
7059559184
7059559204
7059559224
7059559244
7059559284
7053399794
7050026884
7059557344
7060050224
7053763764
7042590554
7053970524
7043916514
7046336634
7047214854
7059559264
7048679654
7049702414
7051044754
7052155334
7053399954
7054703554
7054997934
7056895994
7059559234
7059559214
7059559254
7059559294
7059559274
7053970544
7058791994
7060050274
7056403844
7059740154
7056896024
7060050284
7043718104
7056896094
7045867404
7045867524
7045867804
7048028624
7050209864
7050209884
7050209904
7050209964
7050209984
7050753264
7051991684
7051991624
7053400624
7055953784
7058536384
7056896084
7055953744
7058536324
7053400294
7060050304
7060050334
7045867414
7045867514
7045867554
7050209994
7051272194
7055414474
7055953754
7058536394
7045867794
7047217614
7059077474
7055953794
7058257404
7055414584
7055953844
7059559344
7060050364
7042379054
7055414974
7055953894
7055953884
7055954014
7057971104
7059339434
7059558534
7060050374
7055953974
7055953944
7059077724
7060050394
7042571444
7050027134
7050753394
7045867884
7050753414
7047828444
7052562174
7048028764
7055415274
7050753344
7055954024
7059077744
7042805744
7045867754
7055954064
7045867874
7045867894
7055954164
7055954074
7055954094
7050753424
7042806034
7044732214
7045183674
7045868294
7050210374
7050210614
7050210674
7055954224
7050210694
7053380934
7055954244
7053380954
7053380994
7053381014
7055954234
7055954254
7055954314
7055954454
7056226154
7058792194
7059077834
7056226164
7050210594
7050210634
7048466344
7045867984
7050210384
7050472144
7055954284
7055954304
7060050414
7045868264
7047217844
7048682044
7050210624
7050210644
7050210664
7050210704
7050210724
7055954464
7058792184
7045563624
7050210684
7055954514
7050210744
7050210764
7050210804
7055954494
7050211104
7055954534
7050210984
7053380944
7053380964
7053380984
7053380924
7053381024
7055954524
7059077864
7058792204
7055954704
7055954724
7055954714
7055954894
7055954914
7055954864
7055954944
7055954884
7055954924
7044732524
7045346914
7044999394
7045868664
7049705754
7049705984
7053078134
7055954934
7045868394
7050472774
7055955014
7057266254
7058536514
7055955194
7047613904
7055955404
7045868764
7053078174
7055955394
7045868694
7045869924
7049484184
7049484214
7057266284
7057266314
7057266324
7057266294
7057266304
7057266344
7057266364
7057266354
7055955584
7044733094
7055955644
7055955664
7045871034
7055955704
7055955684
7045871314
7044733134
7045347374
7045570074
7055955634
7055955694
7055955834
7055955574
7057266334
7044732954
7044733034
7055955714
7045870994
7044733114
7045871114
7045871194
7045871094
7055955804
7057266374
7055955864
7048683664
7049162504
7055955764
7048683644
7057266384
7049163074
7052753674
7045870884
7045870964
7045871004
7045871084
7045871304
7055955744
7045871144
7055955844
7045871024
7042379234
7042428194
7044733254
7044732924
7044732984
7044733104
7044733124
7044733244
7049163104
7051047124
7045347574
7045871394
7045347614
7051047164
7055955904
7045871414
7055955924
7055956034
7051047204
7055955934
7055955884
7055955914
7055955994
7055956044
7055955944
7055955964
7055955894
7055956014
7055956054
7044733264
7044733334
7044733284
7044733324
7044733344
7045871124
7044733554
7051047134
7045871634
7051047154
7045871574
7050027834
7053971894
7042696014
7042696054
7045871354
7044733214
7042695914
7042695974
7044733354
7055956084
7044733274
7055956064
7055956104
7055956124
7044733314
7055956154
7055956184
7055956144
7055956214
7057266414
7055956134
7055956264
7055956224
7044733384
7045347544
7045347604
7045871544
7045871644
7050027824
7044733364
7044733584
7045347504
7053971914
7045347564
7055956274
7043721794
7043721804
7043721814
7043721894
7043721914
7043721864
7050756154
7059700784
7060050614
7054704994
7054704964
7054704954
7054705014
7055956524
7055956514
7055956544
7055956584
7055956554
7055956574
7054705004
7059557174
7051047364
7052082864
7059481124
7060050654
7048249884
7048295744
7048258294
7048261034
7056690424
7056698204
7056679834
7056693384
7056676614
7048257844
7056700044
7059791764
7058552524
7059792784
7059790844
7058439574
7060050824
7058788164
7047218834
7047218954
7047218894
7047218944
7051047374
7047218844
7047218994
7047219004
7051047394
7047218884
7055971274
7047219044
7047219104
7047219164
7052753764
7059791834
7053406004
7053406044
7056704644
7058792404
7059791824
7059791844
7053406024
7060050644
7060050804
7060050844
7060050854
7047219094
7047219034
7047219054
7053528204
7047219314
7048252574
7059077994
7059078014
7057741534
7059838964
7056782414
7048247244
7053764494
7053406064
7056678634
7056696934
7058792434
7056701144
7059791894
7060050884
7060050874
7059588384
7060050904
7047219354
7047219474
7052753754
7053406054
7056681274
7053764544
7056592464
7056689334
7058258194
7056682624
7056698144
7056698304
7056704484
7060050914
7047219374
7047219364
7059791904
7056895014
7060050924
7059788664
7058615444
7059516514
7059512844
7048266804
7059791914
7060050954
7060050984
7048279614
7048270954
7048279914
7053764534
7054376414
7048276904
7054376434
7048292424
7055956834
7056687694
7060050994
7060051004
7058137194
7059556814
7060051014
7060051024
7059553824
7047219334
7047219534
7055956954
7057963734
7058185174
7058536614
7047219484
7048244104
7059792034
7053764504
7053764564
7053764584
7055956964
7058536624
7059078304
7059792064
7060018754
7044505054
7048276254
7047219524
7048276694
7055985574
7047219644
7058792654
7059078334
7059078374
7059078394
7058536644
7058614464
7050757844
7058792644
7059078344
7059792124
7060018834
7050757834
7060051044
7060051084
7060051094
7059972404
7059738454
7057267024
7059075624
7059078414
7059078434
7059078474
7059559574
7059078464
7057281434
7051801144
7060015634
7058338254
7059971804
7059966354
7059966364
7060051134
7047066004
7047236834
7048249914
7048274294
7056227064
7056683164
7053763334
7055956994
7056686854
7058262134
7058536694
7060051154
7060049484
7060051144
7048254904
7053763324
7048278634
7058536724
7059078484
7060051164
7060051184
7060051204
7057964094
7056227124
7057268424
7059792204
7059793854
7059296604
7060051244
7055957244
7056468924
7055957194
7056227194
7058263094
7059078734
7060051264
7060051274
7059358504
7060051254
7060051304
7047809054
7050115144
7052562684
7055957384
7056896864
7057269004
7057269394
7058792844
7058792864
7059079864
7059792274
7053135324
7057980224
7060051314
7055958024
7060051294
7060012564
7060050294
7049282594
7050028214
7055983444
7058792884
7059080064
7055957914
7056896894
7059792324
7059493384
7054998774
7060047314
7060051334
7060051354
7060051344
7060051374
7059291874
7059788744
7060051384
7054705564
7055958204
7055958324
7055958444
7056896944
7058792904
7058792924
7058792894
7059747914
7060051394
7059792114
7059554124
7060051404
7056227234
7056469034
7055958744
7056227244
7057964224
7058792954
7059080954
7059081014
7059081134
7059080964
7059081274
7059081334
7059081204
7060051414
7059081414
7059792414
7059081384
7059559684
7059792374
7059792454
7059792364
7059792434
7059792474
7059792444
7059792484
7059792494
7059081024
7059792394
7060051424
7060051434
7048640574
7050664824
7054179064
7058244054
7055959224
7058243954
7058264634
7058536954
7056227264
7058793014
7059792534
7058536944
7059792514
7059792554
7059278004
7059792524
7060051444
7050664814
7059099834
7048641884
7051454764
7054998924
7051462914
7055959504
7054706014
7054706074
7058264664
7056897064
7059744204
7059792604
7056227314
7057225314
7058793034
7059740014
7059792594
7059792644
7059792624
7059792654
7059792634
7054179074
7055959804
7056227304
7059792614
7060051504
7059483164
7060051514
7060051474
7051793264
7055960094
7055877644
7056227374
7055959904
7055960164
7056409604
7059051364
7059792674
7058264744
7059324684
7059792694
7059792704
7060051534
7055960184
7059792734
7059792714
7060051544
7047770744
7043138154
7050458154
7054998954
7059083004
7055960334
7058264894
7059792764
7059792774
7059792744
7059333134
7060051574
7060051594
7060051584
7060051324
7055045124
7054999464
7055960724
7055960874
7055960854
7057272044
7058793164
7055961054
7059083644
7057272034
7059083464
7059083434
7059083474
7059083664
7059083514
7059083634
7059792824
7059792794
7059792814
7060051604
7059054424
7055960684
7059282004
7059083444
7053509094
7059792834
7060051614
7060051624
7060051634
7055961174
7055961334
7054706484
7059083914
7055961404
7056897204
7056470224
7058265124
7059792914
7059792894
7059792874
7059083924
7059792884
7060051644
7051501524
7059792864
7060051654
7060051664
7060051684
7042246174
7043525994
7053764704
7054999544
7055961854
7055961664
7055961684
7055961884
7056470284
7056897284
7057965974
7058793224
7059084384
7059792964
7059792934
7059792974
7060051674
7054672194
7055636594
7058597354
7054455334
7060051724
7060051734
7059792684
7042250464
7042696344
7042725564
7042921054
7043318404
7043715804
7044034384
7044286534
7044287144
7044287594
7044287974
7044287914
7044732304
7044631154
7045204224
7046135624
7045358054
7045946454
7055962114
7054179224
7055962224
7055962184
7058265194
7058776904
7053972394
7058265184
7056470454
7058537184
7057516014
7058776824
7058776874
7058776834
7058777144
7059084514
7058777274
7058793264
7058777294
7060051744
7060051704
7059048304
7058735724
7059062504
7047284604
7047550604
7047998704
7048070064
7047759354
7049260264
7049409004
7049873374
7049377654
7049414254
7049873334
7049935754
7050380524
7050362004
7050367444
7050000474
7049993044
7050592464
7051328014
7060051764
7051392924
7052469874
7052327634
7051793654
7051991664
7051520224
7052210204
7052681294
7051991724
7052641054
7052681334
7052681284
7052271664
7053273854
7052681304
7052715184
7053058714
7052834454
7053449614
7052819824
7053190044
7053319424
7053024254
7053494934
7053273884
7053408184
7053078704
7053764774
7055566534
7053474924
7053494804
7055566554
7054179234
7057966214
7053493784
7058265314
7053215764
7058265294
7055566574
7058793294
7057966304
7055568484
7058265214
7058265234
7047612894
7048659704
7058265254
7057966274
7057966324
7057966204
7058265334
7059793104
7058265324
7058265264
7058265364
7059692374
7058265404
7058793344
7059793114
7058265354
7058793334
7059085724
7059793084
7051309094
7058265304
7053133134
7052681324
7053191864
7057272554
7055566584
7058265224
7060051754
7060051784
7060051794
7060051804
7047229314
7050475254
7051793974
7050758724
7059699184
7059793144
7051944254
