7042239526
7042239886
7042246174
7042247979
7042248123
7042248905
7042250449
7042250464
7042258982
7042307320
7042307973
7042331279
7042333349
7042335690
7042348329
7042352441
7042363885
7042378478
7042392869
7042396275
7042403653
7042405673
7042429231
7042447321
7042452913
7042576167
7042577069
7042590743
7042592913
7042596972
7042600377
7042600485
7042612305
7042632481
7042653211
7042674823
7042674826
7042674832
7042674855
7042695770
7042696250
7042696344
7042698975
7042700379
7042700966
7042705253
7042705271
7042709190
7042725564
7042729430
7042729455
7042729555
7042840387
7042848223
7042906838
7042921054
7042921100
7042923046
7042952990
7042953002
7042953266
7042954608
7043000697
7043022028
7043138154
7043195947
7043196775
7043286908
7043318404
7043525988
7043525990
7043525991
7043525992
7043525994
7043526012
7043526017
7043527347
7043715502
7043715804
7043755817
7043951706
7043951707
7043952166
7043959850
7043959859
7043961976
7043967570
7044034384
7044034993
7044042963
7044044970
7044050988
7044216121
7044286213
7044286346
7044286388
7044286399
7044286432
7044286448
7044286453
7044286488
7044286507
7044286534
7044286712
7044286737
7044286758
7044286767
7044286858
7044286886
7044287040
7044287144
7044287292
7044287378
7044287388
7044287395
7044287550
7044287594
7044287685
7044287693
7044287707
7044287736
7044287759
7044287785
7044287790
7044287871
7044287885
7044287914
7044287915
7044287958
7044287974
7044297057
7044304029
7044304083
7044304185
7044304280
7044304305
7044304493
7044304497
7044304512
7044304537
7044304658
7044304825
7044305035
7044305038
7044305071
7044305225
7044305393
7044339348
7044580833
7044581560
7044623886
7044630932
7044631154
7044732242
7044732304
7044732388
7044733813
7044767880
7044926402
7044946322
7044947680
7044996070
7044996081
7044999301
7045019086
7045040855
7045197360
7045197495
7045197657
7045197792
7045199935
7045199950
7045200408
7045200423
7045204224
7045204831
7045221493
7045221915
7045263090
7045263166
7045263246
7045263465
7045263469
7045263583
7045263599
7045263609
7045263695
7045263699
7045263715
7045263719
7045263775
7045263783
7045263787
7045263971
7045287812
7045290571
7045307526
7045349298
7045349311
7045349405
7045350962
7045358054
7045358338
7045385560
7045392711
7045394725
7045457142
7045457209
7045461075
7045461985
7045462462
7045462509
7045462928
7045860215
7045871049
7045871051
7045939816
7045941087
7045946454
7045968530
7045970662
7045986058
7045990485
7045997949
7045998765
7046001481
7046012795
7046133783
7046135445
7046135624
7046535447
7046535896
7046545767
7046550872
7046819573
7046961950
7046975972
7046976139
7047066136
7047066490
7047067370
7047117735
7047155376
7047161882
7047201402
7047202217
7047212012
7047212789
7047214571
7047216111
7047217410
7047221061
7047221315
7047221403
7047229314
7047239776
7047248913
7047251753
7047259848
7047259861
7047259866
7047283677
7047283982
7047284560
7047284604
7047290198
7047290241
7047317453
7047340068
7047460547
7047462159
7047465479
7047465836
7047545501
7047545875
7047550604
7047552203
7047588500
7047588567
7047596737
7047612686
7047612894
7047612905
7047706066
7047710959
7047735123
7047736298
7047739819
7047753325
7047753415
7047759354
7047770744
7047822009
7047933707
7047934296
7047934297
7047942610
7047946236
7047949277
7047949815
7047954633
7047998026
7047998704
7048011487
7048020551
7048020640
7048025546
7048025711
7048025891
7048026445
7048038040
7048038047
7048056628
7048069971
7048070064
7048077945
7048078193
7048085135
7048120069
7048127630
7048127632
7048134495
7048176718
7048177079
7048178738
7048179230
7048181258
7048183375
7048189375
7048218918
7048475252
7048475379
7048481233
7048494038
7048494099
7048494105
7048531833
7048537282
7048538739
7048546280
7048546961
7048547177
7048566983
7048567147
7048568927
7048570230
7048573003
7048579169
7048594546
7048596245
7048602796
7048639621
7048640076
7048640723
7048641026
7048641192
7048641413
7048641701
7048641884
7048659704
7048675588
7048785155
7048786433
7048787249
7048789037
7048790280
7048790281
7048791503
7048801548
7049097021
7049097022
7049097029
7049097098
7049105066
7049113869
7049117221
7049117446
7049120249
7049124052
7049124055
7049254368
7049257912
7049258326
7049258352
7049260264
7049260399
7049260422
7049260679
7049260759
7049260770
7049309637
7049320379
7049369500
7049369808
7049371727
7049377285
7049377654
7049378285
7049378925
7049395268
7049395479
7049395710
7049406213
7049409004
7049409045
7049414059
7049414247
7049414254
7049414555
7049414603
7049419360
7049419376
7049419742
7049434562
7049435199
7049435363
7049437588
7049438189
7049446535
7049470857
7049515818
7049522793
7049561539
7049569385
7049586375
7049587368
7049598952
7049601201
7049643173
7049643299
7049643389
7049643440
7049647095
7049647096
7049647107
7049647108
7049647111
7049664050
7049779551
7049779606
7049822102
7049864513
7049870771
7049871063
7049873119
7049873334
7049873374
7049878455
7049935754
7049939550
7049945406
7049945530
7049945578
7049947879
7049959417
7049959418
7049959892
7049961168
7049961250
7049961256
7049961336
7049961340
7049961497
7049961548
7049961965
7049966467
7049966738
7049993044
7050000474
7050027261
7050049950
7050080258
7050081353
7050082392
7050082881
7050099290
7050099861
7050113018
7050115127
7050160342
7050265228
7050266760
7050299573
7050327066
7050362004
7050362081
7050367444
7050369616
7050380524
7050380595
7050381919
7050387699
7050388219
7050424845
7050455110
7050458154
7050458155
7050458156
7050458175
7050475254
7050488463
7050587500
7050592464
7050599332
7050610707
7050610742
7050613085
7050615225
7050615997
7050664808
7050664814
7050664817
7050664818
7050664822
7050694869
7050695352
7050695456
7050695672
7050695705
7050696028
7050713800
7050713992
7050737965
7050737983
7050738388
7050738610
7050758531
7050758724
7050981160
7050982915
7051040448
7051042591
7051043211
7051071173
7051177306
7051177541
7051223865
7051224583
7051224588
7051224775
7051255352
7051255792
7051258537
7051258700
7051258720
7051259036
7051267872
7051268163
7051269148
7051309094
7051310311
7051310415
7051310558
7051310662
7051311779
7051312656
7051323118
7051328014
7051328328
7051328777
7051329199
7051392924
7051393956
7051420665
7051439780
7051439786
7051454058
7051454764
7051456343
7051456989
7051462914
7051501523
7051501524
7051501525
7051501530
7051501540
7051511189
7051512847
7051520224
7051521686
7051581370
7051671818
7051730715
7051733089
7051734353
7051763670
7051765941
7051793171
7051793264
7051793400
7051793451
7051793521
7051793565
7051793622
7051793654
7051793660
7051793974
7051793990
7051801165
7051878271
7051943787
7051943831
7051943962
7051944046
7051944048
7051944138
7051944254
7051944281
7051945445
7051945592
7051956898
7051956915
7051957939
7051969618
7051970163
7051971180
7051972432
7051990341
7051990581
7051991664
7051991724
7051992840
7051992853
7051992881
7051992893
7051992898
7051992902
7051993809
7051994896
7051995197
7051995423
7052114437
7052129387
7052138355
7052138428
7052144281
7052147708
7052158496
7052172420
7052175583
7052175646
7052176911
7052177047
7052208541
7052208639
7052210204
7052210472
7052219602
7052219683
7052219779
7052219837
7052220381
7052220720
7052229009
7052236580
7052237020
7052259850
7052271664
7052306777
7052310435
7052312128
7052313548
7052327634
7052327642
7052327690
7052327726
7052383992
7052384280
7052433816
7052447289
7052465428
7052465545
7052465562
7052465589
7052465598
7052469874
7052541458
7052561708
7052562750
7052562753
7052562766
7052562770
7052562810
7052562826
7052562899
7052562922
7052563527
7052566009
7052566690
7052566898
7052566949
7052567038
7052568229
7052568459
7052575333
7052640576
7052640842
7052640998
7052641054
7052641346
7052642568
7052642906
7052643112
7052644947
7052644966
7052648585
7052650815
7052650857
7052655156
7052655346
7052678060
7052678166
7052678449
7052678561
7052678662
7052678666
7052681277
7052681278
7052681280
7052681282
7052681284
7052681286
7052681288
7052681292
7052681294
7052681297
7052681302
7052681304
7052681306
7052681308
7052681312
7052681316
7052681318
7052681322
7052681324
7052681326
7052681328
7052681330
7052681332
7052681334
7052681336
7052681341
7052681342
7052681381
7052681385
7052681389
7052681393
7052681405
7052681413
7052681421
7052681605
7052681609
7052681625
7052681641
7052681681
7052681685
7052681689
7052684752
7052705176
7052705548
7052705890
7052706328
7052708408
7052708548
7052709203
7052715184
7052751770
7052752942
7052753827
7052753829
7052753835
7052753850
7052755332
7052755390
7052755620
7052755646
7052755927
7052755971
7052755989
7052756089
7052759881
7052759955
7052761905
7052762033
7052765823
7052765860
7052766111
7052766215
7052767576
7052771951
7052772088
7052772545
7052776509
7052776765
7052776830
7052777090
7052819705
7052819817
7052819824
7052821561
7052821869
7052822221
7052832718
7052834454
7052837611
7052842082
7052853290
7052855405
7052858092
7052858761
7052858938
7052869723
7052875107
7052880743
7052911962
7053024170
7053024245
7053024250
7053024252
7053024254
7053024256
7053024260
7053024263
7053024265
7053024267
7053024270
7053058692
7053058714
7053058891
7053061685
7053063415
7053063450
7053063655
7053068340
7053076965
7053076966
7053076967
7053078586
7053078591
7053078595
7053078605
7053078636
7053078676
7053078704
7053078736
7053083051
7053127223
7053133119
7053133134
7053135217
7053188258
7053190044
7053191498
7053191864
7053191892
7053191979
7053196605
7053196801
7053197576
7053200721
7053201111
7053202225
7053204687
7053205638
7053208143
7053208249
7053208253
7053208260
7053208263
7053208395
7053208423
7053208427
7053208520
7053210742
7053210811
7053211110
7053211251
7053211480
7053211619
7053211656
7053215764
7053215829
7053215856
7053247231
7053247605
7053257640
7053266203
7053266426
7053266748
7053266836
7053269231
7053270878
7053273779
7053273847
7053273848
7053273854
7053273884
7053287952
7053296140
7053297006
7053302300
7053303903
7053316599
7053316613
7053316723
7053316823
7053317207
7053317272
7053319424
7053319503
7053320786
7053379706
7053380023
7053380057
7053380118
7053380223
7053385962
7053398551
7053406700
7053406865
7053408184
7053416511
7053442605
7053442659
7053449614
7053457323
7053457627
7053468127
7053468567
7053474924
7053476260
7053478789
7053480396
7053486986
7053488905
7053493615
7053493735
7053493784
7053493875
7053493889
7053494190
7053494649
7053494804
7053494861
7053494928
7053494934
7053505757
7053505787
7053506143
7053509094
7053564250
7053564411
7053564717
7053564722
7053564769
7053704298
7053708833
7053711646
7053713086
7053719978
7053721460
7053722122
7053746941
7053750027
7053750158
7053751395
7053751995
7053752058
7053754161
7053754217
7053764636
7053764640
7053764647
7053764704
7053764710
7053764712
7053764727
7053764731
7053764741
7053764750
7053764761
7053764774
7053764776
7053764777
7053764783
7053764808
7053764813
7053764821
7053771191
7053782079
7053782143
7053782157
7053782218
7053782268
7053782518
7053783847
7053787798
7053787886
7053787900
7053788000
7053788330
7053792647
7053792918
7053793465
7053793507
7053793523
7053915099
7053926326
7053968737
7053968921
7053969013
7053969182
7053970563
7053972267
7053972278
7053972332
7053972333
7053972340
7053972371
7053972393
7053972394
7053972396
7053972397
7053972398
7053972401
7053972405
7053972406
7053972409
7053972415
7053972417
7053972419
7053972421
7053972426
7053972427
7053972433
7053972437
7053972439
7053972443
7053972446
7053972448
7053972449
7053972450
7053972451
7053972452
7053972455
7053972456
7053972457
7053972461
7053972466
7053972467
7053972471
7053972472
7053972476
7053972480
7053972482
7053972483
7053972491
7053972492
7053972496
7053972497
7053972500
7053972503
7053972511
7053972512
7053972515
7053975246
7053994538
7053995898
7053998538
7054004962
7054173455
7054179068
7054179070
7054179071
7054179072
7054179074
7054179081
7054179082
7054179090
7054179098
7054179212
7054179218
7054179224
7054179234
7054179239
7054179300
7054179303
7054209962
7054376553
7054376753
7054455334
7054573948
7054654791
7054667720
7054672193
7054672194
7054705893
7054705981
7054706014
7054706035
7054706038
7054706042
7054706045
7054706049
7054706053
7054706056
7054706059
7054706062
7054706067
7054706070
7054706074
7054706085
7054706086
7054706088
7054706089
7054706090
7054706091
7054706093
7054706095
7054706097
7054706101
7054706108
7054706226
7054706237
7054706352
7054706484
7054706488
7054706695
7054706785
7054706906
7054929239
7054961467
7054961468
7054961469
7054961470
7054995737
7054998921
7054998924
7054998945
7054998954
7054999000
7054999458
7054999464
7054999481
7054999493
7054999518
7054999526
7054999539
7054999541
7054999544
7054999659
7055045122
7055045124
7055045125
7055045127
7055289619
7055415493
7055566529
7055566534
7055566535
7055566538
7055566540
7055566542
7055566543
7055566545
7055566547
7055566550
7055566552
7055566554
7055566555
7055566557
7055566559
7055566560
7055566563
7055566566
7055566573
7055566574
7055566576
7055566577
7055566578
7055566579
7055566581
7055566584
7055566585
7055566591
7055566593
7055566595
7055566598
7055568484
7055636594
7055680318
7055680346
7055680366
7055680406
7055680430
7055680433
7055680441
7055857341
7055857433
7055877644
7055952822
7055952971
7055954706
7055959416
7055959449
7055959480
7055959504
7055959512
7055959579
7055959580
7055959587
7055959610
7055959611
7055959613
7055959635
7055959645
7055959646
7055959677
7055959688
7055959708
7055959709
7055959710
7055959740
7055959771
7055959804
7055959826
7055959831
7055959838
7055959840
7055959904
7055959905
7055959936
7055959937
7055959999
7055960001
7055960017
7055960049
7055960070
7055960088
7055960094
7055960138
7055960162
7055960164
7055960184
7055960185
7055960205
7055960207
7055960237
7055960267
7055960271
7055960334
7055960460
7055960493
7055960525
7055960530
7055960620
7055960668
7055960669
7055960684
7055960689
7055960720
7055960724
7055960739
7055960743
7055960757
7055960760
7055960790
7055960818
7055960822
7055960854
7055960874
7055960886
7055960909
7055960919
7055960953
7055960986
7055960987
7055961012
7055961019
7055961021
7055961046
7055961054
7055961060
7055961061
7055961098
7055961109
7055961139
7055961159
7055961172
7055961174
7055961206
7055961212
7055961241
7055961269
7055961270
7055961271
7055961272
7055961290
7055961334
7055961337
7055961357
7055961404
7055961405
7055961407
7055961442
7055961476
7055961477
7055961492
7055961508
7055961515
7055961517
7055961549
7055961552
7055961555
7055961589
7055961612
7055961638
7055961659
7055961664
7055961684
7055961708
7055961711
7055961777
7055961816
7055961822
7055961854
7055961870
7055961884
7055961918
7055961943
7055961948
7055961951
7055961961
7055961982
7055961988
7055961990
7055962021
7055962061
7055962091
7055962114
7055962125
7055962126
7055962155
7055962157
7055962184
7055962191
7055962220
7055962224
7055962252
7055962259
7055962285
7055962318
7055962321
7055962351
7055962357
7055962407
7055962421
7055962452
7055962453
7055962456
7055962486
7055962487
7055962488
7055962489
7055962501
7055962520
7055962525
7055962557
7055962588
7055962610
7055962625
7055962657
7055963050
7055963187
7055966910
7055986262
7056026280
7056086622
7056157725
7056227288
7056227298
7056227299
7056227300
7056227301
7056227303
7056227304
7056227305
7056227306
7056227307
7056227309
7056227310
7056227314
7056227315
7056227319
7056227320
7056227358
7056227359
7056227365
7056227366
7056227369
7056227372
7056227373
7056227374
7056227376
7056227395
7056227440
7056227472
7056227499
7056227500
7056227501
7056243471
7056409604
7056428623
7056437813
7056438396
7056438397
7056443493
7056445045
7056469523
7056469695
7056469802
7056469878
7056469880
7056469966
7056470116
7056470183
7056470187
7056470216
7056470224
7056470251
7056470261
7056470284
7056470295
7056470321
7056470343
7056470359
7056470366
7056470408
7056470454
7056470477
7056470526
7056470592
7056471180
7056525869
7056534039
7056580393
7056580763
7056581156
7056581975
7056582242
7056582762
7056583057
7056584422
7056585127
7056585506
7056819951
7056820155
7056834783
7056863646
7056896869
7056897064
7056897083
7056897085
7056897105
7056897109
7056897116
7056897127
7056897130
7056897145
7056897146
7056897150
7056897161
7056897163
7056897169
7056897188
7056897197
7056897198
7056897199
7056897200
7056897204
7056897205
7056897206
7056897208
7056897213
7056897215
7056897220
7056897222
7056897251
7056897253
7056897258
7056897277
7056897284
7056897307
7056897308
7056897331
7056897339
7056959057
7057014125
7057017070
7057138491
7057142039
7057225314
7057226768
7057271429
7057271780
7057271861
7057271877
7057271915
7057271956
7057271962
7057271970
7057272021
7057272027
7057272028
7057272031
7057272032
7057272033
7057272034
7057272035
7057272036
7057272037
7057272038
7057272039
7057272040
7057272041
7057272042
7057272043
7057272044
7057272045
7057272048
7057272049
7057272051
7057272057
7057272106
7057272153
7057272459
7057272516
7057272519
7057272523
7057272545
7057272554
7057272557
7057272590
7057453432
7057495919
7057516014
7057522521
7057524859
7057574255
7057708133
7057951695
7057965420
7057965550
7057965572
7057965575
7057965586
7057965590
7057965620
7057965640
7057965645
7057965649
7057965655
7057965658
7057965680
7057965729
7057965747
7057965767
7057965775
7057965791
7057965797
7057965802
7057965817
7057965822
7057965823
7057965831
7057965849
7057965855
7057965974
7057966017
7057966030
7057966033
7057966037
7057966071
7057966079
7057966095
7057966103
7057966105
7057966131
7057966177
7057966190
7057966191
7057966193
7057966195
7057966196
7057966197
7057966198
7057966199
7057966200
7057966202
7057966204
7057966205
7057966206
7057966207
7057966208
7057966209
7057966210
7057966211
7057966212
7057966213
7057966214
7057966215
7057966217
7057966219
7057966220
7057966221
7057966222
7057966223
7057966226
7057966227
7057966228
7057966263
7057966274
7057966275
7057966279
7057966280
7057966281
7057966290
7057966304
7057966324
7057966332
7057966336
7057969228
7057982401
7057982402
7057982405
7057982409
7057982411
7057982415
7057982421
7057982425
7058028193
7058029423
7058144527
7058147063
7058244758
7058245796
7058264616
7058264625
7058264647
7058264664
7058264671
7058264683
7058264717
7058264718
7058264719
7058264723
7058264729
7058264744
7058264894
7058264899
7058264901
7058264909
7058264980
7058264988
7058264993
7058265013
7058265017
7058265124
7058265183
7058265184
7058265185
7058265186
7058265191
7058265192
7058265193
7058265194
7058265195
7058265196
7058265197
7058265198
7058265200
7058265201
7058265202
7058265203
7058265205
7058265207
7058265208
7058265214
7058265217
7058265219
7058265222
7058265224
7058265228
7058265230
7058265231
7058265232
7058265233
7058265234
7058265236
7058265237
7058265239
7058265240
7058265242
7058265243
7058265247
7058265249
7058265250
7058265251
7058265253
7058265254
7058265255
7058265256
7058265258
7058265260
7058265261
7058265263
7058265264
7058265265
7058265267
7058265268
7058265270
7058265275
7058265276
7058265277
7058265278
7058265279
7058265281
7058265282
7058265283
7058265285
7058265288
7058265294
7058265295
7058265297
7058265299
7058265300
7058265301
7058265304
7058265305
7058265307
7058265308
7058265311
7058265312
7058265313
7058265314
7058265316
7058265318
7058265320
7058265321
7058265322
7058265323
7058265324
7058265327
7058265328
7058265331
7058265333
7058265334
7058265335
7058265345
7058265347
7058265348
7058265349
7058265350
7058265351
7058265352
7058265354
7058265355
7058265356
7058265357
7058265358
7058265360
7058265362
7058265363
7058265364
7058265365
7058265366
7058265368
7058265375
7058265376
7058265377
7058265378
7058265379
7058265381
7058265382
7058265383
7058265385
7058265386
7058265387
7058265388
7058265389
7058265390
7058265392
7058265393
7058265396
7058265397
7058265399
7058265400
7058265401
7058265402
7058265403
7058265404
7058265405
7058265406
7058265407
7058265408
7058265409
7058266437
7058334537
7058445720
7058466216
7058471925
7058496466
7058498491
7058533246
7058536936
7058536944
7058536945
7058536952
7058536956
7058537099
7058537184
7058537187
7058597354
7058600125
7058609263
7058615743
7058721227
7058721273
7058735724
7058776785
7058776796
7058776797
7058776801
7058776806
7058776815
7058776824
7058776834
7058776841
7058776848
7058776866
7058776867
7058776874
7058776877
7058776888
7058776895
7058776904
7058776907
7058776930
7058776931
7058776957
7058776976
7058777005
7058777046
7058777070
7058777081
7058777122
7058777144
7058777155
7058777158
7058777202
7058777216
7058777220
7058777235
7058777258
7058777269
7058777274
7058777279
7058777294
7058777303
7058777366
7058777375
7058777407
7058777419
7058777448
7058777450
7058777460
7058777477
7058777485
7058777491
7058777508
7058777516
7058777582
7058778293
7058781697
7058793000
7058793023
7058793034
7058793062
7058793063
7058793075
7058793077
7058793087
7058793099
7058793109
7058793110
7058793132
7058793138
7058793147
7058793159
7058793164
7058793185
7058793196
7058793200
7058793210
7058793219
7058793220
7058793221
7058793222
7058793223
7058793224
7058793226
7058793227
7058793228
7058793242
7058793252
7058793261
7058793262
7058793264
7058793289
7058793290
7058793293
7058793294
7058793297
7058793301
7058793313
7058793316
7058793322
7058793323
7058793330
7058793333
7058793334
7058793335
7058793336
7058793337
7058793339
7058793340
7058793342
7058793344
7058793346
7058793347
7058793349
7058793350
7058793352
7058793353
7058793355
7058793356
7058793357
7058793358
7058793359
7058793360
7058793363
7058793365
7058793366
7058793367
7058793369
7058793370
7058793371
7058793372
7058793375
7058793377
7058793380
7058793382
7058793383
7058793385
7058793386
7058793387
7058793390
7058793391
7058793392
7058793393
7058793397
7058793400
7058793401
7058793403
7058793405
7058793406
7058793408
7058793409
7058793411
7058794900
7058863195
7059006296
7059006396
7059047887
7059048304
7059051364
7059054424
7059056275
7059062504
7059078423
7059082207
7059082247
7059082267
7059082326
7059082530
7059082616
7059082858
7059083004
7059083165
7059083347
7059083352
7059083358
7059083363
7059083368
7059083370
7059083373
7059083381
7059083385
7059083388
7059083396
7059083402
7059083413
7059083418
7059083428
7059083434
7059083440
7059083444
7059083447
7059083452
7059083459
7059083464
7059083470
7059083474
7059083478
7059083514
7059083521
7059083526
7059083529
7059083531
7059083537
7059083541
7059083550
7059083555
7059083559
7059083565
7059083570
7059083577
7059083583
7059083587
7059083592
7059083595
7059083600
7059083603
7059083607
7059083611
7059083625
7059083634
7059083639
7059083644
7059083652
7059083657
7059083664
7059083668
7059083672
7059083677
7059083681
7059083683
7059083686
7059083688
7059083691
7059083693
7059083697
7059083702
7059083717
7059083721
7059083738
7059083741
7059083747
7059083752
7059083755
7059083760
7059083765
7059083770
7059083775
7059083779
7059083785
7059083789
7059083795
7059083797
7059083801
7059083806
7059083810
7059083815
7059083843
7059083852
7059083859
7059083897
7059083901
7059083906
7059083909
7059083914
7059083919
7059083924
7059083950
7059084050
7059084243
7059084252
7059084258
7059084262
7059084286
7059084384
7059084514
7059084722
7059084829
7059084891
7059084929
7059084966
7059084980
7059085306
7059085315
7059085350
7059085493
7059085590
7059085724
7059085787
7059085823
7059085969
7059086130
7059086145
7059086381
7059086489
7059099789
7059099834
7059100231
7059130268
7059131580
7059135267
7059179928
7059278004
7059282004
7059293039
7059324684
7059333134
7059339726
7059378203
7059483164
7059504007
7059507773
7059508139
7059516406
7059530922
7059554705
7059557132
7059557316
7059559890
7059562353
7059576245
7059607216
7059607218
7059645947
7059689990
7059692373
7059692374
7059692375
7059692378
7059692380
7059692988
7059699176
7059699178
7059699180
7059699184
7059700308
7059700310
7059700312
7059700862
7059700863
7059700867
7059709572
7059709579
7059728419
7059734467
7059734498
7059734500
7059740011
7059740012
7059740014
7059740015
7059740016
7059740017
7059740018
7059740058
7059744204
7059744205
7059744206
7059744209
7059744210
7059778660
7059779747
7059779903
7059780010
7059782796
7059784121
7059788590
7059789979
7059791520
7059791542
7059791901
7059792129
7059792159
7059792330
7059792355
7059792446
7059792514
7059792520
7059792522
7059792524
7059792531
7059792532
7059792534
7059792536
7059792538
7059792540
7059792543
7059792545
7059792546
7059792547
7059792548
7059792550
7059792552
7059792553
7059792554
7059792555
7059792556
7059792558
7059792559
7059792560
7059792561
7059792563
7059792565
7059792566
7059792567
7059792568
7059792569
7059792570
7059792571
7059792572
7059792575
7059792576
7059792577
7059792578
7059792579
7059792582
7059792585
7059792586
7059792587
7059792588
7059792589
7059792590
7059792591
7059792592
7059792594
7059792595
7059792596
7059792597
7059792598
7059792599
7059792600
7059792601
7059792602
7059792603
7059792604
7059792605
7059792606
7059792607
7059792608
7059792610
7059792612
7059792613
7059792614
7059792615
7059792617
7059792618
7059792621
7059792622
7059792624
7059792626
7059792627
7059792628
7059792629
7059792630
7059792631
7059792632
7059792633
7059792634
7059792636
7059792637
7059792639
7059792640
7059792641
7059792642
7059792644
7059792645
7059792646
7059792649
7059792650
7059792651
7059792652
7059792653
7059792654
7059792655
7059792656
7059792657
7059792658
7059792659
7059792660
7059792661
7059792662
7059792665
7059792667
7059792668
7059792669
7059792671
7059792672
7059792673
7059792674
7059792675
7059792676
7059792677
7059792678
7059792679
7059792680
7059792681
7059792682
7059792683
7059792684
7059792685
7059792686
7059792687
7059792688
7059792690
7059792693
7059792694
7059792695
7059792697
7059792698
7059792699
7059792700
7059792701
7059792702
7059792703
7059792704
7059792705
7059792706
7059792707
7059792708
7059792709
7059792710
7059792711
7059792712
7059792713
7059792714
7059792715
7059792716
7059792717
7059792718
7059792719
7059792720
7059792721
7059792723
7059792725
7059792728
7059792730
7059792731
7059792732
7059792733
7059792734
7059792735
7059792736
7059792740
7059792741
7059792742
7059792743
7059792744
7059792746
7059792748
7059792749
7059792750
7059792751
7059792755
7059792759
7059792760
7059792764
7059792765
7059792766
7059792768
7059792769
7059792770
7059792773
7059792774
7059792775
7059792776
7059792777
7059792778
7059792781
7059792783
7059792785
7059792786
7059792790
7059792791
7059792792
7059792794
7059792795
7059792796
7059792797
7059792799
7059792800
7059792803
7059792805
7059792806
7059792807
7059792808
7059792809
7059792810
7059792813
7059792814
7059792816
7059792817
7059792818
7059792819
7059792820
7059792821
7059792822
7059792823
7059792824
7059792825
7059792826
7059792827
7059792828
7059792829
7059792830
7059792832
7059792834
7059792835
7059792838
7059792839
7059792841
7059792843
7059792846
7059792847
7059792848
7059792850
7059792851
7059792852
7059792853
7059792855
7059792857
7059792858
7059792859
7059792860
7059792861
7059792863
7059792864
7059792865
7059792866
7059792867
7059792868
7059792870
7059792871
7059792872
7059792873
7059792874
7059792876
7059792877
7059792878
7059792879
7059792880
7059792882
7059792883
7059792884
7059792885
7059792886
7059792888
7059792889
7059792891
7059792892
7059792893
7059792894
7059792896
7059792897
7059792899
7059792901
7059792902
7059792903
7059792908
7059792911
7059792912
7059792914
7059792916
7059792917
7059792919
7059792922
7059792923
7059792926
7059792927
7059792928
7059792929
7059792931
7059792933
7059792934
7059792935
7059792936
7059792940
7059792941
7059792942
7059792943
7059792945
7059792947
7059792948
7059792950
7059792952
7059792953
7059792955
7059792957
7059792960
7059792961
7059792962
7059792963
7059792964
7059792965
7059792966
7059792967
7059792968
7059792969
7059792970
7059792971
7059792972
7059792974
7059792977
7059792981
7059792982
7059793023
7059793025
7059793027
7059793030
7059793035
7059793036
7059793047
7059793048
7059793055
7059793056
7059793061
7059793067
7059793080
7059793082
7059793084
7059793085
7059793086
7059793087
7059793091
7059793093
7059793101
7059793103
7059793104
7059793105
7059793107
7059793110
7059793111
7059793114
7059793123
7059793125
7059793129
7059793131
7059793132
7059793135
7059793138
7059793139
7059793144
7059793145
7059793147
7059793155
7059793156
7059794903
7059846691
7059966295
7059973965
7059976145
7060014990
7060030730
7060038665
7060050343
7060050407
7060050870
7060050893
7060051060
7060051066
7060051170
7060051199
7060051202
7060051324
7060051366
7060051388
7060051421
7060051442
7060051444
7060051445
7060051446
7060051447
7060051448
7060051449
7060051455
7060051456
7060051457
7060051460
7060051461
7060051462
7060051463
7060051465
7060051467
7060051468
7060051469
7060051471
7060051473
7060051474
7060051475
7060051477
7060051481
7060051482
7060051483
7060051485
7060051486
7060051487
7060051489
7060051492
7060051495
7060051496
7060051497
7060051498
7060051499
7060051500
7060051501
7060051502
7060051503
7060051504
7060051505
7060051507
7060051508
7060051509
7060051511
7060051512
7060051513
7060051514
7060051515
7060051516
7060051517
7060051519
7060051521
7060051526
7060051527
7060051528
7060051529
7060051530
7060051531
7060051532
7060051533
7060051534
7060051536
7060051537
7060051539
7060051540
7060051543
7060051544
7060051545
7060051546
7060051547
7060051548
7060051549
7060051550
7060051551
7060051553
7060051555
7060051556
7060051557
7060051558
7060051559
7060051560
7060051561
7060051562
7060051563
7060051565
7060051568
7060051569
7060051570
7060051571
7060051573
7060051574
7060051575
7060051579
7060051580
7060051582
7060051584
7060051585
7060051586
7060051589
7060051591
7060051592
7060051593
7060051594
7060051595
7060051596
7060051597
7060051598
7060051599
7060051600
7060051603
7060051604
7060051605
7060051606
7060051607
7060051609
7060051611
7060051613
7060051614
7060051617
7060051618
7060051619
7060051620
7060051622
7060051623
7060051624
7060051625
7060051626
7060051627
7060051628
7060051629
7060051631
7060051633
7060051634
7060051638
7060051639
7060051640
7060051641
7060051642
7060051644
7060051645
7060051646
7060051648
7060051649
7060051650
7060051651
7060051652
7060051653
7060051654
7060051655
7060051656
7060051657
7060051659
7060051661
7060051662
7060051663
7060051664
7060051665
7060051666
7060051668
7060051672
7060051673
7060051674
7060051676
7060051677
7060051679
7060051680
7060051681
7060051682
7060051683
7060051684
7060051688
7060051691
7060051696
7060051697
7060051698
7060051699
7060051700
7060051702
7060051703
7060051704
7060051711
7060051712
7060051715
7060051716
7060051721
7060051722
7060051723
7060051724
7060051726
7060051727
7060051728
7060051730
7060051731
7060051732
7060051733
7060051734
7060051735
7060051736
7060051738
7060051740
7060051741
7060051742
7060051743
7060051744
7060051746
7060051749
7060051750
7060051751
7060051754
7060051755
7060051756
7060051757
7060051758
7060051760
7060051761
7060051764
7060051765
7060051766
7060051767
7060051769
7060051770
7060051771
7060051772
7060051773
7060051782
7060051783
7060051784
7060051785
7060051787
7060051793
7060051794
7060051795
7060051797
7060051798
7060051799
7060051800
7060051801
7060051803
7060051804
7060051805
7060051809
7060051812
7060051813
7060051815
7060051822
7060051823
7060051825
7060051829
